<number of tasks>
111
<number of stations>
14
<type of the robots>
4
<cost of the robots>
9.64
15.40
18.34
19.27
<task times>
1 1960 3920 10000 10000 10000 1372 1274 10000 1078
2 1715 10000 3002 10000 10000 10000 1115 10000 10000
3 735 10000 10000 10000 10000 10000 478 10000 405
4 1715 3430 10000 10000 2144 1201 10000 10000 944
5 490 10000 10000 735 10000 10000 10000 294 270
6 1225 10000 10000 1838 10000 10000 10000 735 674
7 169 338 10000 10000 10000 119 10000 10000 93
8 2252 4504 10000 10000 10000 1577 10000 10000 10000
9 1225 10000 2144 10000 1532 858 797 735 674
10 2319 4638 10000 10000 10000 1624 10000 10000 10000
11 1715 3430 10000 10000 10000 1201 10000 10000 944
12 980 10000 1715 10000 1225 686 637 10000 539
13 735 10000 10000 10000 10000 10000 10000 441 10000
14 2281 10000 10000 10000 2852 10000 10000 10000 1255
15 2750 10000 10000 10000 10000 10000 10000 10000 10000
16 77 154 10000 116 97 54 10000 47 43
17 89 10000 156 134 10000 10000 58 54 10000
18 51 10000 10000 77 10000 36 10000 31 10000
19 364 10000 637 10000 455 10000 237 10000 201
20 405 810 10000 10000 507 284 10000 243 223
21 3060 10000 10000 4590 10000 10000 10000 1836 1683
22 125 10000 10000 10000 10000 10000 10000 10000 10000
23 3429 10000 10000 10000 10000 10000 10000 2058 10000
24 43 10000 76 10000 10000 31 28 10000 24
25 3430 10000 6003 10000 10000 10000 2230 2058 10000
26 1960 3920 10000 2940 10000 1372 10000 1176 10000
27 29 10000 10000 10000 10000 21 10000 18 10000
28 27 10000 10000 10000 10000 10000 10000 17 10000
29 15 10000 27 10000 10000 11 10 10000 9
30 121 242 212 10000 152 85 79 10000 67
31 1715 10000 10000 10000 10000 10000 1115 10000 10000
32 2127 10000 10000 10000 10000 10000 1383 1277 10000
33 1470 2940 10000 10000 10000 1029 10000 10000 10000
34 4037 10000 7065 10000 10000 10000 2625 2423 10000
35 68 10000 10000 10000 10000 48 45 10000 10000
36 62 10000 10000 10000 10000 44 10000 10000 35
37 42 10000 74 10000 10000 10000 28 26 24
38 364 10000 10000 10000 10000 10000 237 219 201
39 4998 10000 10000 10000 6248 10000 10000 10000 2749
40 1470 2940 10000 10000 10000 1029 10000 882 10000
41 2963 10000 5186 10000 10000 2075 1926 1778 1630
42 5689 10000 10000 10000 10000 10000 3698 10000 10000
43 68 10000 10000 10000 10000 10000 10000 41 38
44 18 10000 32 10000 10000 13 12 11 10000
45 10 10000 10000 10000 10000 10000 10000 10000 10000
46 81 10000 10000 10000 10000 57 53 49 45
47 5200 10000 10000 10000 6500 10000 10000 3120 2860
48 39 10000 10000 10000 10000 10000 10000 10000 10000
49 67 10000 118 101 10000 10000 44 41 10000
50 27 10000 10000 10000 10000 10000 10000 10000 15
51 15 10000 10000 10000 10000 10000 10000 10000 10000
52 121 10000 212 10000 10000 10000 79 73 67
53 58 10000 102 10000 10000 41 38 10000 32
54 1715 3430 3002 2573 2144 1201 1115 1029 944
55 125 10000 219 10000 10000 10000 82 10000 10000
56 4010 10000 10000 10000 10000 10000 2607 10000 2206
57 1470 2940 10000 2205 10000 1029 956 882 10000
58 1470 10000 10000 10000 10000 10000 10000 10000 10000
59 2303 10000 10000 10000 2879 10000 1497 10000 1267
60 1960 10000 3430 10000 10000 10000 1274 10000 1078
61 2205 10000 10000 10000 2757 10000 10000 1323 1213
62 4018 10000 10000 10000 10000 10000 10000 2411 2210
63 2744 10000 10000 10000 3430 10000 1784 10000 1510
64 2999 5998 5249 4499 10000 2100 1950 1800 10000
65 735 1470 10000 10000 10000 515 478 10000 10000
66 735 10000 10000 10000 10000 10000 478 10000 10000
67 735 10000 10000 10000 10000 10000 10000 10000 405
68 735 10000 10000 1103 10000 515 478 441 10000
69 545 10000 10000 10000 10000 10000 10000 10000 300
70 3386 6772 10000 10000 4233 2371 10000 2032 1863
71 3234 10000 10000 4851 10000 10000 2103 1941 1779
72 2205 4410 10000 3308 2757 1544 10000 1323 1213
73 2206 4412 10000 10000 10000 1545 10000 10000 10000
74 490 10000 10000 10000 10000 10000 319 294 10000
75 825 1650 10000 1238 10000 578 10000 495 10000
76 3528 10000 10000 10000 10000 10000 2294 10000 10000
77 3568 10000 10000 5352 10000 10000 10000 2141 1963
78 1200 10000 10000 10000 10000 10000 10000 10000 660
79 618 10000 1082 10000 10000 10000 402 10000 10000
80 1470 10000 2573 2205 10000 1029 956 882 10000
81 1715 10000 10000 10000 10000 10000 10000 10000 10000
82 735 10000 10000 10000 919 10000 478 10000 405
83 1960 10000 10000 2940 10000 10000 10000 1176 1078
84 2889 10000 10000 4334 10000 2023 1878 1734 10000
85 618 10000 10000 927 10000 10000 10000 371 10000
86 490 10000 10000 10000 10000 10000 319 10000 10000
87 735 10000 10000 10000 10000 515 10000 10000 10000
88 490 980 10000 10000 613 343 10000 10000 270
89 921 10000 10000 10000 1152 645 599 10000 507
90 326 10000 10000 10000 10000 10000 10000 10000 10000
91 5390 10780 9433 8085 10000 3773 3504 3234 10000
92 243 10000 10000 365 10000 10000 158 146 10000
93 371 10000 10000 10000 464 10000 10000 10000 205
94 58 10000 102 10000 73 41 38 35 32
95 5059 10000 8854 7589 10000 10000 3289 3036 2783
96 1225 10000 10000 1838 10000 10000 797 735 674
97 769 10000 10000 10000 10000 10000 10000 462 423
98 768 10000 1344 10000 10000 538 500 461 10000
99 1670 10000 10000 2505 10000 10000 10000 1002 10000
100 1670 10000 2923 10000 10000 10000 1086 1002 10000
101 490 10000 10000 10000 10000 343 10000 294 270
102 202 10000 354 10000 253 10000 132 10000 112
103 203 10000 356 305 254 10000 132 122 112
104 202 404 354 10000 10000 142 132 122 10000
105 2744 10000 4802 10000 10000 10000 1784 10000 1510
106 162 10000 10000 10000 10000 114 10000 98 90
107 324 10000 10000 486 10000 10000 211 195 10000
108 162 10000 284 10000 203 114 106 98 90
109 121 10000 10000 10000 152 10000 10000 10000 67
110 162 10000 10000 10000 10000 10000 10000 10000 10000
111 91 182 10000 10000 10000 64 10000 55 51
<precedence relations>
1,2
2,3
3,4
4,5
4,6
4,7
4,8
4,9
4,10
5,39
6,39
7,83
8,71
9,32
10,11
10,12
11,13
11,14
11,15
11,16
11,17
11,18
11,19
11,20
11,21
12,13
12,14
12,15
12,16
12,17
12,18
12,19
12,20
12,21
13,71
14,22
14,23
14,24
14,25
15,26
16,27
17,28
18,29
19,30
20,91
21,111
22,31
22,83
23,32
23,33
24,69
24,70
25,34
26,82
27,35
28,36
29,37
30,38
31,39
32,41
33,111
34,42
35,43
36,44
36,91
37,45
37,91
38,46
38,91
39,40
40,111
41,69
41,70
42,47
43,48
43,49
44,50
45,51
46,52
47,54
47,55
47,56
47,57
47,58
47,59
47,60
48,53
49,91
50,111
51,111
52,111
53,111
54,69
54,70
55,61
55,62
55,63
56,63
56,64
57,65
57,91
58,66
58,91
59,67
59,91
60,68
60,91
61,69
61,70
62,71
63,111
64,72
65,111
66,111
67,111
68,111
69,77
69,78
70,73
71,91
72,74
73,75
74,76
75,77
75,78
75,79
76,80
76,81
76,82
77,83
78,84
79,85
80,86
80,91
81,87
81,91
82,111
83,91
84,88
84,89
84,91
85,111
86,111
87,90
88,105
89,105
90,111
91,92
91,93
91,94
92,95
93,95
94,95
95,96
95,97
95,98
95,99
95,100
95,104
96,101
97,102
98,103
99,111
100,111
101,105
102,106
102,107
103,107
103,108
104,111
105,111
106,109
107,111
108,110
109,111
110,111
<end>