<number of tasks>
148
<number of stations>
14
<type of the robots>
4
<cost of the robots>
10.19
13.03
18.08
19.11
<task times>
1 16 10000 28 10000 10000 10000 11 10000 9
2 30 10000 10000 10000 38 21 10000 10000 17
3 7 10000 10000 10000 10000 10000 10000 10000 4
4 47 10000 10000 71 10000 10000 10000 29 10000
5 29 10000 10000 10000 37 10000 10000 10000 16
6 8 10000 10000 10000 10000 6 10000 5 5
7 39 10000 10000 59 10000 10000 10000 24 10000
8 37 10000 10000 10000 10000 26 10000 10000 21
9 32 10000 10000 10000 10000 10000 10000 20 18
10 29 10000 51 44 10000 10000 19 18 16
11 17 10000 10000 10000 22 10000 10000 10000 10
12 11 10000 20 17 10000 8 8 7 7
13 32 64 10000 10000 10000 23 10000 10000 18
14 15 10000 27 10000 10000 10000 10 10000 10000
15 53 10000 10000 10000 67 10000 35 10000 30
16 53 10000 10000 10000 67 10000 10000 10000 30
17 8 10000 10000 10000 10 10000 10000 10000 5
18 24 10000 10000 10000 10000 10000 10000 10000 10000
19 24 10000 10000 10000 10000 17 16 15 10000
20 8 10000 10000 10000 10000 10000 10000 10000 10000
21 7 10000 10000 11 10000 10000 5 5 10000
22 8 16 14 10000 10000 6 6 10000 5
23 14 10000 10000 21 18 10 10000 9 8
24 13 10000 10000 10000 10000 10000 10000 10000 10000
25 10 20 10000 10000 10000 7 7 10000 10000
26 25 10000 10000 10000 10000 18 17 10000 10000
27 11 10000 10000 10000 10000 10000 10000 10000 7
28 25 10000 10000 10000 32 10000 10000 10000 14
29 11 10000 20 17 10000 10000 8 7 7
30 29 10000 51 10000 10000 10000 19 10000 10000
31 25 10000 10000 10000 10000 10000 17 15 14
32 10 20 10000 15 10000 7 10000 6 10000
33 14 10000 10000 21 10000 10000 10000 9 8
34 41 10000 72 10000 10000 10000 27 25 10000
35 42 10000 74 10000 10000 10000 28 26 10000
36 47 10000 10000 10000 10000 10000 10000 29 26
37 7 10000 10000 10000 10000 10000 10000 5 10000
38 80 10000 10000 10000 10000 10000 10000 48 10000
39 7 10000 10000 11 10000 10000 10000 5 10000
40 41 82 10000 62 10000 29 10000 25 23
41 47 94 10000 71 59 33 10000 29 26
42 16 10000 10000 10000 10000 10000 10000 10 9
43 32 10000 10000 48 40 10000 10000 20 18
44 66 10000 10000 10000 10000 10000 10000 40 10000
45 80 160 10000 10000 10000 56 10000 10000 10000
46 7 10000 10000 11 9 10000 10000 5 4
47 41 82 10000 10000 10000 29 10000 10000 23
48 13 10000 10000 10000 10000 10 9 10000 10000
49 47 10000 10000 71 10000 10000 31 29 26
50 33 10000 58 10000 10000 10000 22 10000 19
51 34 10000 10000 51 10000 24 10000 21 10000
52 11 10000 20 17 10000 8 8 7 10000
53 118 10000 207 10000 10000 10000 77 71 10000
54 25 10000 10000 10000 10000 18 10000 10000 14
55 7 10000 10000 11 10000 5 10000 5 10000
56 28 10000 10000 10000 10000 10000 10000 17 16
57 12 10000 10000 10000 15 10000 10000 10000 7
58 52 10000 10000 10000 10000 10000 34 10000 29
59 14 28 10000 10000 18 10 10000 10000 8
60 3 6 10000 10000 10000 3 2 2 10000
61 3 10000 10000 10000 4 10000 10000 2 2
62 8 10000 10000 10000 10000 10000 10000 10000 10000
63 16 10000 28 10000 10000 10000 11 10000 10000
64 33 10000 10000 10000 42 10000 10000 20 19
65 8 10000 14 10000 10000 10000 6 10000 10000
66 18 10000 32 27 23 10000 12 11 10
67 10 10000 10000 10000 10000 10000 10000 6 6
68 14 28 10000 10000 10000 10 10 10000 10000
69 28 10000 10000 10000 10000 10000 10000 17 10000
70 11 10000 10000 17 14 10000 10000 7 7
71 118 10000 10000 10000 10000 83 77 10000 65
72 25 10000 10000 10000 10000 18 10000 10000 10000
73 40 80 70 10000 10000 28 26 10000 22
74 40 10000 10000 10000 10000 28 26 10000 10000
75 101 10000 10000 10000 10000 71 10000 61 10000
76 5 10000 10000 10000 10000 10000 10000 10000 3
77 28 10000 49 10000 10000 10000 19 10000 10000
78 8 10000 10000 10000 10 10000 10000 5 5
79 281 562 492 422 10000 197 183 169 10000
80 7 10000 10000 10000 10000 5 10000 10000 10000
81 26 10000 46 39 33 10000 17 16 15
82 10 10000 10000 10000 10000 10000 7 6 6
83 21 10000 10000 32 10000 15 10000 13 10000
84 26 10000 46 10000 33 10000 17 10000 15
85 20 10000 10000 30 10000 10000 10000 12 10000
86 21 10000 10000 32 27 10000 10000 13 12
87 47 10000 83 10000 59 33 31 10000 26
88 23 10000 10000 10000 29 10000 10000 10000 13
89 13 10000 10000 20 10000 10000 10000 8 8
90 19 10000 10000 10000 10000 10000 10000 10000 10000
91 115 10000 10000 173 10000 81 75 69 10000
92 35 70 10000 10000 10000 25 10000 21 20
93 26 10000 46 39 10000 10000 17 16 15
94 46 10000 81 69 10000 10000 30 28 26
95 20 10000 10000 10000 25 10000 13 10000 11
96 31 10000 10000 10000 10000 10000 21 19 18
97 19 10000 10000 10000 10000 10000 13 12 11
98 34 10000 10000 10000 10000 24 10000 21 19
99 51 10000 10000 10000 10000 10000 10000 10000 10000
100 39 10000 10000 10000 10000 28 26 24 10000
101 30 10000 10000 45 10000 10000 20 18 10000
102 26 10000 46 10000 10000 19 17 10000 10000
103 13 10000 10000 10000 10000 10000 10000 10000 8
104 45 10000 10000 10000 10000 10000 30 10000 25
105 58 10000 102 87 73 10000 38 35 32
106 28 10000 10000 42 35 20 19 17 16
107 8 10000 10000 10000 10000 10000 6 10000 5
108 383 10000 10000 10000 10000 10000 249 10000 10000
109 40 10000 10000 60 50 10000 10000 24 22
110 34 10000 10000 51 10000 10000 10000 21 10000
111 23 10000 41 35 10000 10000 15 14 13
112 162 10000 10000 10000 10000 10000 106 98 10000
113 11 22 10000 10000 14 8 8 7 7
114 19 38 10000 10000 10000 14 13 12 11
115 14 28 10000 10000 18 10 10 9 8
116 31 62 10000 10000 39 22 10000 19 18
117 32 10000 10000 10000 40 23 10000 10000 18
118 26 10000 10000 10000 10000 10000 17 10000 10000
119 55 10000 10000 10000 10000 10000 10000 10000 31
120 31 10000 55 10000 10000 10000 21 10000 10000
121 32 10000 10000 10000 10000 10000 10000 20 18
122 26 10000 10000 39 10000 10000 10000 16 10000
123 19 38 10000 10000 10000 14 13 10000 10000
124 14 10000 10000 21 10000 10000 10000 9 10000
125 19 38 10000 10000 10000 14 10000 10000 11
126 48 10000 10000 10000 10000 10000 32 29 27
127 55 10000 97 83 10000 10000 36 33 10000
128 8 10000 10000 10000 10000 10000 6 10000 5
129 11 10000 10000 17 10000 8 10000 7 10000
130 27 54 10000 10000 10000 19 18 10000 15
131 18 10000 10000 27 10000 13 10000 11 10000
132 36 72 10000 10000 10000 26 24 22 10000
133 23 46 10000 10000 10000 17 10000 10000 10000
134 20 10000 10000 10000 10000 14 10000 12 10000
135 46 10000 10000 10000 10000 10000 30 10000 10000
136 64 10000 112 10000 80 10000 42 10000 36
137 22 44 39 10000 10000 16 15 10000 10000
138 15 10000 10000 10000 10000 10000 10000 9 10000
139 34 10000 10000 10000 43 10000 23 10000 19
140 22 44 39 33 10000 16 15 14 13
141 151 10000 10000 10000 189 10000 10000 91 84
142 148 10000 10000 10000 185 10000 97 89 82
143 64 10000 10000 10000 10000 10000 10000 39 36
144 170 10000 298 10000 10000 10000 111 102 94
145 137 274 240 10000 10000 96 90 10000 10000
146 64 10000 112 10000 10000 10000 42 10000 10000
147 78 10000 137 10000 10000 10000 51 10000 10000
148 78 10000 10000 10000 10000 10000 51 10000 10000
<precedence relations>
1,5
1,6
1,7
1,8
2,3
3,4
3,5
3,6
3,7
4,8
5,14
6,9
7,14
8,10
9,14
10,14
11,12
12,13
14,15
14,16
15,17
16,17
17,18
17,19
18,20
19,20
20,21
20,22
20,23
20,24
21,25
21,26
21,27
21,28
22,25
22,26
22,27
22,28
23,25
23,26
23,27
23,28
24,25
24,26
24,27
24,28
25,29
26,29
27,29
28,29
29,31
31,36
32,34
33,35
34,36
35,36
36,37
37,38
37,45
38,39
39,40
40,41
40,48
40,54
42,43
43,44
45,46
46,47
47,48
47,49
47,54
50,51
51,53
51,69
52,53
54,55
54,72
54,76
54,89
54,90
55,133
56,73
57,82
58,86
58,88
59,75
59,89
61,62
62,63
63,67
64,65
64,71
64,72
65,66
65,99
66,67
67,68
68,95
68,98
69,79
70,71
72,134
73,86
73,88
73,89
73,90
73,96
74,75
75,90
75,97
76,77
77,78
78,82
79,80
79,85
79,143
79,146
80,81
81,82
82,83
83,84
84,106
86,87
90,111
91,105
92,135
95,101
96,104
98,101
99,100
100,101
101,102
101,103
102,127
103,127
105,119
106,107
107,108
108,109
109,110
111,112
112,113
113,114
113,116
113,120
113,123
113,128
114,115
115,125
116,117
117,118
118,126
120,121
121,122
122,126
123,124
124,125
128,129
129,130
130,131
130,137
132,135
133,135
134,135
135,136
138,139
139,140
141,142
142,143
142,146
142,147
142,148
144,145
145,147
145,148
<end>