<number of tasks>
25
<number of stations>
5
<type of the robots>
4
<cost of the robots>
10.35
15.15
19.18
23.51
<task times>
1 4 10000 10000 10000 10000 10000 10000 10000 10000
2 3 10000 10000 10000 10000 10000 10000 2 2
3 9 10000 16 10000 10000 10000 6 10000 5
4 5 10000 9 10000 7 10000 4 10000 3
5 9 10000 10000 14 12 10000 10000 6 5
6 4 10000 10000 6 10000 10000 10000 3 3
7 8 10000 10000 12 10000 10000 6 5 5
8 7 14 10000 10000 9 5 10000 10000 4
9 5 10000 10000 10000 10000 10000 4 3 10000
10 1 2 10000 10000 10000 1 10000 10000 1
11 3 10000 6 5 10000 10000 2 2 2
12 1 10000 10000 10000 10000 10000 10000 10000 10000
13 5 10 10000 10000 10000 4 4 10000 10000
14 3 10000 10000 10000 10000 3 2 10000 10000
15 5 10000 10000 10000 10000 10000 10000 10000 10000
16 3 10000 6 10000 4 3 2 10000 2
17 13 10000 10000 20 10000 10000 9 8 10000
18 5 10 10000 10000 10000 4 10000 10000 10000
19 2 4 10000 10000 10000 2 10000 10000 10000
20 3 10000 10000 5 4 10000 2 2 2
21 7 10000 10000 10000 10000 10000 5 5 10000
22 5 10000 9 10000 10000 4 4 3 3
23 3 10000 6 10000 4 10000 2 10000 2
24 8 10000 14 10000 10000 10000 6 10000 10000
25 4 10000 7 6 10000 3 3 3 10000
<precedence relations>
1,3
2,3
3,4
4,5
4,8
5,6
6,7
6,10
7,11
7,12
8,9
8,11
9,10
9,13
11,13
12,15
13,14
14,16
14,19
14,20
15,17
15,22
16,18
17,18
17,23
18,25
19,22
20,21
20,25
21,22
21,24
23,25
<end>