<number of tasks>
28
<number of stations>
5
<type of the robots>
4
<cost of the robots>
9.24
14.11
19.57
25.18
<task times>
1 72 10000 10000 10000 10000 10000 10000 10000 40
2 2 10000 10000 10000 10000 10000 10000 10000 10000
3 3 10000 10000 10000 4 3 10000 2 2
4 107 10000 10000 10000 134 10000 70 10000 59
5 21 10000 10000 10000 10000 10000 10000 10000 10000
6 3 10000 10000 10000 10000 3 10000 10000 2
7 8 16 10000 12 10000 6 10000 5 5
8 17 10000 30 10000 10000 10000 12 10000 10
9 67 134 10000 101 10000 47 44 41 10000
10 47 10000 83 10000 10000 10000 31 29 10000
11 8 10000 14 12 10 10000 6 5 5
12 97 10000 170 10000 122 10000 64 59 54
13 8 10000 10000 10000 10000 6 6 10000 10000
14 5 10000 9 10000 10000 10000 4 10000 3
15 52 10000 91 10000 65 10000 34 10000 29
16 108 10000 189 162 135 76 71 65 60
17 19 10000 10000 10000 24 14 10000 10000 11
18 21 10000 10000 10000 10000 10000 14 10000 12
19 53 106 10000 80 10000 38 10000 32 10000
20 31 10000 10000 10000 10000 10000 21 19 10000
21 62 10000 10000 10000 10000 10000 10000 38 10000
22 17 10000 10000 10000 10000 12 10000 11 10
23 27 10000 48 10000 10000 10000 18 17 10000
24 1 10000 2 10000 10000 1 1 10000 10000
25 6 10000 11 10000 10000 5 4 4 4
26 33 10000 10000 10000 10000 10000 10000 20 19
27 59 10000 104 89 10000 42 39 36 33
28 70 10000 10000 10000 10000 10000 10000 42 10000
<precedence relations>
1,2
1,4
1,6
1,7
1,8
1,9
1,11
1,12
1,13
1,14
1,15
1,24
1,25
1,26
2,3
3,28
4,5
5,28
6,28
7,28
8,28
9,10
10,28
11,22
12,27
13,16
14,18
15,16
16,17
17,19
18,19
19,20
20,21
21,28
22,23
23,27
24,28
25,28
26,28
<end>