<number of tasks>
297
<number of stations>
26
<type of the robots>
4
<cost of the robots>
9.66
15.41
17.58
19.89
<task times>
1 270 10000 10000 10000 338 10000 176 162 149
2 270 10000 473 10000 10000 10000 176 10000 149
3 130 10000 10000 10000 10000 91 10000 10000 10000
4 148 10000 10000 10000 10000 10000 10000 10000 82
5 190 10000 10000 10000 238 10000 10000 10000 105
6 293 10000 10000 10000 10000 10000 10000 176 10000
7 348 10000 609 10000 10000 10000 227 10000 192
8 182 364 10000 273 10000 128 10000 110 101
9 490 10000 10000 10000 10000 10000 319 294 270
10 212 424 371 10000 265 149 138 10000 117
11 248 10000 10000 10000 10000 10000 10000 149 10000
12 248 10000 434 372 10000 10000 162 149 10000
13 248 10000 434 10000 10000 10000 162 10000 10000
14 248 10000 434 10000 10000 10000 162 10000 137
15 248 496 10000 10000 10000 174 10000 10000 137
16 268 10000 10000 10000 335 10000 10000 10000 148
17 268 10000 10000 402 10000 10000 10000 161 148
18 268 10000 10000 10000 335 10000 10000 10000 148
19 288 10000 10000 10000 10000 10000 10000 173 10000
20 248 10000 10000 10000 10000 10000 10000 149 137
21 268 10000 10000 10000 10000 10000 10000 161 10000
22 60 10000 10000 10000 10000 10000 10000 10000 10000
23 268 10000 10000 10000 335 10000 10000 10000 148
24 240 10000 10000 10000 10000 10000 10000 144 10000
25 240 480 10000 10000 300 168 10000 10000 132
26 171 342 10000 10000 10000 120 112 10000 95
27 490 10000 10000 10000 613 10000 10000 294 270
28 182 10000 10000 10000 10000 10000 10000 10000 10000
29 170 10000 298 10000 10000 10000 111 102 94
30 306 10000 10000 10000 10000 10000 10000 10000 10000
31 108 10000 189 162 10000 10000 71 65 60
32 248 10000 10000 10000 310 10000 10000 10000 137
33 190 380 333 10000 10000 133 124 114 10000
34 240 10000 10000 360 10000 10000 156 144 10000
35 339 10000 10000 10000 10000 10000 10000 10000 187
36 288 10000 10000 10000 10000 202 10000 10000 10000
37 248 10000 10000 10000 10000 10000 10000 149 10000
38 455 910 797 10000 10000 319 296 10000 251
39 268 10000 10000 10000 10000 10000 175 10000 10000
40 270 10000 10000 405 10000 10000 10000 162 10000
41 180 360 10000 10000 10000 126 117 108 10000
42 121 10000 10000 182 10000 10000 79 73 10000
43 270 10000 10000 10000 10000 10000 176 10000 10000
44 440 10000 10000 10000 10000 10000 286 10000 10000
45 249 10000 10000 10000 10000 10000 10000 150 10000
46 194 10000 10000 10000 10000 10000 10000 10000 107
47 162 324 10000 10000 10000 114 106 10000 10000
48 130 10000 10000 195 10000 10000 10000 78 10000
49 388 10000 679 10000 485 10000 253 10000 214
50 90 10000 10000 10000 10000 10000 10000 10000 50
51 212 424 10000 318 10000 149 138 128 10000
52 246 492 10000 369 308 173 10000 148 136
53 188 10000 10000 10000 10000 10000 123 10000 104
54 270 10000 10000 10000 10000 10000 10000 10000 149
55 160 10000 10000 10000 10000 10000 10000 96 10000
56 79 10000 10000 10000 10000 10000 10000 48 10000
57 466 10000 10000 10000 10000 10000 303 280 257
58 240 10000 10000 10000 10000 10000 156 144 10000
59 137 10000 10000 206 172 96 90 83 76
60 184 10000 10000 10000 10000 10000 10000 111 10000
61 110 10000 10000 10000 138 10000 10000 10000 61
62 275 10000 10000 10000 10000 10000 179 10000 152
63 149 10000 10000 10000 10000 10000 97 10000 82
64 280 10000 10000 420 350 10000 182 168 154
65 119 10000 10000 10000 10000 84 10000 72 10000
66 184 10000 10000 10000 10000 10000 10000 111 10000
67 140 10000 245 10000 175 10000 91 10000 77
68 150 10000 10000 10000 10000 105 98 10000 83
69 190 10000 10000 10000 238 10000 124 114 105
70 150 300 10000 225 10000 105 10000 90 83
71 150 10000 10000 10000 10000 10000 10000 90 10000
72 284 10000 10000 426 10000 10000 185 171 10000
73 192 10000 10000 10000 10000 10000 125 10000 10000
74 347 10000 10000 10000 10000 10000 10000 209 191
75 232 10000 10000 10000 290 10000 10000 10000 128
76 140 10000 245 10000 175 10000 91 10000 77
77 608 10000 10000 912 10000 10000 10000 365 335
78 80 10000 140 120 10000 56 52 48 44
79 40 10000 70 10000 10000 10000 26 24 22
80 130 10000 10000 195 163 91 10000 78 72
81 110 10000 10000 165 10000 77 72 66 10000
82 350 10000 10000 10000 10000 10000 10000 210 193
83 140 10000 10000 10000 10000 10000 10000 10000 77
84 240 10000 10000 360 10000 168 10000 144 132
85 240 10000 10000 10000 10000 168 156 10000 132
86 90 10000 158 10000 10000 63 59 54 50
87 54 10000 10000 10000 68 10000 10000 10000 30
88 294 10000 10000 10000 10000 10000 10000 10000 10000
89 203 406 10000 10000 10000 143 10000 10000 112
90 150 10000 10000 10000 10000 10000 10000 90 10000
91 270 10000 473 405 10000 10000 176 162 10000
92 155 10000 10000 10000 10000 10000 10000 10000 10000
93 190 380 10000 285 10000 133 10000 114 105
94 78 10000 10000 10000 10000 10000 10000 10000 10000
95 140 10000 10000 10000 10000 10000 10000 84 77
96 241 10000 10000 10000 10000 169 10000 10000 10000
97 430 10000 10000 10000 10000 10000 10000 10000 237
98 90 10000 158 135 10000 10000 59 54 10000
99 110 10000 193 10000 10000 10000 72 66 10000
100 9 10000 16 10000 10000 7 6 10000 5
101 430 860 753 10000 10000 301 280 258 10000
102 130 10000 10000 10000 10000 10000 10000 78 72
103 289 578 506 434 10000 203 188 174 10000
104 110 10000 10000 10000 10000 10000 10000 66 61
105 160 10000 10000 10000 10000 10000 10000 10000 10000
106 442 10000 774 10000 10000 10000 288 10000 10000
107 159 10000 10000 10000 199 112 104 10000 88
108 250 10000 10000 10000 10000 175 10000 10000 138
109 190 10000 10000 285 238 10000 10000 114 105
110 184 10000 10000 10000 10000 10000 10000 10000 10000
111 690 10000 10000 10000 863 10000 449 10000 380
112 72 10000 10000 108 10000 51 10000 44 10000
113 190 10000 10000 10000 10000 10000 10000 10000 105
114 190 380 10000 285 238 133 124 114 105
115 90 10000 10000 135 10000 10000 10000 54 50
116 889 10000 1556 1334 10000 10000 578 534 10000
117 170 10000 298 10000 10000 10000 111 10000 10000
118 155 10000 10000 10000 10000 10000 10000 93 10000
119 190 10000 333 10000 10000 10000 124 10000 10000
120 130 10000 228 10000 163 10000 85 78 72
121 390 10000 10000 585 10000 10000 10000 234 10000
122 301 10000 10000 452 10000 10000 10000 181 166
123 54 10000 10000 10000 68 10000 36 10000 30
124 227 10000 10000 341 284 10000 10000 137 125
125 142 10000 10000 10000 10000 10000 93 10000 79
126 184 368 10000 10000 10000 129 120 10000 102
127 741 1482 10000 10000 927 519 10000 445 408
128 868 10000 10000 1302 1085 10000 565 521 478
129 230 10000 403 10000 10000 10000 150 10000 127
130 121 10000 10000 10000 10000 10000 10000 73 10000
131 320 10000 10000 10000 400 10000 10000 10000 176
132 126 252 10000 10000 10000 89 10000 76 10000
133 440 10000 10000 10000 550 308 10000 264 242
134 127 10000 10000 10000 10000 10000 10000 10000 70
135 134 10000 235 10000 10000 10000 88 81 74
136 150 10000 10000 10000 10000 10000 10000 90 10000
137 140 280 10000 10000 10000 98 10000 10000 77
138 110 10000 10000 10000 10000 10000 10000 10000 10000
139 320 10000 10000 480 10000 224 10000 192 176
140 250 10000 10000 10000 313 10000 10000 150 138
141 232 10000 10000 10000 10000 10000 10000 140 10000
142 188 10000 329 10000 10000 10000 123 10000 104
143 250 500 10000 10000 313 175 163 150 138
144 377 754 660 566 472 264 246 227 208
145 90 10000 10000 135 10000 63 10000 54 10000
146 140 280 245 210 175 98 91 84 77
147 90 180 158 10000 10000 63 59 10000 50
148 90 10000 158 10000 10000 10000 59 10000 10000
149 70 10000 123 105 88 10000 46 42 39
150 90 10000 10000 135 10000 10000 10000 54 50
151 110 10000 10000 165 10000 10000 10000 66 10000
152 150 300 10000 10000 188 105 10000 90 83
153 101 10000 177 10000 10000 71 66 10000 10000
154 377 10000 10000 10000 10000 264 10000 227 10000
155 118 10000 10000 10000 10000 10000 10000 10000 10000
156 290 10000 10000 435 363 10000 10000 174 160
157 209 10000 366 10000 10000 10000 136 10000 10000
158 150 10000 10000 10000 10000 10000 10000 10000 83
159 150 10000 263 225 10000 105 98 90 83
160 79 10000 10000 10000 99 56 10000 10000 44
161 150 10000 10000 225 10000 10000 98 90 10000
162 91 10000 10000 10000 10000 10000 10000 10000 10000
163 59 10000 104 10000 10000 10000 39 10000 10000
164 218 10000 10000 10000 10000 10000 10000 10000 10000
165 351 10000 10000 10000 439 10000 10000 10000 194
166 873 10000 10000 10000 10000 10000 568 10000 10000
167 130 10000 10000 10000 10000 10000 10000 10000 10000
168 68 136 10000 10000 10000 48 10000 10000 10000
169 126 252 10000 10000 10000 89 10000 10000 10000
170 120 10000 10000 10000 150 10000 78 10000 66
171 227 10000 10000 10000 10000 10000 148 137 10000
172 198 396 347 297 10000 139 129 119 109
173 132 10000 10000 10000 165 10000 10000 10000 73
174 121 242 10000 10000 152 85 10000 10000 67
175 150 300 10000 10000 10000 105 10000 10000 10000
176 100 10000 10000 10000 10000 10000 65 10000 10000
177 38 10000 10000 57 10000 10000 10000 23 10000
178 70 140 10000 10000 10000 49 10000 42 39
179 355 10000 10000 10000 10000 10000 231 10000 10000
180 284 568 10000 426 355 199 10000 171 157
181 122 10000 10000 10000 153 10000 80 74 68
182 75 10000 10000 10000 10000 53 10000 10000 10000
183 160 10000 10000 10000 10000 10000 104 10000 10000
184 140 280 10000 10000 10000 98 10000 10000 77
185 520 1040 10000 10000 10000 364 10000 10000 10000
186 99 10000 174 10000 10000 10000 65 10000 55
187 182 364 10000 273 10000 128 119 110 101
188 80 10000 10000 120 10000 10000 10000 48 10000
189 514 10000 10000 771 10000 10000 10000 309 283
190 96 10000 10000 10000 10000 68 10000 10000 10000
191 50 10000 88 75 63 10000 33 30 28
192 272 10000 10000 10000 340 10000 10000 10000 150
193 226 10000 10000 10000 283 10000 147 10000 125
194 194 10000 10000 291 10000 10000 10000 117 10000
195 164 10000 10000 10000 10000 115 10000 10000 10000
196 96 10000 10000 144 10000 68 10000 58 10000
197 107 10000 10000 10000 10000 75 10000 65 10000
198 108 10000 10000 10000 10000 10000 10000 65 60
199 167 10000 10000 10000 10000 10000 10000 101 10000
200 98 196 10000 10000 10000 69 64 59 10000
201 82 10000 10000 10000 10000 10000 10000 10000 10000
202 482 10000 10000 10000 603 10000 10000 10000 266
203 72 10000 10000 10000 90 10000 10000 10000 40
204 50 10000 10000 75 10000 10000 10000 30 10000
205 130 10000 10000 10000 163 10000 10000 10000 72
206 230 460 10000 10000 10000 161 10000 10000 127
207 50 10000 10000 10000 10000 10000 10000 10000 10000
208 240 10000 10000 10000 300 10000 10000 10000 132
209 190 10000 333 10000 238 10000 124 10000 105
210 190 380 333 10000 10000 133 124 10000 10000
211 240 480 420 10000 300 168 156 10000 132
212 74 148 10000 111 93 52 10000 45 41
213 139 10000 10000 10000 10000 98 10000 10000 77
214 339 10000 10000 509 10000 10000 10000 204 187
215 260 10000 10000 10000 10000 182 169 156 143
216 132 10000 10000 10000 10000 10000 10000 10000 10000
217 550 10000 963 10000 10000 10000 358 10000 10000
218 420 10000 735 630 10000 10000 273 252 10000
219 152 10000 10000 228 10000 10000 99 92 10000
220 12 24 10000 18 10000 9 8 8 10000
221 90 10000 10000 10000 113 63 59 54 50
222 5 10 10000 10000 10000 4 4 10000 10000
223 128 256 224 10000 10000 90 84 77 10000
224 100 10000 10000 10000 125 10000 65 60 55
225 120 10000 10000 10000 150 10000 10000 10000 66
226 100 10000 10000 10000 125 10000 10000 10000 55
227 320 640 10000 10000 10000 224 10000 10000 10000
228 835 1670 1462 10000 1044 585 543 10000 460
229 740 10000 10000 10000 10000 10000 481 10000 10000
230 223 10000 10000 10000 10000 157 145 10000 10000
231 100 10000 175 10000 125 10000 65 10000 55
232 390 10000 10000 10000 10000 273 254 10000 215
233 140 10000 245 10000 10000 10000 91 84 77
234 304 10000 10000 10000 10000 213 10000 183 10000
235 120 10000 10000 10000 10000 10000 78 72 10000
236 403 10000 10000 10000 10000 10000 10000 242 222
237 21 10000 37 10000 27 10000 14 10000 12
238 246 10000 431 10000 308 10000 160 148 136
239 160 320 280 10000 10000 112 104 10000 88
240 1019 10000 10000 1529 10000 10000 10000 612 10000
241 34 10000 10000 10000 43 10000 10000 10000 19
242 120 10000 210 10000 150 10000 78 10000 66
243 68 10000 10000 10000 10000 10000 10000 41 10000
244 910 10000 1593 10000 10000 637 592 546 501
245 302 10000 10000 10000 10000 10000 197 10000 167
246 778 10000 10000 10000 973 545 10000 10000 428
247 101 10000 10000 10000 10000 10000 10000 10000 10000
248 1310 10000 10000 10000 1638 917 852 10000 721
249 20 10000 35 10000 25 10000 13 10000 11
250 278 10000 10000 10000 10000 10000 181 10000 10000
251 81 10000 10000 10000 102 10000 10000 49 45
252 290 580 10000 435 10000 203 10000 174 10000
253 100 10000 175 10000 10000 70 65 10000 10000
254 372 10000 10000 10000 10000 10000 10000 10000 205
255 72 10000 126 10000 10000 10000 47 10000 40
256 28 10000 10000 10000 10000 20 10000 10000 10000
257 90 10000 10000 135 10000 10000 59 54 50
258 250 500 10000 375 10000 175 163 150 10000
259 144 10000 252 10000 180 10000 94 87 80
260 303 606 531 455 10000 213 197 182 10000
261 220 440 10000 10000 10000 154 10000 132 121
262 58 116 10000 10000 10000 41 38 35 10000
263 224 10000 10000 10000 10000 10000 146 10000 10000
264 211 10000 10000 317 10000 10000 138 127 10000
265 99 10000 10000 149 10000 10000 10000 60 10000
266 44 10000 10000 10000 10000 31 10000 10000 25
267 120 10000 10000 10000 10000 10000 10000 72 66
268 70 10000 10000 10000 88 10000 46 10000 39
269 421 10000 10000 10000 10000 295 274 10000 232
270 231 10000 10000 10000 10000 10000 10000 10000 10000
271 214 10000 10000 10000 10000 150 10000 10000 10000
272 196 392 10000 10000 245 138 128 10000 108
273 280 560 10000 10000 10000 196 182 10000 10000
274 398 10000 10000 597 10000 10000 10000 239 10000
275 72 10000 10000 10000 10000 10000 10000 44 10000
276 280 10000 490 10000 350 10000 182 168 154
277 356 10000 10000 10000 445 10000 232 10000 196
278 193 10000 10000 10000 10000 136 10000 116 10000
279 140 10000 10000 10000 10000 98 91 84 77
280 130 10000 10000 195 10000 91 10000 78 10000
281 300 10000 10000 10000 10000 210 10000 10000 165
282 456 10000 10000 10000 10000 320 297 10000 251
283 7 10000 10000 10000 9 10000 5 10000 4
284 170 10000 10000 10000 10000 10000 10000 102 10000
285 252 10000 10000 10000 10000 10000 164 10000 139
286 210 10000 10000 10000 10000 10000 10000 10000 116
287 308 10000 10000 10000 10000 10000 10000 185 10000
288 308 10000 10000 10000 10000 10000 201 10000 10000
289 121 242 10000 10000 10000 85 10000 10000 67
290 52 10000 10000 78 10000 37 10000 32 10000
291 426 10000 10000 639 533 10000 10000 256 235
292 104 10000 182 10000 10000 10000 68 10000 10000
293 1386 10000 10000 10000 10000 10000 10000 832 763
294 527 10000 10000 791 659 10000 10000 317 290
295 968 10000 10000 10000 1210 678 630 10000 533
296 1047 2094 10000 10000 1309 733 10000 10000 576
297 538 10000 10000 10000 10000 10000 350 10000 10000
<precedence relations>
1,2
2,3
3,4
4,5
4,22
4,26
4,27
4,40
4,48
4,56
4,83
4,86
4,94
4,105
4,109
4,111
4,134
4,221
4,247
4,259
5,6
6,7
6,8
6,9
6,10
7,11
7,12
7,13
7,14
7,15
7,20
8,11
8,12
8,13
8,14
8,15
8,20
9,11
9,12
9,13
9,14
9,15
9,20
10,11
10,12
10,13
10,14
10,15
10,20
11,16
12,17
13,18
14,19
15,21
16,23
17,23
18,23
19,23
20,23
21,23
22,24
22,25
23,28
24,29
25,29
26,30
27,31
28,32
28,37
29,33
29,44
29,121
30,34
30,297
31,34
31,82
31,172
31,179
32,36
33,38
34,35
35,42
36,39
37,39
38,41
39,43
40,44
40,84
40,97
41,45
42,46
43,47
44,49
45,50
46,51
46,138
47,52
48,52
49,53
50,54
51,55
51,81
52,57
53,58
54,58
54,296
55,59
56,60
56,61
57,62
57,63
57,71
57,76
58,64
59,64
59,99
59,100
60,68
61,65
62,66
63,67
64,72
65,69
66,69
67,70
68,73
69,74
70,75
71,77
72,78
73,84
73,97
74,84
74,97
75,84
75,97
76,84
76,97
77,84
77,97
78,79
78,80
78,125
78,192
79,85
80,85
81,87
82,88
82,89
83,90
84,91
85,92
86,93
87,99
87,100
88,99
88,100
89,99
89,100
90,95
91,96
92,98
93,98
94,101
95,101
96,101
97,101
98,102
99,103
100,104
101,106
102,107
103,108
104,108
105,110
106,112
107,113
108,114
108,115
108,292
109,119
109,120
110,119
110,120
110,162
111,116
112,117
113,118
114,119
115,120
116,122
117,123
117,124
117,257
118,126
119,127
120,127
120,150
121,128
122,129
123,130
123,145
123,146
123,147
123,148
123,149
124,130
125,130
126,130
127,130
127,157
128,130
129,130
129,141
130,131
130,144
131,132
131,133
132,135
133,135
133,170
134,136
135,137
136,139
137,140
138,140
138,191
139,142
139,253
140,143
140,200
141,151
142,152
143,153
143,169
144,154
145,155
146,156
147,158
148,159
149,160
150,161
151,163
152,164
153,165
154,166
155,166
156,166
157,166
158,166
159,166
160,166
161,166
162,167
163,166
164,167
165,168
165,176
166,170
167,171
168,173
169,174
170,174
171,174
172,175
173,177
174,178
174,287
174,288
175,180
176,181
177,181
178,181
179,181
180,181
180,252
181,182
181,183
181,184
181,185
181,186
181,187
181,188
181,189
181,196
181,197
181,295
182,190
183,193
184,194
185,195
186,195
187,195
188,195
189,195
190,195
191,200
192,201
193,198
194,199
195,199
195,203
195,205
195,227
195,229
196,202
197,202
198,202
199,202
200,202
201,202
202,204
202,251
203,206
203,208
204,207
204,250
205,207
206,209
207,210
207,212
208,210
209,210
209,211
210,213
211,213
212,214
213,214
214,215
214,234
215,216
216,217
217,218
218,219
219,220
220,222
221,223
222,224
223,225
224,226
225,227
226,228
227,230
228,231
229,235
229,236
230,232
230,271
230,289
231,233
232,236
233,237
234,238
234,256
235,237
236,239
237,240
238,240
238,285
239,240
239,279
240,241
240,243
241,242
242,244
243,245
243,246
244,245
244,246
244,255
245,248
246,248
247,278
248,249
249,254
249,284
250,256
251,256
252,258
253,260
254,261
255,261
255,262
256,263
257,264
258,265
259,266
260,267
261,268
261,269
262,269
263,270
264,271
265,272
266,271
267,273
268,274
269,274
270,274
271,274
272,275
273,276
274,277
274,278
274,282
275,280
276,281
277,283
278,283
279,286
280,290
281,291
282,293
283,293
284,294
285,294
286,294
287,293
288,293
289,294
290,293
291,293
292,293
<end>