<number of tasks>
29
<number of stations>
12
<type of the robots>
4
<cost of the robots>
10.35
15.48
18.19
22.84
<task times>
1 7 14 10000 11 10000 5 10000 5 4
2 19 38 10000 29 10000 14 10000 12 10000
3 15 10000 10000 10000 10000 11 10000 10000 10000
4 5 10000 10000 10000 10000 10000 4 10000 3
5 12 10000 21 10000 10000 9 8 10000 7
6 10 10000 18 10000 10000 10000 7 6 6
7 8 10000 10000 12 10 10000 10000 5 5
8 16 10000 10000 10000 20 12 10000 10 9
9 2 10000 10000 3 10000 10000 10000 2 10000
10 6 10000 10000 10000 10000 10000 10000 10000 4
11 21 10000 10000 10000 10000 10000 10000 13 12
12 10 10000 10000 15 10000 10000 10000 6 6
13 9 10000 16 10000 10000 10000 6 10000 5
14 4 10000 7 10000 10000 3 3 3 10000
15 14 10000 25 10000 18 10 10 10000 8
16 7 10000 10000 10000 10000 10000 10000 10000 4
17 14 10000 10000 10000 10000 10000 10000 9 10000
18 17 10000 10000 10000 10000 10000 10000 11 10000
19 10 10000 10000 10000 13 10000 7 10000 6
20 16 10000 10000 10000 10000 10000 10000 10 10000
21 1 10000 2 10000 10000 10000 1 10000 10000
22 9 10000 10000 14 10000 10000 10000 6 5
23 25 10000 10000 10000 32 18 17 15 14
24 14 10000 25 10000 10000 10000 10 10000 10000
25 14 10000 10000 21 10000 10000 10000 9 10000
26 2 10000 10000 10000 3 10000 10000 2 2
27 10 20 10000 10000 13 7 7 6 6
28 7 10000 13 10000 10000 5 5 5 10000
29 20 10000 35 10000 25 10000 13 12 11
<precedence relations>
1,3
1,25
2,6
2,26
3,4
4,5
5,8
5,13
6,8
7,9
7,12
7,25
8,11
8,16
9,10
10,14
10,15
11,17
12,15
13,17
14,16
15,19
16,18
17,20
18,22
19,21
20,23
21,22
22,23
23,24
23,28
24,29
25,29
26,27
27,29
28,29
<end>