<number of tasks>
30
<number of stations>
13
<type of the robots>
4
<cost of the robots>
9.78
15.47
15.90
19.54
<task times>
1 8 10000 10000 10000 10000 10000 10000 10000 5
2 7 10000 13 10000 10000 10000 5 5 10000
3 19 10000 10000 10000 10000 10000 10000 12 11
4 10 10000 18 10000 13 10000 7 6 6
5 2 10000 10000 10000 10000 2 2 10000 10000
6 6 10000 10000 10000 10000 10000 10000 4 4
7 14 28 10000 21 10000 10 10000 9 8
8 10 10000 10000 10000 10000 10000 7 6 10000
9 1 10000 10000 2 10000 10000 10000 1 10000
10 4 8 10000 10000 10000 3 10000 10000 3
11 14 28 10000 10000 18 10 10000 10000 8
12 15 10000 10000 10000 10000 10000 10000 9 10000
13 5 10 10000 10000 10000 4 10000 3 3
14 12 10000 21 10000 10000 10000 8 10000 7
15 9 10000 10000 10000 10000 7 6 10000 5
16 10 10000 18 10000 10000 7 7 10000 6
17 2 10000 4 10000 10000 10000 2 10000 2
18 10 10000 10000 15 13 10000 10000 6 6
19 18 36 10000 10000 10000 13 10000 10000 10
20 16 10000 10000 24 10000 10000 10000 10 10000
21 21 10000 10000 10000 10000 10000 10000 10000 10000
22 14 10000 10000 10000 10000 10000 10 10000 8
23 16 10000 10000 10000 20 12 10000 10000 9
24 7 10000 10000 10000 10000 10000 10000 5 10000
25 17 10000 10000 10000 10000 10000 10000 10000 10000
26 9 18 10000 10000 10000 7 10000 10000 10000
27 25 10000 10000 10000 32 10000 17 10000 14
28 7 10000 10000 11 10000 10000 10000 5 10000
29 14 10000 25 10000 10000 10000 10 9 10000
30 2 10000 10000 3 10000 2 10000 2 2
<precedence relations>
1,4
1,5
2,11
2,12
3,16
3,17
4,7
5,6
6,7
7,8
8,9
9,26
10,24
12,13
13,14
14,15
14,20
15,22
16,20
17,18
18,19
20,21
20,24
21,22
22,23
23,27
24,25
25,26
26,27
27,28
27,29
29,30
<end>