<number of tasks>
32
<number of stations>
9
<type of the robots>
4
<cost of the robots>
9.78
15.50
16.33
24.59
<task times>
1 458 916 10000 10000 10000 321 10000 10000 10000
2 276 10000 10000 10000 10000 194 10000 10000 10000
3 520 1040 10000 10000 650 364 10000 10000 286
4 1400 2800 10000 2100 1750 980 10000 840 770
5 352 10000 10000 10000 440 10000 10000 10000 194
6 196 10000 10000 10000 10000 10000 10000 10000 108
7 214 10000 10000 321 268 10000 10000 129 118
8 456 10000 10000 10000 570 10000 10000 10000 251
9 646 1292 10000 969 10000 453 10000 388 10000
10 512 10000 10000 10000 10000 10000 10000 10000 282
11 408 816 714 10000 10000 286 266 245 10000
12 262 10000 10000 393 10000 10000 10000 158 10000
13 544 10000 952 10000 10000 10000 354 10000 10000
14 202 10000 10000 10000 253 142 132 122 112
15 458 10000 10000 10000 10000 10000 10000 10000 10000
16 694 10000 1215 10000 10000 10000 452 10000 382
17 616 10000 10000 10000 10000 432 10000 10000 10000
18 678 10000 1187 10000 10000 10000 441 10000 10000
19 328 10000 10000 10000 10000 10000 214 197 10000
20 324 648 10000 10000 10000 227 211 10000 179
21 100 10000 175 10000 10000 70 65 10000 10000
22 352 10000 10000 10000 10000 247 10000 212 194
23 544 1088 952 10000 10000 381 354 327 300
24 500 10000 10000 750 10000 10000 10000 300 275
25 382 10000 10000 10000 478 10000 249 230 211
26 858 10000 10000 10000 1073 10000 10000 10000 472
27 388 10000 10000 10000 10000 10000 10000 233 10000
28 352 10000 10000 10000 10000 247 229 10000 194
29 428 856 10000 10000 535 300 10000 257 236
30 238 10000 417 10000 10000 10000 155 143 10000
31 258 10000 10000 387 10000 10000 10000 155 142
32 196 10000 343 10000 10000 138 128 10000 10000
<precedence relations>
1,5
2,6
3,9
4,15
5,6
6,7
6,8
6,9
7,21
8,21
9,10
9,11
10,16
11,12
12,13
13,14
13,15
14,16
14,17
15,17
16,18
17,19
18,21
19,20
20,21
21,22
21,23
21,24
22,25
23,32
24,32
25,26
26,27
27,28
28,29
29,30
30,31
31,32
<end>