<number of tasks>
58
<number of stations>
12
<type of the robots>
4
<cost of the robots>
10.77
14.85
18.45
20.82
<task times>
1 10 10000 10000 15 10000 7 10000 6 10000
2 53 10000 10000 80 10000 10000 10000 32 10000
3 41 10000 72 10000 10000 10000 27 10000 23
4 36 10000 10000 10000 45 10000 24 22 20
5 35 70 62 10000 10000 25 23 10000 20
6 17 10000 30 10000 22 10000 12 10000 10
7 34 68 10000 51 10000 24 23 21 10000
8 23 10000 10000 35 10000 17 10000 14 10000
9 14 10000 10000 10000 18 10000 10 10000 8
10 52 10000 10000 10000 65 10000 10000 10000 29
11 33 10000 10000 10000 10000 24 10000 20 10000
12 34 10000 60 10000 10000 10000 23 10000 10000
13 12 10000 10000 10000 10000 10000 8 10000 10000
14 52 10000 10000 10000 65 10000 34 10000 29
15 12 10000 10000 10000 10000 9 10000 10000 10000
16 33 66 10000 50 42 24 10000 20 19
17 44 10000 10000 66 55 10000 29 27 25
18 7 10000 13 11 10000 10000 5 5 10000
19 15 10000 10000 10000 10000 10000 10000 10000 9
20 13 10000 10000 10000 17 10000 10000 10000 8
21 29 10000 10000 10000 10000 21 10000 18 16
22 37 10000 10000 10000 10000 10000 25 23 21
23 43 86 10000 10000 10000 31 10000 10000 10000
24 23 10000 10000 10000 10000 17 10000 10000 10000
25 24 10000 10000 10000 30 10000 10000 10000 14
26 9 10000 10000 10000 10000 10000 10000 6 10000
27 16 10000 10000 24 10000 10000 10000 10 9
28 12 10000 10000 18 10000 9 8 8 10000
29 26 10000 46 10000 10000 19 17 16 15
30 22 10000 10000 10000 10000 10000 10000 14 13
31 51 10000 10000 77 64 36 34 31 29
32 47 94 10000 10000 59 33 31 10000 26
33 34 10000 10000 10000 10000 10000 10000 10000 19
34 23 46 10000 10000 10000 17 10000 10000 13
35 12 10000 21 18 10000 10000 8 8 10000
36 52 10000 10000 10000 10000 10000 10000 10000 29
37 12 24 21 10000 15 9 8 10000 7
38 33 10000 10000 10000 10000 10000 10000 10000 10000
39 44 10000 10000 10000 10000 10000 10000 10000 10000
40 7 14 10000 10000 10000 5 10000 10000 4
41 15 10000 10000 10000 10000 10000 10000 9 9
42 13 10000 10000 20 17 10000 10000 8 8
43 29 10000 10000 44 10000 10000 10000 18 10000
44 37 10000 10000 10000 10000 10000 25 23 21
45 43 10000 10000 10000 10000 31 10000 10000 24
46 23 10000 10000 10000 10000 17 10000 10000 10000
47 24 48 42 36 10000 17 16 15 14
48 9 10000 10000 14 10000 10000 6 6 10000
49 16 10000 10000 10000 10000 10000 11 10000 10000
50 12 10000 21 18 10000 9 8 8 10000
51 26 10000 10000 10000 10000 10000 10000 10000 15
52 12 10000 21 18 10000 10000 8 8 7
53 52 10000 91 10000 10000 37 34 10000 29
54 12 10000 10000 10000 10000 9 10000 10000 10000
55 33 10000 10000 10000 10000 10000 10000 10000 19
56 44 10000 77 10000 10000 10000 29 10000 25
57 7 14 10000 10000 10000 5 5 5 10000
58 15 10000 10000 10000 10000 10000 10 10000 9
<precedence relations>
1,9
2,25
3,21
3,22
4,10
5,36
6,23
6,24
7,43
8,44
9,11
11,13
11,14
11,15
12,17
13,17
14,17
15,17
16,18
17,20
18,19
19,23
20,21
20,25
21,26
21,44
22,27
23,31
24,31
25,38
26,29
27,30
28,32
28,33
29,31
30,34
31,36
32,45
33,35
34,36
35,43
36,37
36,38
37,39
37,40
37,41
38,52
39,43
40,43
41,42
42,43
43,45
44,45
45,46
45,48
45,49
46,47
46,50
47,51
48,55
49,58
50,58
51,52
52,53
53,54
54,55
54,56
55,57
56,57
57,58
<end>