<number of tasks>
70
<number of stations>
18
<type of the robots>
4
<cost of the robots>
10.49
12.83
19.48
24.49
<task times>
1 17 34 10000 10000 10000 12 10000 10000 10
2 66 132 10000 99 83 47 10000 40 37
3 54 108 10000 10000 10000 38 36 10000 10000
4 52 10000 10000 10000 10000 10000 10000 10000 10000
5 6 10000 10000 10000 8 10000 10000 10000 4
6 88 176 154 10000 110 62 58 10000 49
7 21 10000 10000 10000 27 10000 10000 10000 12
8 128 10000 10000 10000 10000 10000 10000 77 71
9 68 10000 10000 10000 10000 10000 45 10000 38
10 70 10000 10000 10000 10000 49 10000 42 10000
11 85 10000 10000 10000 10000 10000 10000 51 10000
12 21 42 10000 10000 10000 15 10000 10000 10000
13 134 268 10000 201 168 94 88 81 74
14 135 10000 237 10000 169 95 88 10000 75
15 94 10000 10000 10000 118 10000 10000 57 52
16 90 180 10000 135 10000 63 59 54 10000
17 50 10000 10000 75 10000 10000 10000 30 10000
18 143 10000 10000 10000 10000 10000 10000 86 10000
19 19 10000 10000 10000 10000 10000 10000 10000 11
20 54 10000 10000 10000 10000 10000 10000 10000 10000
21 50 10000 10000 10000 10000 35 10000 10000 28
22 40 10000 10000 10000 10000 28 10000 10000 10000
23 73 10000 10000 10000 92 10000 10000 10000 41
24 12 24 10000 10000 10000 9 10000 10000 7
25 152 10000 10000 10000 190 107 99 10000 84
26 42 10000 10000 63 10000 10000 10000 26 10000
27 45 10000 10000 10000 10000 32 10000 10000 25
28 74 10000 130 10000 10000 10000 49 10000 10000
29 26 10000 10000 39 33 10000 17 16 15
30 11 10000 10000 17 10000 10000 10000 7 10000
31 31 10000 10000 10000 10000 10000 10000 10000 18
32 50 10000 88 75 63 10000 33 30 28
33 102 204 10000 10000 10000 72 10000 10000 10000
34 46 10000 10000 10000 58 33 30 10000 26
35 35 10000 10000 10000 10000 25 23 10000 20
36 40 10000 10000 10000 10000 10000 10000 10000 22
37 2 10000 10000 3 10000 10000 10000 2 2
38 1 10000 10000 10000 10000 10000 10000 10000 10000
39 3 10000 10000 5 10000 10000 2 2 10000
40 13 10000 10000 10000 17 10000 10000 8 8
41 16 10000 10000 10000 20 10000 10000 10000 9
42 25 10000 10000 10000 32 10000 10000 10000 14
43 21 10000 37 10000 10000 15 14 10000 10000
44 43 10000 76 10000 10000 10000 28 10000 10000
45 30 60 10000 10000 10000 21 10000 10000 17
46 83 166 10000 10000 10000 59 10000 10000 10000
47 89 10000 10000 10000 10000 10000 58 54 49
48 56 10000 98 10000 10000 10000 37 10000 10000
49 59 10000 10000 10000 10000 10000 10000 10000 33
50 43 10000 10000 10000 10000 10000 10000 10000 10000
51 11 10000 10000 10000 14 8 10000 7 7
52 26 10000 10000 10000 10000 10000 10000 16 15
53 44 10000 77 66 55 31 29 27 25
54 121 242 10000 10000 152 85 10000 10000 67
55 38 10000 67 57 10000 10000 25 23 10000
56 68 10000 10000 10000 85 10000 10000 10000 38
57 22 10000 10000 10000 10000 10000 15 10000 10000
58 7 14 13 10000 9 5 5 10000 4
59 16 32 28 10000 10000 12 11 10000 10000
60 32 64 10000 10000 10000 23 10000 10000 10000
61 25 10000 10000 38 10000 10000 10000 15 10000
62 27 10000 10000 10000 10000 10000 10000 10000 10000
63 156 10000 10000 10000 195 10000 10000 10000 86
64 28 10000 49 42 10000 20 19 17 10000
65 15 10000 10000 23 10000 10000 10000 9 10000
66 26 10000 10000 10000 10000 10000 10000 16 10000
67 18 10000 10000 10000 10000 10000 10000 11 10
68 72 144 10000 108 10000 51 10000 44 10000
69 23 46 41 10000 29 17 15 10000 13
70 27 10000 10000 10000 10000 10000 10000 17 10000
<precedence relations>
1,2
1,41
1,69
1,70
2,3
3,4
3,68
4,6
4,7
5,6
5,24
5,30
6,8
7,8
8,12
9,10
10,11
11,12
12,13
12,14
13,23
14,23
15,16
16,17
16,18
17,19
18,19
19,20
19,22
19,57
20,21
21,23
22,23
23,25
23,31
23,33
24,25
25,26
25,27
25,28
25,29
26,35
27,35
28,35
29,35
30,31
31,32
32,35
33,34
34,35
35,36
35,44
35,48
35,51
35,53
35,56
35,60
35,61
35,62
36,37
37,38
38,39
39,40
40,42
41,42
42,43
43,50
44,45
45,46
46,47
47,50
48,49
49,50
51,52
52,54
53,54
54,55
57,58
58,59
59,60
61,65
62,63
63,64
64,65
64,66
64,67
<end>