<number of tasks>
70
<number of stations>
13
<type of the robots>
4
<cost of the robots>
10.03
13.06
20.20
19.01
<task times>
1 17 10000 30 10000 22 10000 12 10000 10
2 66 10000 10000 10000 10000 47 43 40 10000
3 54 10000 10000 10000 10000 10000 36 10000 10000
4 52 10000 10000 10000 10000 10000 34 10000 10000
5 6 10000 10000 9 10000 5 10000 4 10000
6 88 176 10000 132 110 62 10000 53 49
7 21 10000 37 32 27 10000 14 13 12
8 128 10000 10000 192 10000 90 84 77 71
9 68 10000 119 10000 10000 10000 45 41 10000
10 70 140 123 10000 10000 49 46 10000 39
11 85 170 10000 10000 10000 60 10000 10000 47
12 21 10000 10000 10000 10000 10000 14 10000 10000
13 134 10000 10000 201 10000 10000 10000 81 74
14 135 270 10000 10000 169 95 10000 10000 75
15 94 10000 165 10000 10000 10000 62 10000 10000
16 90 10000 158 10000 10000 63 59 10000 10000
17 50 100 10000 75 10000 35 10000 30 28
18 143 286 251 10000 10000 101 93 10000 10000
19 19 10000 10000 10000 10000 10000 13 12 10000
20 54 108 10000 10000 68 38 10000 10000 30
21 50 10000 10000 10000 10000 10000 10000 10000 10000
22 40 10000 10000 60 10000 10000 10000 24 10000
23 73 10000 10000 110 10000 10000 10000 44 10000
24 12 10000 10000 10000 10000 10000 10000 8 10000
25 152 10000 266 10000 10000 10000 99 92 10000
26 42 10000 10000 10000 10000 10000 10000 26 10000
27 45 10000 10000 10000 10000 10000 10000 10000 10000
28 74 10000 130 10000 10000 10000 49 10000 10000
29 26 52 10000 10000 10000 19 17 10000 15
30 11 10000 10000 10000 14 10000 10000 7 7
31 31 10000 10000 10000 39 22 21 10000 18
32 50 10000 10000 10000 10000 10000 33 30 28
33 102 204 10000 10000 10000 72 10000 10000 57
34 46 10000 10000 10000 58 10000 30 10000 26
35 35 10000 10000 10000 10000 10000 10000 10000 10000
36 40 10000 10000 10000 10000 10000 26 10000 10000
37 2 10000 10000 10000 10000 2 2 2 2
38 1 2 10000 2 10000 1 1 1 1
39 3 10000 6 10000 10000 3 2 10000 2
40 13 10000 10000 10000 10000 10000 10000 10000 8
41 16 10000 28 10000 10000 10000 11 10000 9
42 25 10000 10000 38 32 10000 10000 15 14
43 21 10000 10000 10000 10000 10000 14 10000 10000
44 43 10000 10000 65 54 10000 10000 26 24
45 30 10000 10000 45 38 10000 20 18 17
46 83 166 146 10000 10000 59 54 50 10000
47 89 10000 10000 10000 10000 63 10000 10000 10000
48 56 10000 10000 10000 10000 40 10000 10000 10000
49 59 10000 104 10000 10000 42 39 10000 10000
50 43 10000 10000 10000 54 10000 28 26 24
51 11 10000 10000 10000 10000 10000 8 7 10000
52 26 10000 46 39 10000 10000 17 16 10000
53 44 10000 77 10000 10000 10000 29 10000 25
54 121 10000 212 10000 152 10000 79 10000 67
55 38 10000 67 10000 10000 10000 25 23 10000
56 68 10000 10000 10000 10000 10000 45 10000 38
57 22 10000 10000 10000 10000 10000 10000 10000 13
58 7 10000 10000 10000 10000 10000 5 10000 4
59 16 10000 10000 10000 10000 10000 11 10 9
60 32 10000 10000 10000 10000 23 10000 20 10000
61 25 10000 10000 10000 10000 18 10000 10000 14
62 27 10000 10000 10000 34 10000 18 10000 15
63 156 312 10000 10000 195 110 10000 94 86
64 28 10000 10000 42 10000 10000 10000 17 16
65 15 10000 27 10000 19 10000 10 10000 9
66 26 10000 10000 10000 10000 19 10000 10000 15
67 18 10000 10000 27 23 10000 10000 11 10
68 72 10000 10000 108 10000 10000 47 44 10000
69 23 46 10000 10000 10000 17 10000 10000 10000
70 27 10000 10000 41 10000 10000 18 17 15
<precedence relations>
1,2
1,41
1,69
1,70
2,3
3,4
3,68
4,6
4,7
5,6
5,24
5,30
6,8
7,8
8,12
9,10
10,11
11,12
12,13
12,14
13,23
14,23
15,16
16,17
16,18
17,19
18,19
19,20
19,22
19,57
20,21
21,23
22,23
23,25
23,31
23,33
24,25
25,26
25,27
25,28
25,29
26,35
27,35
28,35
29,35
30,31
31,32
32,35
33,34
34,35
35,36
35,44
35,48
35,51
35,53
35,56
35,60
35,61
35,62
36,37
37,38
38,39
39,40
40,42
41,42
42,43
43,50
44,45
45,46
46,47
47,50
48,49
49,50
51,52
52,54
53,54
54,55
57,58
58,59
59,60
61,65
62,63
63,64
64,65
64,66
64,67
<end>