<number of tasks>
89
<number of stations>
12
<type of the robots>
4
<cost of the robots>
9.98
14.80
18.17
23.76
<task times>
1 1 10000 10000 2 10000 10000 1 1 10000
2 2 10000 10000 10000 10000 10000 10000 10000 10000
3 3 6 10000 10000 10000 3 10000 10000 10000
4 4 10000 10000 10000 10000 10000 10000 10000 3
5 5 10000 10000 10000 7 10000 10000 3 3
6 6 12 11 9 10000 5 4 4 4
7 7 10000 10000 10000 10000 5 5 10000 4
8 8 10000 14 10000 10000 10000 6 5 5
9 9 10000 10000 10000 10000 7 6 6 10000
10 10 10000 10000 10000 13 7 10000 6 6
11 1 10000 10000 10000 10000 1 1 10000 1
12 2 4 4 10000 10000 2 2 2 2
13 3 10000 10000 10000 4 10000 10000 2 2
14 4 8 10000 10000 10000 3 10000 10000 10000
15 5 10000 10000 10000 7 10000 4 3 3
16 6 10000 10000 9 10000 10000 10000 4 4
17 7 10000 10000 11 10000 5 10000 5 10000
18 8 10000 10000 10000 10000 6 10000 5 10000
19 9 10000 16 10000 10000 10000 6 10000 5
20 10 10000 10000 10000 10000 10000 10000 6 10000
21 1 10000 10000 10000 10000 10000 10000 1 10000
22 2 10000 10000 3 3 2 10000 2 2
23 3 10000 10000 10000 10000 10000 2 2 10000
24 4 10000 10000 10000 10000 10000 10000 10000 3
25 5 10000 10000 10000 10000 10000 4 3 10000
26 6 10000 10000 9 10000 5 10000 4 10000
27 7 10000 10000 10000 9 10000 10000 10000 4
28 8 10000 14 10000 10 10000 6 5 5
29 9 10000 10000 10000 10000 10000 10000 10000 10000
30 10 10000 10000 10000 10000 10000 10000 10000 10000
31 1 2 10000 10000 10000 1 1 10000 10000
32 2 10000 4 10000 10000 10000 2 2 10000
33 3 10000 10000 5 10000 10000 2 2 2
34 4 10000 10000 10000 5 10000 3 10000 3
35 5 10000 9 10000 7 10000 4 3 3
36 6 12 10000 10000 8 5 10000 4 4
37 7 14 10000 11 10000 5 10000 5 4
38 8 16 10000 12 10 6 6 5 5
39 9 10000 10000 10000 12 7 10000 10000 5
40 10 10000 10000 10000 10000 7 10000 10000 10000
41 1 10000 10000 10000 10000 10000 1 10000 10000
42 2 10000 10000 10000 10000 2 10000 2 10000
43 3 10000 10000 10000 10000 10000 10000 2 10000
44 4 10000 7 6 10000 10000 3 3 10000
45 5 10 10000 10000 10000 4 4 10000 10000
46 6 10000 10000 9 10000 10000 10000 4 10000
47 7 10000 10000 10000 10000 10000 10000 5 4
48 8 10000 10000 10000 10000 10000 10000 10000 10000
49 9 10000 10000 10000 10000 10000 10000 6 10000
50 10 10000 10000 10000 10000 10000 10000 10000 10000
51 1 10000 10000 2 10000 10000 1 1 10000
52 2 10000 10000 10000 10000 10000 10000 2 10000
53 3 10000 10000 5 10000 3 10000 2 10000
54 4 10000 10000 6 5 10000 10000 3 3
55 5 10000 10000 10000 10000 10000 4 3 10000
56 6 12 10000 10000 8 5 10000 4 4
57 7 10000 10000 10000 10000 10000 5 5 10000
58 8 10000 10000 12 10000 10000 6 5 10000
59 9 10000 16 10000 10000 10000 6 6 10000
60 10 10000 10000 15 10000 10000 10000 6 10000
61 1 10000 10000 2 10000 10000 1 1 1
62 2 4 10000 10000 10000 2 2 10000 10000
63 3 10000 6 10000 10000 10000 2 10000 2
64 4 8 10000 10000 5 3 10000 3 3
65 5 10000 10000 10000 10000 4 10000 3 10000
66 6 10000 10000 9 8 10000 10000 4 4
67 7 10000 10000 10000 9 10000 5 5 4
68 8 16 14 10000 10000 6 6 5 10000
69 9 10000 16 14 10000 10000 6 6 10000
70 10 10000 10000 10000 13 10000 10000 10000 6
71 1 10000 10000 10000 10000 10000 10000 10000 10000
72 2 10000 10000 10000 10000 10000 10000 10000 2
73 3 10000 10000 10000 10000 10000 10000 10000 10000
74 4 10000 7 6 10000 10000 3 3 10000
75 5 10 9 10000 7 4 4 3 3
76 6 10000 10000 10000 10000 10000 10000 10000 10000
77 7 10000 13 10000 10000 10000 5 10000 10000
78 8 10000 14 10000 10000 6 6 10000 10000
79 9 10000 16 10000 10000 10000 6 10000 10000
80 10 20 10000 15 13 7 10000 6 6
81 1 10000 10000 10000 10000 10000 10000 1 10000
82 2 4 10000 3 10000 2 10000 2 2
83 3 10000 10000 10000 10000 10000 2 2 10000
84 4 10000 10000 10000 10000 10000 10000 10000 3
85 5 10 10000 8 10000 4 10000 3 3
86 6 12 10000 9 10000 5 4 4 4
87 7 10000 10000 10000 10000 10000 10000 10000 10000
88 8 10000 10000 12 10 10000 10000 5 5
89 9 18 10000 10000 10000 7 10000 6 5
<precedence relations>
1,2
2,3
3,4
4,5
4,6
4,7
4,8
4,9
5,10
6,11
7,12
8,18
9,18
10,14
11,12
12,13
13,14
14,15
14,16
15,17
16,54
17,18
18,19
18,20
19,22
20,21
20,28
21,54
22,23
23,24
24,25
25,26
25,27
25,29
26,37
27,33
28,29
29,31
30,54
31,32
32,33
33,34
34,35
35,36
35,37
36,38
37,38
38,39
39,40
39,41
39,42
39,43
40,44
41,53
42,53
43,45
44,52
45,46
46,47
47,48
47,49
49,50
50,51
51,52
52,53
53,68
53,69
53,70
53,71
54,55
55,56
56,57
57,58
57,59
57,60
57,61
57,62
57,63
57,64
57,65
57,66
58,67
59,67
60,67
61,67
62,67
63,67
64,67
65,67
66,67
67,73
68,72
69,72
70,72
71,73
72,78
72,80
73,74
74,75
74,76
75,77
76,81
77,78
78,79
79,81
80,81
80,87
81,82
81,84
81,85
82,83
83,86
84,86
85,86
86,87
86,89
87,88
87,89
<end>