<number of tasks>
94
<number of stations>
15
<type of the robots>
4
<cost of the robots>
9.50
14.80
15.61
20.07
<task times>
1 158 10000 10000 10000 10000 111 10000 10000 10000
2 42 10000 10000 10000 53 10000 10000 26 24
3 17 10000 10000 10000 10000 10000 10000 10000 10000
4 24 10000 10000 36 30 10000 10000 15 14
5 71 10000 125 10000 89 10000 47 10000 40
6 66 10000 10000 10000 10000 10000 43 10000 37
7 50 10000 10000 10000 10000 10000 33 30 10000
8 55 10000 10000 10000 10000 10000 10000 10000 10000
9 30 10000 10000 45 10000 10000 20 18 10000
10 28 10000 49 10000 10000 10000 19 17 10000
11 113 226 10000 10000 10000 80 10000 10000 63
12 114 10000 10000 10000 10000 80 10000 69 63
13 57 10000 100 10000 10000 40 38 10000 10000
14 65 10000 10000 10000 10000 46 10000 10000 36
15 15 10000 27 10000 19 10000 10 10000 9
16 11 22 20 10000 10000 8 8 10000 7
17 10 10000 10000 15 13 7 10000 6 6
18 19 10000 10000 29 24 10000 13 12 11
19 8 10000 10000 10000 10 10000 10000 5 5
20 17 10000 30 26 22 10000 12 11 10
21 57 114 10000 10000 10000 40 10000 10000 32
22 40 10000 10000 10000 10000 10000 10000 10000 10000
23 17 10000 10000 10000 10000 10000 10000 11 10
24 11 10000 10000 17 14 10000 10000 7 7
25 17 10000 10000 26 10000 12 12 11 10000
26 27 10000 10000 10000 34 10000 10000 10000 15
27 17 34 30 10000 10000 12 12 10000 10000
28 18 36 10000 10000 10000 13 10000 11 10
29 16 10000 10000 10000 20 10000 10000 10 9
30 18 10000 10000 10000 10000 10000 12 11 10000
31 50 100 88 75 10000 35 33 30 10000
32 18 10000 10000 27 23 10000 10000 11 10
33 13 26 23 10000 10000 10 9 8 10000
34 21 10000 10000 10000 10000 15 14 10000 12
35 63 10000 10000 10000 10000 10000 41 10000 35
36 8 16 14 10000 10000 6 6 10000 10000
37 63 126 111 95 79 45 41 38 35
38 9 18 10000 10000 10000 7 10000 6 10000
39 20 40 10000 30 10000 14 13 12 10000
40 72 10000 10000 10000 90 10000 10000 44 40
41 30 10000 53 10000 10000 10000 20 18 17
42 69 10000 121 104 87 10000 45 42 38
43 27 10000 10000 10000 34 10000 10000 10000 15
44 9 10000 10000 10000 12 10000 10000 10000 5
45 41 10000 10000 10000 10000 10000 27 25 10000
46 38 10000 10000 10000 10000 10000 10000 10000 21
47 76 10000 10000 10000 10000 54 10000 10000 10000
48 31 10000 10000 10000 10000 10000 10000 19 18
49 11 10000 10000 10000 10000 8 8 10000 10000
50 29 10000 10000 44 37 21 19 18 16
51 48 10000 10000 10000 10000 10000 10000 10000 10000
52 8 10000 10000 12 10000 10000 10000 5 10000
53 171 342 10000 10000 10000 120 10000 103 95
54 48 96 84 10000 60 34 32 29 27
55 43 10000 10000 10000 10000 10000 10000 10000 10000
56 18 10000 10000 27 10000 10000 12 11 10000
57 94 188 165 10000 118 66 62 10000 52
58 9 10000 16 10000 10000 10000 6 10000 10000
59 19 10000 10000 29 24 10000 10000 12 11
60 24 10000 10000 10000 10000 10000 10000 15 10000
61 8 16 10000 10000 10 6 10000 10000 5
62 34 10000 10000 51 43 24 10000 21 19
63 62 10000 109 10000 10000 10000 41 10000 35
64 12 10000 10000 10000 10000 9 8 8 10000
65 8 10000 10000 10000 10000 6 10000 10000 10000
66 47 10000 83 10000 10000 10000 31 29 10000
67 27 10000 10000 10000 10000 10000 10000 17 15
68 18 10000 10000 10000 23 10000 10000 11 10
69 52 104 91 10000 10000 37 34 10000 10000
70 65 10000 10000 10000 10000 10000 10000 39 10000
71 72 144 10000 108 90 51 10000 44 40
72 51 10000 10000 10000 64 10000 10000 31 29
73 58 10000 10000 10000 10000 10000 10000 35 32
74 53 10000 10000 80 10000 38 10000 32 30
75 76 10000 10000 10000 10000 10000 50 10000 42
76 93 10000 10000 10000 117 66 10000 10000 52
77 86 10000 10000 10000 10000 10000 10000 10000 48
78 76 10000 10000 10000 10000 10000 10000 46 10000
79 9 10000 10000 14 10000 10000 10000 6 10000
80 14 10000 10000 10000 18 10000 10000 10000 8
81 55 110 10000 10000 10000 39 36 10000 10000
82 32 10000 56 48 10000 23 21 20 10000
83 22 10000 10000 10000 10000 10000 10000 10000 10000
84 35 10000 10000 10000 10000 10000 23 10000 10000
85 63 10000 111 10000 10000 10000 41 10000 10000
86 59 10000 10000 89 10000 10000 10000 36 33
87 149 10000 261 10000 10000 105 97 10000 10000
88 40 10000 10000 10000 10000 10000 26 24 10000
89 24 48 10000 36 10000 17 10000 15 10000
90 123 10000 10000 185 10000 10000 80 74 68
91 25 10000 10000 10000 10000 10000 10000 15 14
92 115 10000 202 10000 144 10000 75 10000 64
93 103 10000 10000 155 10000 10000 10000 62 10000
94 54 10000 10000 10000 68 10000 10000 33 30
<precedence relations>
1,2
1,3
1,4
1,5
1,6
1,7
1,8
1,9
1,10
2,11
2,17
3,12
4,11
4,16
5,11
5,13
5,16
5,18
6,11
6,13
6,15
6,19
7,42
8,29
9,11
10,19
10,37
10,48
10,50
11,14
12,20
12,52
12,61
13,82
14,21
14,22
14,23
14,24
14,25
14,26
14,27
14,28
14,29
14,30
14,31
14,32
15,81
16,75
17,82
18,75
19,75
20,78
21,39
21,40
21,41
21,53
21,60
21,71
22,38
22,49
22,58
22,72
23,34
23,35
24,37
24,44
25,33
25,56
25,57
25,60
25,63
25,65
25,73
26,41
26,43
27,54
27,55
27,56
27,58
27,62
28,33
28,35
28,40
28,43
28,49
28,51
28,52
28,54
29,75
30,36
30,42
30,59
31,74
32,36
32,44
32,45
32,46
32,47
32,48
32,50
32,60
32,69
33,78
34,78
35,78
36,82
37,61
37,62
37,64
37,66
37,67
37,68
37,69
37,70
37,71
37,72
37,73
38,82
39,82
40,78
41,78
42,74
43,78
44,75
45,75
46,75
46,76
47,75
48,75
49,78
50,75
51,78
52,78
53,76
53,77
54,78
55,77
56,77
57,76
57,77
58,77
59,82
60,77
61,77
62,77
63,77
64,74
65,74
66,75
66,76
67,74
68,82
69,75
69,77
70,76
70,77
71,76
72,76
73,77
74,82
75,82
76,82
77,78
78,79
78,80
79,81
80,81
81,82
82,83
83,84
83,85
84,86
85,86
86,87
87,88
88,89
88,90
89,92
90,91
90,93
92,94
<end>