<number of tasks>
111
<number of stations>
9
<number of workers>
9
<type of the robots>
1
<limit of the robots>
4
<task times>
1 2648 590 1079 1449 1024 249 993 873 989 1503 356 739 968 649 159 630 598 598 1033
2 2376 1001 1583 4 146 1047 1076 43 1056 707 642 1086 3 91 662 670 28 683 448
3 988 45 554 508 109 393 84 35 543 735 28 354 350 75 240 58 23 365 444
4 2257 380 230 1582 807 1331 965 280 337 1397 233 140 1002 498 890 608 189 213 972
5 677 284 475 87 227 448 432 328 124 56 194 317 55 151 269 296 229 83 37
6 1625 67 1001 925 342 242 462 150 93 201 42 613 623 234 158 318 94 63 138
7 225 119 17 92 135 23 132 23 151 148 82 11 61 88 17 85 16 99 99
8 100000 1133 387 17 1997 294 1545 1084 1926 256 784 100000 12 1220 201 946 677 1287 160
9 1662 1192 497 761 427 682 561 684 224 961 761 302 468 287 423 380 429 140 601
10 3202 880 1286 151 1067 2021 2282 1637 296 44 535 839 94 690 1272 1548 1032 180 28
11 100000 1645 1147 279 1250 250 591 248 693 19 100000 740 195 871 171 100000 159 100000 13
12 100000 486 703 680 63 652 943 10 777 742 323 100000 443 41 424 635 100000 484 516
13 1020 577 411 83 95 4 457 595 562 621 400 256 55 58 3 313 410 369 387
14 3188 1634 1417 1805 1137 2170 1416 660 1736 2144 1044 955 1177 690 1341 854 410 1214 1469
15 3740 2296 150 1932 1611 1343 790 1241 13 1174 1487 93 1263 1057 844 515 834 9 711
16 107 36 63 23 36 30 61 19 50 51 23 40 15 23 19 42 12 31 32
17 100000 64 55 71 43 34 87 25 23 47 43 36 44 100000 24 100000 100000 100000 30
18 71 19 35 29 3 14 31 27 23 14 12 22 18 2 9 22 18 15 10
19 100000 329 336 197 184 326 191 241 314 156 223 234 122 113 218 131 100000 202 97
20 555 48 13 65 154 123 184 254 397 96 32 9 42 97 85 114 154 266 66
21 4236 2843 1277 2238 2797 31 2125 2421 1577 1868 1879 824 1501 1936 21 1420 1503 1016 1299
22 100000 16 31 23 13 9 47 47 109 122 100000 20 100000 9 6 100000 32 69 100000
23 100000 1246 3269 2483 627 2137 2835 761 3348 2238 840 2079 1610 100000 100000 100000 482 2319 100000
24 58 14 6 34 40 25 14 36 17 40 10 4 24 26 17 10 22 12 27
25 4469 2190 1730 1406 624 1262 87 1324 1073 568 1402 1138 880 421 761 56 877 697 373
26 100000 921 1300 673 1372 1216 949 1069 1311 126 569 100000 100000 915 732 623 656 100000 85
27 38 22 10 24 7 14 24 9 9 21 15 7 15 5 9 16 7 7 14
28 36 24 23 11 13 16 23 2 2 2 17 15 8 9 11 15 2 2 2
29 100000 2 1 14 4 10 9 3 8 10 2 1 100000 3 100000 6 3 6 7
30 164 108 39 108 120 39 55 56 107 10 69 26 72 74 25 34 39 71 7
31 2250 265 1187 24 1101 866 410 455 483 657 172 732 16 717 551 248 285 324 429
32 2777 1278 1219 194 1498 1440 1522 1338 569 1997 854 782 131 982 938 1051 840 343 1279
33 100000 454 1043 1464 691 192 1077 439 313 1055 280 641 100000 481 133 744 283 199 100000
34 100000 2323 1124 2212 1763 644 2884 1509 3504 65 100000 100000 100000 1120 100000 1784 990 2278 41
35 91 34 21 9 29 44 46 47 37 56 23 15 7 21 29 32 32 25 36
36 100000 19 60 29 2 47 24 40 12 29 12 100000 19 2 29 100000 26 8 20
37 57 8 32 10 18 21 32 1 1 41 5 21 7 12 13 22 1 1 29
38 492 25 110 340 127 147 323 322 132 52 17 73 217 77 92 224 195 80 33
39 6806 3068 1309 1393 274 2631 2923 1117 1196 1390 2095 868 889 167 1740 1768 727 741 967
40 100000 1278 989 541 1042 118 841 426 1303 642 100000 674 344 631 76 564 262 896 437
41 100000 2100 433 1623 2834 1558 139 1656 1569 1898 1407 264 976 100000 100000 97 1122 100000 100000
42 7433 4200 3169 3256 4578 689 5211 2412 5634 5553 2889 2130 2086 2867 425 3189 1509 3480 3507
43 93 3 25 28 24 31 25 4 40 5 3 18 19 16 21 17 3 25 4
44 100000 11 11 10 6 14 1 11 3 9 100000 100000 7 5 100000 100000 100000 100000 7
45 100000 1 6 8 3 10 1 6 1 3 1 4 6 2 7 100000 4 100000 100000
46 106 69 16 8 52 31 19 21 16 29 47 11 6 32 21 13 13 11 20
47 7205 3956 3863 3713 3809 2050 819 1993 2463 4419 2467 2677 2472 2614 1315 530 1248 1534 2679
48 53 26 21 8 17 22 25 21 31 6 17 13 6 11 14 17 15 21 5
49 88 31 56 40 12 43 14 20 27 65 20 34 28 9 27 9 14 18 45
50 100000 15 26 27 11 1 11 19 17 22 10 100000 19 100000 1 8 13 12 100000
51 21 9 11 13 7 8 5 1 9 3 6 8 8 5 6 4 1 7 2
52 100000 21 96 2 9 93 68 63 53 74 13 100000 2 6 61 100000 42 36 46
53 76 43 39 9 45 57 22 9 2 40 30 27 6 30 36 15 6 2 25
54 2244 402 1089 710 807 370 534 1209 1288 408 282 713 456 512 251 356 781 881 283
55 175 100 67 65 79 26 92 49 78 60 63 43 41 50 17 63 32 55 42
56 5343 1271 1892 2835 1607 2539 1634 2747 96 74 867 1263 1726 1046 1773 1104 1721 59 52
57 1940 62 1090 1304 574 786 443 526 1148 422 38 749 844 386 487 281 369 791 263
58 100000 634 920 75 1069 1142 1334 125 142 591 431 639 52 724 100000 902 87 100000 100000
59 100000 1326 2132 2136 830 869 1521 1583 848 1084 883 1438 1324 555 560 993 992 100000 100000
60 2684 356 1581 1227 1729 1822 524 32 1654 1472 217 956 851 1164 1243 338 20 1132 990
61 2988 121 384 258 1108 1635 506 112 635 1673 81 259 179 684 1106 312 73 423 1042
62 100000 672 3800 929 3001 2521 3437 2178 850 115 441 100000 590 1858 1631 2378 1326 100000 71
63 100000 1189 612 1692 2397 582 1382 983 2335 126 723 411 1035 1518 366 902 615 100000 81
64 3988 617 2149 197 2811 1315 592 965 2109 1772 374 1339 133 1860 857 405 670 1317 1116
65 100000 326 575 283 15 544 563 187 470 465 100000 388 192 10 331 347 127 291 100000
66 1024 503 166 593 630 26 417 244 45 93 304 114 405 388 18 279 165 31 60
67 100000 303 603 281 143 271 137 559 495 508 208 100000 184 100000 168 87 359 327 100000
68 1019 706 417 631 578 415 257 522 531 265 466 292 427 361 258 160 339 346 162
69 100000 533 157 415 385 543 310 250 140 186 100000 100000 100000 250 100000 195 151 100000 100000
70 100000 1136 3121 1467 1747 914 474 2788 556 2089 687 100000 100000 1135 100000 100000 100000 353 100000
71 4511 2365 1656 1518 1709 34 122 726 1160 29 1551 1019 957 1067 22 83 443 742 19
72 2997 742 736 566 2079 1151 443 2050 510 167 479 463 352 1303 794 291 1367 349 107
73 2956 964 1089 33 934 1353 200 883 707 720 650 755 23 603 856 132 558 468 437
74 648 34 71 360 266 106 5 230 35 299 24 46 241 168 69 4 143 24 209
75 1118 335 525 722 614 613 593 383 441 472 227 319 460 407 387 374 238 282 314
76 4843 965 1852 444 121 465 1819 1778 938 2068 617 1145 283 80 317 1247 1144 610 1431
77 4659 1535 3277 2801 3106 49 660 2188 3362 2948 991 2076 1743 2042 33 410 1376 2259 1809
78 1594 902 553 129 1039 495 1155 286 306 406 618 384 82 693 328 807 175 210 246
79 100000 451 476 425 371 185 81 2 168 486 313 100000 271 237 122 100000 2 103 100000
80 2046 454 315 1355 919 852 193 1026 512 159 292 202 828 589 527 130 705 323 102
81 2248 1304 158 1111 96 659 571 335 82 12 804 107 734 58 396 377 225 54 8
82 972 436 554 326 727 252 705 52 140 311 283 349 210 480 161 445 33 90 215
83 2650 893 1466 1869 106 335 1535 1514 1191 1374 584 941 1285 74 207 931 1054 728 945
84 100000 603 2214 2476 892 1556 550 1207 212 1238 378 100000 100000 536 100000 379 732 132 100000
85 804 589 383 562 568 573 42 36 386 285 411 264 359 391 360 28 25 268 180
86 655 172 3 118 8 117 284 265 294 239 107 2 72 5 82 188 168 179 145
87 100000 682 78 616 234 595 440 52 234 376 100000 100000 100000 145 403 277 100000 151 239
88 676 458 277 285 48 85 83 448 118 178 278 182 173 34 58 55 295 79 109
89 100000 353 825 744 859 185 339 494 708 787 100000 534 488 589 130 209 304 455 518
90 434 202 169 56 322 56 315 74 278 195 127 102 35 208 40 198 50 185 132
91 100000 676 96 2778 1603 4328 4231 3255 4307 2722 100000 60 1895 100000 2683 2624 2105 2732 1821
92 100000 234 66 193 219 134 26 26 181 176 158 100000 133 152 87 19 18 113 115
93 490 116 150 117 246 219 107 257 329 250 75 94 80 158 149 73 178 219 151
94 79 57 57 50 25 27 19 22 41 13 40 40 35 17 17 13 14 28 8
95 100000 2777 721 891 585 3171 4995 294 4375 417 1788 476 601 365 1914 3480 191 3028 264
96 100000 1078 683 1003 653 1076 496 1197 850 91 653 100000 666 431 100000 299 100000 587 100000
97 100000 507 171 32 398 161 39 159 217 660 348 100000 20 245 105 28 110 146 100000
98 1013 561 477 511 221 625 357 83 537 94 360 293 307 142 377 247 53 361 59
99 2268 1164 295 825 1192 593 1634 844 233 1535 735 204 542 769 410 1085 581 156 1067
100 100000 1368 1361 745 930 608 684 691 339 253 906 100000 481 100000 100000 412 450 100000 153
101 683 43 352 33 72 444 248 36 258 370 27 222 21 44 273 168 23 157 236
102 275 145 177 37 84 161 192 3 7 187 91 118 23 54 108 117 3 5 119
103 263 64 108 64 132 138 183 116 127 124 44 70 43 88 88 127 77 85 85
104 100000 96 116 62 146 102 192 43 142 18 58 80 43 100000 69 127 27 91 12
105 3653 2367 222 1848 1654 1522 2585 848 2728 140 1523 136 1244 1102 958 1771 579 1776 96
106 221 110 86 135 71 22 146 93 146 56 74 52 89 50 15 101 64 91 39
107 425 172 49 240 215 194 8 318 317 120 107 33 152 151 120 6 192 217 76
108 100000 92 58 156 57 161 61 141 147 113 100000 40 97 38 106 100000 90 97 69
109 160 30 48 24 76 35 70 81 73 5 20 33 17 48 23 49 57 49 4
110 222 10 75 23 149 41 102 53 143 144 7 50 15 103 28 64 36 100 89
111 120 71 25 62 40 2 25 18 85 71 47 17 41 25 2 17 13 57 49
<posture of tasks>
1 1
2 1
3 1
4 1
5 1
6 0
7 1
8 1
9 1
10 1
11 1
12 1
13 1
14 1
15 1
16 0
17 1
18 0
19 1
20 1
21 0
22 1
23 1
24 1
25 1
26 1
27 0
28 1
29 0
30 1
31 0
32 1
33 0
34 1
35 0
36 0
37 0
38 1
39 1
40 1
41 1
42 1
43 0
44 1
45 0
46 1
47 1
48 1
49 0
50 1
51 1
52 1
53 1
54 1
55 1
56 1
57 1
58 0
59 1
60 1
61 1
62 1
63 1
64 1
65 0
66 1
67 0
68 1
69 1
70 1
71 0
72 1
73 1
74 1
75 1
76 1
77 0
78 1
79 1
80 1
81 0
82 0
83 1
84 1
85 1
86 1
87 1
88 1
89 1
90 1
91 1
92 1
93 1
94 1
95 1
96 1
97 0
98 1
99 1
100 0
101 1
102 0
103 1
104 0
105 1
106 0
107 1
108 0
109 1
110 0
111 1
<max energy cosumption of alternatives>
1 100000.00
2 3.14
3 4.97
4 3.28
5 4.89
6 2.76
7 3.12
8 5.58
9 4.72
10 3.01
<energy cosumption of alternatives>
1 100000.00 15.64 35.33 39.77 34.54 6.36 26.79 30.26 33.31 39.07 9.15 15.07 14.79 23.44 2.37 10.51 11.87 12.93 20.72
2 100000.00 26.12 51.25 0.12 4.87 26.32 28.61 1.46 35.21 18.09 5.62 13.54 0.04 2.29 12.04 6.06 0.37 20.92 10.05
3 100000.00 1.24 18.72 14.44 3.74 10.42 2.38 1.25 18.83 19.78 0.33 11.35 6.11 1.88 6.44 0.62 0.30 12.12 5.23
4 100000.00 10.12 7.59 43.73 27.45 34.17 26.23 9.81 11.46 36.54 3.61 4.10 20.93 16.79 16.62 15.41 2.50 7.87 17.92
5 100000.00 7.51 15.51 2.40 7.64 11.41 11.60 11.33 4.17 1.46 2.55 4.99 1.00 1.80 3.74 6.02 5.14 1.25 0.84
6 100000.00 1.42 26.38 20.32 9.30 4.91 9.96 4.19 2.53 4.19 0.67 14.81 5.43 2.10 1.90 5.69 2.60 1.69 1.45
7 100000.00 3.24 0.56 2.59 4.60 0.57 3.61 0.77 5.19 3.93 1.35 0.35 1.43 2.79 0.14 2.46 0.28 2.40 2.23
8 100000.00 30.42 12.82 0.47 67.94 7.60 42.22 37.95 65.58 6.76 20.27 100000.00 0.20 32.80 3.52 14.10 17.04 30.07 3.63
9 100000.00 32.52 16.76 21.50 14.79 17.89 15.59 24.35 7.79 25.70 19.86 4.78 7.76 9.46 7.43 6.15 12.04 5.08 5.33
10 100000.00 23.63 42.79 4.19 36.57 52.24 62.37 57.77 10.12 1.15 15.70 14.34 2.69 17.92 32.36 19.02 25.11 4.62 0.37
11 100000.00 44.92 38.67 7.92 43.40 6.60 16.43 8.88 24.07 0.48 100000.00 22.23 2.47 25.83 4.37 100000.00 1.89 100000.00 0.24
12 100000.00 13.16 23.55 19.09 2.19 17.00 26.06 0.35 26.82 19.72 2.91 100000.00 6.86 1.22 6.27 9.22 100000.00 5.39 11.88
13 100000.00 15.80 13.86 2.41 3.30 0.14 12.77 21.31 19.60 16.73 3.17 6.83 0.55 0.83 0.07 3.87 14.89 6.83 5.05
14 100000.00 45.11 48.12 51.60 39.75 57.70 39.79 23.73 60.71 58.07 19.87 27.25 14.15 22.66 19.68 14.86 7.14 22.28 19.34
15 100000.00 60.81 4.92 53.09 54.45 34.23 21.31 43.19 0.43 30.51 13.51 1.37 21.77 14.32 12.57 10.29 25.90 0.09 16.33
16 100000.00 0.73 1.62 0.47 0.94 0.62 1.27 0.49 1.29 0.99 0.45 0.93 0.31 0.55 0.27 0.41 0.17 0.29 0.23
17 100000.00 1.76 1.83 2.00 1.48 0.92 2.44 0.86 0.77 1.23 0.66 0.78 1.37 100000.00 0.38 100000.00 100000.00 100000.00 0.78
18 100000.00 0.39 0.91 0.66 0.11 0.27 0.68 0.71 0.59 0.27 0.21 0.52 0.30 0.02 0.12 0.26 0.45 0.31 0.18
19 100000.00 9.09 11.47 5.69 6.44 8.68 5.34 8.67 11.01 4.24 5.47 5.69 3.63 3.99 3.50 1.86 100000.00 6.38 0.97
20 100000.00 1.27 0.43 1.83 5.26 3.19 5.03 8.99 13.61 2.54 0.30 0.27 0.96 1.26 1.52 1.43 5.14 4.88 0.57
21 100000.00 58.61 32.80 47.91 74.02 0.63 44.65 66.02 41.74 37.74 30.01 22.85 32.42 35.37 0.16 19.04 38.05 21.27 19.96
22 100000.00 0.43 1.09 0.64 0.45 0.25 1.31 1.66 3.78 3.33 100000.00 0.59 100000.00 0.20 0.12 100000.00 1.01 1.46 100000.00
23 100000.00 32.48 105.83 67.17 20.90 53.62 75.32 26.11 111.66 57.27 16.44 38.13 35.44 100000.00 100000.00 100000.00 7.42 51.33 100000.00
24 100000.00 0.39 0.23 0.98 1.39 0.64 0.39 1.30 0.56 1.08 0.21 0.08 0.25 0.48 0.23 0.20 0.46 0.13 0.39
25 100000.00 60.11 58.51 40.02 21.72 33.35 2.47 47.47 37.41 15.29 39.94 14.36 25.93 9.99 16.22 0.98 12.17 26.02 6.17
26 100000.00 25.40 44.15 19.22 47.90 32.36 26.66 38.39 45.79 3.40 17.63 100000.00 100000.00 20.86 6.81 10.75 25.61 100000.00 1.05
27 100000.00 0.42 0.26 0.49 0.19 0.26 0.47 0.24 0.24 0.40 0.16 0.05 0.25 0.11 0.10 0.12 0.12 0.10 0.16
28 100000.00 0.64 0.75 0.33 0.45 0.42 0.61 0.11 0.11 0.09 0.22 0.41 0.22 0.10 0.22 0.19 0.05 0.04 0.04
29 100000.00 0.06 0.06 0.30 0.13 0.20 0.20 0.11 0.22 0.20 0.01 0.04 100000.00 0.07 100000.00 0.11 0.04 0.11 0.09
30 100000.00 2.85 1.28 2.97 4.07 0.99 1.47 1.96 3.59 0.26 0.75 0.36 1.73 2.68 0.66 0.85 1.29 1.01 0.05
31 100000.00 5.55 30.89 0.51 29.55 17.43 8.71 12.54 12.95 13.46 1.84 18.81 0.10 18.85 7.85 5.57 7.41 6.70 8.51
32 100000.00 35.09 41.14 5.55 52.00 38.14 42.53 47.75 19.74 53.84 19.99 13.47 3.25 17.29 12.14 28.44 12.22 12.35 22.31
33 100000.00 9.20 26.48 30.84 18.13 3.71 22.26 11.82 8.20 20.95 6.38 12.95 100000.00 7.39 1.79 14.47 3.00 1.66 100000.00
34 100000.00 61.35 36.68 60.57 59.31 16.38 77.55 52.18 117.84 1.68 100000.00 100000.00 100000.00 16.67 100000.00 34.39 28.45 73.98 0.90
35 100000.00 0.72 0.52 0.20 0.79 0.85 0.95 1.25 0.97 1.14 0.48 0.29 0.14 0.21 0.26 0.44 0.87 0.42 0.30
36 100000.00 0.39 1.62 0.68 0.09 0.95 0.49 1.12 0.32 0.63 0.14 100000.00 0.16 0.02 0.27 100000.00 0.64 0.11 0.42
37 100000.00 0.18 0.85 0.23 0.45 0.41 0.71 0.06 0.06 0.85 0.11 0.18 0.05 0.14 0.23 0.17 0.04 0.01 0.25
38 100000.00 0.66 3.66 9.54 4.36 3.83 8.87 11.37 4.51 1.35 0.18 1.20 5.91 2.62 2.37 4.91 2.42 1.98 0.83
39 100000.00 82.26 43.45 38.71 9.33 67.94 79.85 39.31 40.89 36.57 18.71 19.66 22.78 5.10 17.18 52.16 20.19 8.71 14.27
40 100000.00 35.49 33.75 15.54 36.62 3.18 23.75 15.40 45.85 17.51 100000.00 8.07 4.91 8.01 0.88 7.15 10.61 24.82 9.13
41 100000.00 57.39 14.56 45.98 98.28 41.01 3.90 59.08 54.43 50.94 30.13 8.05 25.53 100000.00 100000.00 1.83 21.15 100000.00 100000.00
42 100000.00 110.08 102.89 88.50 153.06 17.41 139.10 82.99 188.36 142.83 32.25 30.98 45.72 87.39 9.68 84.83 51.66 123.19 48.70
43 100000.00 0.08 0.61 0.62 0.61 0.62 0.50 0.13 1.06 0.11 0.04 0.28 0.23 0.23 0.19 0.22 0.08 0.65 0.04
44 100000.00 0.29 0.37 0.29 0.22 0.35 0.05 0.38 0.13 0.26 100000.00 100000.00 0.07 0.15 100000.00 100000.00 100000.00 100000.00 0.15
45 100000.00 0.05 0.19 0.19 0.12 0.21 0.05 0.19 0.07 0.10 0.03 0.07 0.08 0.06 0.08 100000.00 0.08 100000.00 100000.00
46 100000.00 1.88 0.53 0.24 1.76 0.83 0.51 0.71 0.53 0.80 1.04 0.25 0.06 0.44 0.45 0.17 0.35 0.33 0.40
47 100000.00 107.60 129.99 104.78 131.98 53.72 22.66 71.05 85.34 118.01 51.81 55.36 38.54 87.01 34.06 6.14 22.46 35.65 41.36
48 100000.00 0.65 0.66 0.22 0.55 0.53 0.65 0.70 1.04 0.16 0.14 0.24 0.10 0.34 0.27 0.44 0.16 0.44 0.09
49 100000.00 0.65 1.46 0.86 0.31 0.83 0.29 0.52 0.68 1.31 0.14 0.45 0.44 0.15 0.43 0.18 0.15 0.27 0.90
50 100000.00 0.42 0.83 0.73 0.38 0.05 0.30 0.65 0.56 0.57 0.28 100000.00 0.30 100000.00 0.04 0.21 0.37 0.17 100000.00
51 100000.00 0.26 0.38 0.36 0.26 0.23 0.17 0.07 0.32 0.11 0.16 0.24 0.11 0.15 0.07 0.04 0.02 0.21 0.03
52 100000.00 0.53 3.17 0.07 0.31 2.39 1.84 2.22 1.77 1.91 0.27 100000.00 0.04 0.12 0.82 100000.00 0.88 0.60 1.22
53 100000.00 1.19 1.33 0.28 1.57 1.56 0.59 0.33 0.11 1.10 0.44 0.47 0.13 0.77 0.43 0.20 0.19 0.03 0.55
54 100000.00 10.85 36.27 19.84 27.68 9.63 14.70 42.60 44.14 10.79 7.56 11.29 11.01 14.69 6.12 6.38 8.88 26.70 2.53
55 100000.00 2.69 2.23 1.83 2.66 0.63 2.54 1.71 2.63 1.62 1.64 1.20 0.95 0.93 0.21 0.79 0.58 1.78 1.10
56 100000.00 34.37 63.33 79.50 55.42 66.10 44.99 97.44 3.29 1.93 22.86 44.32 20.85 15.77 19.65 17.76 47.47 1.11 0.58
57 100000.00 1.63 35.57 35.58 19.27 19.89 11.88 18.20 38.58 10.89 0.39 18.80 24.49 10.46 4.79 3.51 12.09 26.79 4.42
58 100000.00 13.18 23.74 1.60 28.40 22.76 28.18 3.42 3.80 12.01 7.69 11.89 0.69 15.63 100000.00 19.71 1.82 100000.00 100000.00
59 100000.00 35.84 71.23 59.84 28.57 22.62 41.88 56.01 29.15 28.77 22.91 20.12 26.91 13.12 9.89 26.72 20.99 100000.00 100000.00
60 100000.00 9.76 53.46 34.97 60.13 48.38 14.71 1.16 57.57 39.80 3.68 31.90 19.31 38.89 28.71 6.27 0.38 25.20 11.18
61 100000.00 3.36 13.05 7.43 38.91 43.70 14.29 4.08 22.32 45.51 1.72 3.64 4.94 23.00 13.38 4.07 2.03 15.17 14.74
62 100000.00 18.15 126.87 26.00 103.18 65.58 94.50 77.03 29.18 3.08 10.02 100000.00 17.21 43.15 15.58 22.22 51.67 100000.00 1.07
63 100000.00 31.51 20.05 46.46 80.83 14.87 37.28 34.07 78.70 3.26 19.55 13.41 25.55 53.89 6.45 24.36 21.17 100000.00 1.87
64 100000.00 16.27 70.19 5.41 94.56 33.40 15.90 33.41 70.92 45.89 3.89 36.94 2.50 37.09 14.15 9.35 16.98 17.12 12.85
65 100000.00 6.68 14.67 6.05 0.38 10.76 11.79 5.05 12.40 9.36 100000.00 9.64 3.19 0.26 5.94 5.20 1.52 6.50 100000.00
66 100000.00 13.50 5.50 16.48 21.40 0.64 11.40 8.51 1.52 2.45 9.35 3.11 3.84 12.40 0.43 6.44 5.65 0.62 0.62
67 100000.00 6.27 15.52 6.04 3.82 5.33 2.83 15.31 13.15 10.25 3.73 100000.00 2.86 100000.00 3.69 1.41 10.48 4.01 100000.00
68 100000.00 18.76 13.74 17.37 19.62 10.65 6.96 18.19 18.02 6.90 12.48 4.59 8.00 4.20 5.19 1.89 5.56 12.28 3.60
69 100000.00 14.09 5.13 11.39 13.00 13.81 8.36 8.70 4.76 4.80 100000.00 100000.00 100000.00 8.27 100000.00 3.19 5.97 100000.00 100000.00
70 100000.00 29.51 100.73 39.54 58.08 22.86 12.56 95.41 18.48 53.24 10.49 100000.00 100000.00 13.64 100000.00 100000.00 100000.00 11.22 100000.00
71 100000.00 47.88 41.99 31.96 44.70 0.68 2.51 19.55 30.35 0.59 31.81 20.25 21.91 17.57 0.48 1.76 6.44 17.04 0.30
72 100000.00 19.90 24.48 15.76 71.24 29.76 12.14 72.29 17.47 4.42 6.15 7.94 4.53 43.20 6.38 6.32 44.34 8.50 2.76
73 100000.00 26.38 36.62 0.96 32.28 35.67 5.58 31.45 24.45 19.35 10.81 9.50 0.39 16.59 15.81 2.61 11.09 8.47 13.24
74 100000.00 0.98 2.43 10.45 9.37 2.83 0.18 8.36 1.25 8.17 0.34 0.94 6.90 2.60 1.49 0.04 5.01 0.39 4.54
75 100000.00 8.80 17.08 19.63 20.57 15.46 15.83 13.17 14.80 12.15 2.49 5.12 13.53 8.95 4.01 6.05 2.80 3.24 3.43
76 100000.00 25.72 60.94 12.28 4.11 11.90 49.33 61.97 31.79 54.05 7.49 19.17 4.96 2.47 5.37 13.57 37.64 21.52 24.94
77 100000.00 32.30 85.53 61.14 83.46 0.97 14.15 60.54 90.40 60.91 12.52 22.82 12.80 22.20 0.51 8.94 36.38 24.84 24.06
78 100000.00 24.93 18.84 3.68 36.31 13.19 32.52 10.28 10.74 11.02 6.32 11.05 1.79 17.40 6.76 19.90 4.30 6.51 3.08
79 100000.00 12.01 15.67 11.75 12.57 4.73 2.18 0.10 5.71 12.70 4.28 100000.00 3.64 6.62 1.69 100000.00 0.06 2.90 100000.00
80 100000.00 12.61 10.75 38.98 32.26 22.77 5.49 37.06 17.96 4.31 8.49 5.72 11.53 21.48 7.67 1.91 15.78 7.68 2.29
81 100000.00 27.73 4.13 24.49 2.59 13.46 12.35 9.35 2.19 0.26 10.02 0.95 16.91 1.04 4.27 4.82 6.33 1.43 0.13
82 100000.00 8.69 13.92 6.75 18.82 4.85 14.35 1.36 3.65 6.09 4.97 4.06 2.45 4.05 3.02 7.14 0.56 1.33 3.96
83 100000.00 23.56 47.94 51.12 3.55 8.51 41.23 52.49 40.11 35.56 11.06 26.63 31.29 1.40 3.89 18.90 16.28 20.57 7.93
84 100000.00 15.82 71.96 67.46 29.85 39.36 14.71 41.55 7.08 31.94 6.30 100000.00 100000.00 7.03 100000.00 9.42 19.64 3.39 100000.00
85 100000.00 16.38 13.04 16.19 19.95 15.33 1.19 1.33 13.61 7.80 8.43 3.78 6.76 13.60 4.16 0.71 0.33 6.38 4.77
86 100000.00 4.66 0.13 3.32 0.28 3.05 7.82 9.38 10.09 6.33 1.44 0.06 1.51 0.13 1.04 3.39 4.65 6.75 2.04
87 100000.00 17.70 2.50 16.60 7.76 14.88 11.64 1.76 7.76 9.57 100000.00 100000.00 100000.00 2.38 4.18 6.86 100000.00 2.36 3.51
88 100000.00 12.55 9.38 8.11 1.64 2.29 2.35 16.03 4.10 4.80 4.02 5.40 2.54 1.00 1.17 0.91 10.97 1.46 2.30
89 100000.00 9.70 27.96 21.28 29.99 4.89 9.51 17.70 24.69 21.28 100000.00 14.54 11.53 8.01 2.10 3.22 5.81 8.46 11.71
90 100000.00 5.60 5.77 1.64 11.27 1.52 8.88 2.65 9.76 5.32 2.88 1.29 0.55 2.80 0.36 1.98 1.36 2.80 1.66
91 100000.00 18.44 3.22 78.61 55.52 113.88 117.55 115.92 149.11 72.92 100000.00 2.11 31.56 100000.00 75.19 35.42 65.52 48.39 25.07
92 100000.00 6.26 2.19 5.37 7.42 3.42 0.68 0.88 6.17 4.61 3.93 100000.00 2.94 1.91 1.92 0.24 0.32 1.56 1.06
93 100000.00 3.12 4.96 3.27 8.35 5.63 2.90 9.01 11.18 6.60 2.01 1.65 0.65 5.13 2.72 1.75 4.97 3.16 2.63
94 100000.00 1.55 1.90 1.37 0.83 0.66 0.51 0.74 1.40 0.35 0.75 0.94 0.61 0.45 0.23 0.29 0.32 0.61 0.21
95 100000.00 74.73 24.06 24.88 20.09 82.24 136.96 10.36 150.20 11.03 42.59 16.68 16.82 8.00 52.95 69.31 4.31 52.48 4.47
96 100000.00 29.50 23.04 28.42 22.68 28.36 13.85 42.81 29.52 2.46 15.38 100000.00 10.48 7.13 100000.00 7.06 100000.00 7.96 100000.00
97 100000.00 10.45 4.40 0.70 10.55 3.17 0.81 4.32 5.72 13.34 4.97 100000.00 0.44 2.21 2.09 0.22 2.29 3.36 100000.00
98 100000.00 14.76 15.52 13.93 7.43 15.83 9.54 2.87 17.98 2.43 8.79 4.27 9.24 4.62 7.39 6.18 1.76 12.53 0.64
99 100000.00 32.37 10.05 23.73 41.94 15.88 46.23 30.51 8.19 41.86 22.04 4.86 15.28 23.63 9.00 32.30 11.07 2.87 11.59
100 100000.00 27.81 34.70 15.76 24.44 11.90 14.16 18.74 8.91 5.06 15.82 100000.00 4.41 100000.00 100000.00 9.03 10.83 100000.00 2.75
101 100000.00 1.14 11.54 0.93 2.42 11.41 6.75 1.27 8.72 9.66 0.75 2.91 0.38 0.52 5.93 3.59 0.33 4.15 5.91
102 100000.00 3.17 4.74 0.84 2.37 3.33 4.19 0.12 0.21 3.95 1.26 1.86 0.27 1.06 1.82 2.38 0.07 0.14 1.82
103 100000.00 1.72 3.51 1.78 4.44 3.55 4.95 4.05 4.29 3.25 0.71 0.84 0.65 1.37 0.92 2.55 2.51 2.75 1.91
104 100000.00 1.99 3.01 1.35 3.91 2.03 4.03 1.17 3.82 0.37 1.02 1.68 0.89 100000.00 1.32 1.08 0.45 1.39 0.16
105 100000.00 62.49 7.25 50.59 55.59 38.70 69.48 29.29 91.68 3.64 27.91 3.88 16.77 27.43 22.86 36.03 10.82 25.64 1.02
106 100000.00 2.29 2.25 2.89 1.88 0.41 3.12 2.55 3.91 1.17 0.68 1.38 1.27 0.49 0.26 0.88 1.17 2.07 0.56
107 100000.00 4.53 1.57 6.54 7.19 4.92 0.22 10.98 10.63 3.11 0.97 0.96 2.03 3.32 1.01 0.15 4.81 6.86 2.11
108 100000.00 2.00 1.57 3.49 1.60 3.32 1.36 4.02 4.06 2.43 100000.00 0.81 1.42 0.97 1.64 100000.00 1.43 2.67 0.59
109 100000.00 0.82 1.54 0.65 2.53 0.89 1.88 2.76 2.43 0.13 0.27 0.56 0.16 1.18 0.40 0.96 0.78 0.77 0.05
110 100000.00 0.24 1.97 0.49 4.06 0.85 2.21 1.45 3.92 3.03 0.09 0.44 0.13 2.07 0.21 0.87 0.65 1.42 1.92
111 100000.00 1.91 0.80 1.75 1.38 0.08 0.66 0.62 2.95 1.88 0.87 0.26 0.75 0.89 0.03 0.34 0.39 1.72 0.74
<task rigidity>
1 5
2 10
3 10
4 4
5 5
6 6
7 5
8 1
9 5
10 6
11 4
12 6
13 3
14 9
15 1
16 6
17 3
18 5
19 2
20 9
21 9
22 6
23 4
24 10
25 1
26 10
27 3
28 4
29 10
30 6
31 1
32 5
33 4
34 4
35 8
36 3
37 2
38 4
39 5
40 1
41 2
42 6
43 2
44 6
45 4
46 9
47 4
48 4
49 7
50 4
51 3
52 5
53 5
54 7
55 8
56 6
57 1
58 3
59 3
60 4
61 1
62 5
63 6
64 4
65 4
66 3
67 1
68 4
69 3
70 10
71 2
72 3
73 1
74 6
75 1
76 5
77 4
78 2
79 4
80 9
81 5
82 2
83 1
84 6
85 6
86 6
87 8
88 1
89 5
90 6
91 6
92 7
93 9
94 6
95 3
96 8
97 5
98 8
99 6
100 2
101 9
102 7
103 6
104 1
105 6
106 8
107 9
108 6
109 7
110 8
111 10
<precedence relations>
1,2
2,3
3,4
4,5
4,6
4,7
4,8
4,9
4,10
5,39
6,39
7,83
8,71
9,32
10,11
10,12
11,13
11,14
11,15
11,16
11,17
11,18
11,19
11,20
11,21
12,13
12,14
12,15
12,16
12,17
12,18
12,19
12,20
12,21
13,71
14,22
14,23
14,24
14,25
15,26
16,27
17,28
18,29
19,30
20,91
21,111
22,31
22,83
23,32
23,33
24,69
24,70
25,34
26,82
27,35
28,36
29,37
30,38
31,39
32,41
33,111
34,42
35,43
36,44
36,91
37,45
37,91
38,46
38,91
39,40
40,111
41,69
41,70
42,47
43,48
43,49
44,50
45,51
46,52
47,54
47,55
47,56
47,57
47,58
47,59
47,60
48,53
49,91
50,111
51,111
52,111
53,111
54,69
54,70
55,61
55,62
55,63
56,63
56,64
57,65
57,91
58,66
58,91
59,67
59,91
60,68
60,91
61,69
61,70
62,71
63,111
64,72
65,111
66,111
67,111
68,111
69,77
69,78
70,73
71,91
72,74
73,75
74,76
75,77
75,78
75,79
76,80
76,81
76,82
77,83
78,84
79,85
80,86
80,91
81,87
81,91
82,111
83,91
84,88
84,89
84,91
85,111
86,111
87,90
88,105
89,105
90,111
91,92
91,93
91,94
92,95
93,95
94,95
95,96
95,97
95,98
95,99
95,100
95,104
96,101
97,102
98,103
99,111
100,111
101,105
102,106
102,107
103,107
103,108
104,111
105,111
106,109
107,111
108,110
109,111
110,111
<end>