<number of tasks>
111
<number of stations>
19
<number of workers>
19
<type of the robots>
1
<limit of the robots>
8
<task times>
1 100000 526 401 1183 1334 450 964 1042 1028 43 1223 805 1075 1275 17 678 1305 691 380 576 359 255 100000 837 278 672 636 660 29 751 557 653 779 11 423 100000 100000 261 383
2 2339 692 647 1273 536 1572 507 1480 1702 1671 823 1016 516 584 1068 963 1271 838 1397 1548 433 411 831 324 1099 355 969 1185 1016 568 619 317 400 734 674 767 507 877 1006
3 100000 536 450 448 333 421 655 698 354 358 30 573 118 683 406 538 347 245 466 522 100000 286 293 211 100000 100000 435 100000 238 19 357 81 422 257 100000 228 167 100000 352
4 2364 1319 1391 428 556 406 1011 548 731 856 548 191 888 349 1182 1052 924 1199 1239 361 850 854 296 346 273 702 378 460 522 354 117 621 210 770 651 631 763 774 222
5 100000 53 358 287 427 188 256 88 340 56 273 94 401 423 351 8 198 428 354 355 33 100000 100000 270 114 100000 62 231 37 173 100000 267 290 219 6 135 294 233 214
6 1660 1051 175 807 309 1075 592 554 404 351 614 1115 586 1220 785 154 162 100 42 41 715 120 565 187 649 380 363 268 218 377 708 372 752 533 96 100 64 28 28
7 100000 115 133 160 27 124 2 131 20 66 122 4 96 3 137 26 1 99 26 97 80 86 110 17 100000 2 85 100000 100000 100000 3 58 2 94 17 1 65 17 64
8 100000 1513 28 1074 940 2231 282 1822 2142 1196 1335 1831 1357 1561 1833 1069 1874 1618 11 1518 1028 18 100000 598 1496 170 1173 1489 100000 100000 1224 100000 943 100000 666 1212 1018 100000 948
9 1680 973 1020 1086 1023 41 1206 820 816 244 504 523 149 426 1161 1184 119 623 663 643 648 657 715 665 28 748 572 555 160 329 335 96 286 700 807 75 404 406 418
10 3118 1934 1103 651 416 818 542 1971 251 1393 1950 1080 94 102 595 1787 8 1318 1190 1238 1303 677 453 269 554 380 1303 153 952 1365 734 59 63 414 1160 6 828 779 820
11 2232 1538 1085 1556 741 741 1463 417 1499 676 766 229 1579 589 1145 652 635 724 988 933 945 753 994 469 488 1024 272 953 416 519 156 1070 355 732 451 382 458 627 634
12 1284 889 759 410 809 110 601 352 611 344 823 578 436 5 634 291 745 671 145 718 614 521 279 565 71 411 236 404 210 545 390 289 4 398 186 485 434 96 476
13 100000 536 519 615 33 508 532 111 148 275 187 110 16 619 669 381 578 238 90 301 371 100000 414 100000 100000 353 72 98 100000 115 75 11 407 448 266 100000 154 59 200
14 3141 480 1224 1158 1416 32 384 1571 102 718 1788 1926 2063 162 1810 1661 259 153 1335 948 299 737 752 935 21 247 1083 66 440 1121 1254 1319 106 1172 1007 166 96 802 631
15 3609 2614 1347 20 938 509 951 823 1095 2448 332 711 2080 1218 418 1748 1195 2734 1658 1420 1597 870 13 606 348 661 524 708 1624 226 496 1327 769 262 1134 761 1854 1055 887
16 100000 52 30 35 48 32 5 14 63 23 30 33 28 41 47 45 41 56 67 71 100000 20 100000 100000 20 4 9 43 17 100000 21 18 25 100000 100000 26 38 46 43
17 122 19 78 40 6 16 69 55 60 18 33 37 47 62 26 73 62 44 64 74 13 48 28 5 12 47 35 37 13 22 23 30 42 16 50 41 27 44 47
18 71 47 4 22 42 16 43 5 19 18 40 16 32 18 48 27 34 1 18 44 32 3 14 27 11 28 4 13 12 28 12 20 13 29 17 21 1 13 31
19 499 1 15 200 238 205 156 55 227 36 111 169 74 73 53 346 41 191 55 24 1 11 135 162 125 103 38 140 24 73 104 52 44 34 230 25 127 37 17
20 554 47 385 128 361 107 8 322 278 201 253 15 143 16 324 334 41 214 302 214 31 257 90 230 65 6 219 184 130 169 11 98 10 197 207 28 139 205 142
21 100000 135 2177 1637 484 381 1262 1665 1183 1119 1407 1641 1802 3041 2288 1389 789 2804 2834 1600 100000 1359 1068 309 100000 100000 1081 100000 100000 100000 1002 1084 1835 1436 100000 478 1773 1951 984
22 100000 92 111 100 60 93 102 53 49 10 11 14 96 68 125 108 108 8 84 53 64 100000 68 100000 63 65 100000 31 7 7 10 59 100000 100000 100000 71 100000 100000 38
23 4783 507 2512 222 3170 3428 806 3086 1839 450 946 252 3179 1753 2657 2964 1494 1319 512 894 338 1693 136 2042 2218 492 2057 1218 276 653 153 2023 1105 1635 1827 1034 811 315 623
24 100000 17 10 10 6 42 10 33 17 23 41 26 21 34 22 38 24 34 3 26 12 7 7 100000 29 100000 20 12 100000 27 18 15 22 14 24 100000 22 2 17
25 4560 1214 1954 2337 2825 1384 751 2706 2659 2597 3043 1427 2051 93 935 2759 1477 2555 2360 1980 804 1192 1440 1848 881 505 1879 1779 1692 2022 931 1331 65 570 1870 1000 1691 1555 1321
26 2574 1636 8 894 684 964 1725 262 377 628 1868 602 40 1256 847 511 944 1807 1003 612 1129 6 591 455 590 1084 170 239 436 1195 401 27 876 560 314 567 1232 648 386
27 38 19 9 2 13 2 16 19 17 15 1 4 9 17 23 8 19 3 1 2 14 7 2 9 2 11 13 12 11 1 3 6 12 16 5 12 2 1 2
28 35 11 25 14 20 1 26 8 13 8 12 17 22 1 15 22 7 3 18 20 7 16 10 14 1 17 6 9 6 8 12 14 1 10 15 5 3 13 13
29 19 3 9 7 11 5 15 7 9 14 2 7 10 6 5 4 12 14 15 9 2 7 5 7 4 10 5 6 10 2 5 7 5 4 3 9 9 11 6
30 168 31 96 94 119 104 107 5 41 112 31 31 67 31 98 87 73 73 92 61 22 65 63 76 69 72 4 29 77 20 21 46 22 60 58 49 51 64 43
31 100000 45 395 1291 1417 100 132 1637 45 1167 317 1609 1032 196 1684 871 21 835 622 176 30 267 844 867 65 100000 1061 100000 768 196 975 100000 123 100000 100000 14 100000 434 100000
32 100000 868 561 1079 2069 598 883 214 710 990 1403 1762 1454 1544 1673 728 1328 1753 40 1840 583 380 100000 100000 100000 100000 100000 485 100000 956 1156 944 1080 1084 471 853 1128 27 1181
33 2035 1075 252 57 791 513 1266 17 823 649 1057 1097 806 786 498 1042 743 1315 166 779 738 157 39 478 315 847 11 503 418 661 719 511 546 338 660 450 808 116 500
34 100000 2800 521 3947 981 2035 2836 291 2647 3301 2854 4014 1787 3240 1064 2141 1408 1045 432 3535 100000 100000 100000 654 1248 1977 180 1827 2293 100000 2638 100000 2157 100000 1331 921 100000 269 100000
35 100000 59 8 48 68 48 30 30 45 6 31 8 20 51 16 6 3 56 63 65 41 6 29 100000 100000 20 100000 100000 5 100000 6 100000 33 11 100000 2 35 100000 44
36 85 6 55 26 31 32 32 60 60 8 15 54 13 7 15 20 14 2 22 49 5 34 18 20 20 22 39 37 6 10 36 9 5 10 13 9 2 15 32
37 100000 18 14 14 38 11 4 28 26 40 3 20 16 37 28 8 40 17 3 15 100000 9 100000 25 100000 3 19 17 26 100000 14 10 100000 19 6 25 11 2 100000
38 100000 47 53 144 336 212 261 11 83 58 54 93 213 72 179 356 139 166 360 281 33 35 100000 213 148 174 100000 51 100000 35 64 140 49 126 100000 97 106 100000 171
39 6556 4018 2804 4195 513 4901 2385 509 1932 1824 4405 4935 1942 3882 2241 16 108 2714 2711 1727 2810 1868 2712 343 3201 1619 333 1278 1112 2985 3266 1210 2586 1481 11 74 1808 1791 1206
40 1974 640 771 327 1266 1424 1434 405 1256 796 177 512 1447 530 113 894 104 1383 1375 1468 440 536 221 832 969 903 283 853 496 115 327 877 361 72 600 69 915 917 887
41 3926 2047 1219 2397 185 636 118 2531 2846 255 581 2410 955 53 2592 418 1206 509 1426 57 1287 813 1550 123 390 76 1521 1856 168 404 1452 669 34 1811 266 730 344 934 37
42 100000 730 2974 152 5617 1992 1778 2125 5443 3121 938 2826 2695 1146 546 1797 2846 1067 2567 1449 495 100000 96 3738 1354 100000 1446 3807 1893 630 1791 1715 100000 375 1249 1781 100000 100000 1004
43 94 68 47 9 54 40 54 61 57 8 38 67 68 63 31 28 57 53 61 6 46 30 7 38 26 37 39 36 6 26 44 44 40 21 20 36 37 40 4
44 23 7 10 4 5 11 13 15 4 1 5 9 3 12 4 1 17 7 9 6 5 7 3 4 8 9 10 3 1 4 6 2 8 3 1 11 5 6 4
45 100000 6 7 3 8 9 10 5 10 2 9 2 8 4 8 7 10 10 1 7 4 5 3 6 6 7 4 100000 100000 100000 2 5 3 6 100000 7 100000 1 5
46 100000 57 35 62 44 52 8 28 3 44 55 5 65 9 43 25 67 67 9 77 36 25 39 30 100000 6 19 2 27 38 4 45 100000 29 100000 100000 44 6 100000
47 7079 2331 3437 2742 3788 1158 4288 927 910 4001 354 1377 3594 2966 2112 1023 3420 3828 4439 267 1556 2298 1915 2415 776 2935 619 609 2762 220 958 2271 1821 1337 679 2058 2517 2681 174
48 100000 36 7 6 1 24 30 25 39 2 18 12 27 4 14 15 39 30 30 4 100000 100000 100000 1 100000 100000 100000 26 100000 13 9 18 3 10 11 27 19 21 3
49 100000 43 24 46 56 33 22 26 1 53 15 54 28 35 17 52 17 53 25 6 28 17 100000 100000 21 15 16 1 34 10 36 18 23 12 100000 11 100000 100000 100000
50 37 17 12 2 12 1 13 17 6 20 10 22 20 9 7 27 1 13 16 14 12 9 2 8 1 8 11 4 13 7 14 13 6 5 19 1 9 11 9
51 20 12 2 8 5 10 8 10 8 11 6 7 5 11 10 11 10 7 3 2 9 2 6 4 7 6 7 6 7 4 5 4 8 7 7 7 5 3 2
52 168 61 6 14 10 79 46 118 47 98 36 102 97 27 21 57 73 92 99 39 42 5 10 7 49 30 75 29 65 25 64 66 18 14 35 48 60 65 27
53 100000 42 22 14 26 38 11 48 16 26 16 12 56 35 33 31 35 8 52 15 27 15 100000 100000 100000 100000 30 100000 19 100000 8 100000 24 23 21 23 5 33 100000
54 100000 391 1221 803 1187 32 1100 451 835 1529 478 452 311 1653 468 574 1230 1394 1331 1093 100000 100000 518 820 21 720 277 557 1037 308 301 200 1078 327 100000 784 100000 865 733
55 100000 92 38 19 29 95 1 8 14 18 20 125 78 82 12 107 71 103 36 103 59 25 12 19 61 1 100000 100000 13 13 100000 53 58 8 100000 100000 68 22 63
56 5478 1951 3616 2785 1732 1930 1061 3525 2193 3300 386 746 3059 3805 3615 3323 3738 3615 3488 142 1293 2265 1810 1213 1209 699 2267 1447 2143 263 503 2024 2504 2393 2128 2269 2197 2169 91
57 100000 849 1032 903 1208 1219 262 1164 826 989 431 525 1203 924 319 1433 1006 760 1363 24 549 665 617 803 100000 177 703 537 658 279 100000 749 627 196 100000 100000 460 100000 17
58 2047 527 54 916 1245 709 352 1189 339 59 714 858 887 166 1402 912 42 382 718 819 333 36 608 791 459 246 776 216 37 472 585 583 114 878 576 29 241 499 539
59 3068 443 1430 1234 250 891 1259 1944 690 1629 831 1035 1808 698 1089 406 2061 939 135 1616 304 859 821 158 622 780 1356 460 1075 511 627 1191 451 699 283 1253 585 89 1011
60 100000 310 891 1920 811 141 1363 1551 1568 96 1427 1547 1438 272 428 1111 1339 69 1389 715 193 575 1188 497 94 888 969 100000 100000 100000 100000 100000 180 100000 734 100000 45 963 444
61 3015 102 562 1191 722 387 1828 1089 1379 2151 2150 1036 1241 1286 26 1011 770 1599 1653 1256 69 357 766 442 270 1265 699 950 1361 1487 641 842 851 19 702 528 1069 1090 830
62 100000 346 1358 2053 3354 2975 2480 3911 1583 2313 3051 1924 1349 2801 1244 361 3919 1061 835 2815 216 849 100000 2316 100000 1517 2642 100000 1574 2094 1302 880 1723 841 230 2728 702 539 1811
63 100000 762 1262 430 2336 309 1872 610 2038 149 2157 2722 718 1834 2575 2351 998 1821 2403 1610 100000 100000 285 1446 203 1165 376 1274 91 1310 1651 451 100000 1758 1505 638 1136 1531 1014
64 4174 653 2609 2795 1508 2437 781 1845 2573 1798 922 503 1968 688 1639 2200 1480 1174 597 137 443 1655 1774 1000 1576 517 1222 1697 1205 566 315 1263 467 1041 1365 951 816 372 88
65 100000 411 350 567 45 717 703 350 413 6 169 372 211 729 270 92 54 285 329 652 272 231 360 28 494 433 100000 261 4 112 227 132 472 100000 60 33 194 100000 393
66 984 434 511 431 368 589 684 344 221 202 106 625 603 729 504 367 430 325 616 11 265 315 275 249 355 449 227 144 123 65 377 382 448 352 256 298 214 423 7
67 100000 164 101 292 565 64 567 529 568 75 526 646 429 435 694 152 498 148 339 369 112 62 100000 387 40 372 364 376 100000 347 401 298 296 100000 99 315 90 100000 240
68 1028 427 155 147 602 6 530 732 379 230 624 116 78 328 630 437 665 199 667 216 272 107 103 383 5 339 502 262 142 394 76 49 198 419 281 439 129 462 148
69 100000 348 405 380 317 143 254 355 356 359 419 260 69 69 298 503 118 30 318 541 238 100000 237 210 97 162 237 233 250 253 180 100000 100000 206 323 100000 21 100000 100000
70 4474 2047 2998 1142 2675 2998 2296 1818 643 1088 1276 853 3367 1686 789 562 1750 476 2633 2362 1308 1908 722 1828 1990 1438 1141 421 668 889 551 2124 1164 541 346 1103 292 1624 1648
71 4437 1803 1202 3036 204 1600 2332 1900 481 2686 2204 1815 2002 1971 35 292 2096 2036 1053 1412 1117 829 1891 127 1015 1503 1329 311 1626 1450 1205 1300 1308 22 180 1307 1238 653 880
72 2975 1189 1474 1817 1644 1750 1138 958 2130 1040 792 363 484 2070 1132 60 298 306 302 760 789 970 1213 1003 1132 703 644 1382 727 518 229 312 1382 702 41 206 189 193 462
73 100000 975 467 963 549 551 1180 2167 2055 440 548 323 884 570 1569 966 2048 968 1890 624 100000 100000 591 380 100000 787 1333 1344 271 100000 100000 591 384 1042 605 100000 100000 1155 380
74 669 208 469 349 307 177 406 231 82 487 366 418 195 2 333 439 299 235 74 307 127 297 226 200 123 262 143 52 306 240 279 127 2 206 285 186 164 50 196
75 100000 391 711 338 473 607 49 56 292 734 622 507 760 28 571 133 616 734 187 352 254 432 235 100000 395 100000 35 100000 100000 395 351 100000 19 382 84 418 462 100000 228
76 100000 1736 809 3200 1462 866 455 1773 1616 1443 3270 1478 319 893 1711 776 1324 692 2753 202 1196 100000 2048 999 100000 100000 1227 100000 995 2171 919 100000 100000 1129 527 100000 100000 1822 127
77 4796 2628 1005 771 2101 2124 2458 1672 26 3481 1831 1693 3558 2692 1286 3301 727 2645 983 2522 1743 699 501 1320 1318 1557 1030 18 2345 1154 1028 2324 1838 834 2002 448 1640 674 1664
78 1643 900 1096 1000 521 1027 406 631 768 228 532 111 146 316 887 404 195 427 622 384 588 725 623 335 626 268 398 520 158 322 77 95 193 595 283 129 295 391 235
79 100000 357 371 531 229 347 529 352 444 22 590 253 348 165 123 543 144 294 479 516 100000 100000 100000 159 239 358 241 296 16 100000 174 243 109 77 100000 100 188 321 351
80 100000 263 834 462 812 864 1390 526 832 1134 1049 853 1142 922 392 712 99 1271 1394 1431 169 100000 307 550 591 961 317 510 773 706 567 729 558 100000 462 100000 806 100000 888
81 2311 1130 1597 540 1287 1587 14 994 669 543 711 39 1012 1060 447 281 1226 1279 1086 1709 684 973 330 806 1106 9 666 424 373 429 27 617 651 273 185 787 837 690 1172
82 100000 105 46 441 221 557 40 290 602 88 81 232 143 493 367 314 186 374 51 545 68 32 100000 100000 377 25 181 415 100000 52 146 88 299 100000 100000 115 257 36 359
83 100000 1366 1429 883 792 646 1321 982 887 369 666 1545 1653 1392 1410 63 1877 1169 193 1261 870 975 100000 100000 440 100000 687 552 239 100000 100000 1142 899 958 40 1262 733 125 798
84 3966 445 1602 1190 2280 2641 1268 2826 737 1052 2555 1813 784 2162 1811 852 2741 301 764 1243 283 1026 823 1571 1773 864 1950 511 685 1577 1101 499 1407 1142 517 1841 188 508 854
85 843 525 119 329 234 385 345 157 563 580 126 129 65 322 487 293 419 474 575 597 353 79 219 150 247 214 109 380 363 87 80 44 207 339 191 261 292 358 386
86 100000 54 89 178 484 467 322 436 237 226 371 131 433 197 464 109 26 275 484 61 36 100000 107 100000 283 100000 100000 100000 143 100000 81 284 129 100000 100000 18 100000 100000 40
87 100000 705 719 356 628 611 158 534 599 128 486 619 370 149 558 227 725 210 428 309 446 100000 225 436 100000 100000 100000 100000 84 318 424 233 100000 374 156 468 145 267 215
88 100000 293 137 191 76 27 196 13 96 63 269 53 66 142 325 444 230 216 176 457 181 94 123 47 18 134 10 59 38 177 33 45 95 226 284 100000 134 100000 100000
89 1215 377 877 424 82 495 723 189 648 521 294 657 433 348 512 688 214 789 796 691 230 567 280 52 312 441 131 440 356 194 440 264 212 314 458 150 496 504 429
90 100000 115 62 143 187 74 298 57 282 326 99 2 71 284 109 256 4 8 323 282 73 38 100000 116 100000 196 100000 185 226 100000 2 48 197 75 100000 100000 6 202 100000
91 7488 4443 5233 5038 4865 4720 445 4699 4973 3695 1444 5144 1415 118 5089 2246 4015 965 2750 1463 3064 3561 3516 3281 3304 290 3208 3078 2358 962 3575 850 81 3315 1556 2580 674 1801 988
92 330 46 106 64 22 66 62 90 84 65 202 11 73 148 141 49 49 202 155 135 29 71 41 14 44 44 55 56 42 129 7 51 103 89 30 33 133 100 85
93 493 116 132 223 276 227 327 37 257 187 104 366 152 204 77 247 264 147 181 280 70 82 147 179 159 200 25 171 129 73 244 102 142 50 163 181 98 127 182
94 79 22 55 17 32 27 34 39 4 49 10 53 23 2 17 41 48 12 8 15 15 37 11 20 17 24 26 3 32 7 36 16 2 12 25 31 8 6 10
95 6757 1925 3875 4952 2898 2024 4528 3810 960 3337 4706 3083 2287 2916 1419 4431 2103 3892 341 3571 1233 2341 3160 1998 1253 2987 2361 656 2254 3290 2080 1422 1784 912 2905 1269 2705 218 2174
96 100000 1037 742 281 1008 270 795 732 934 160 300 830 1161 813 458 322 305 110 1127 1038 683 100000 100000 652 100000 537 492 583 99 201 562 100000 498 320 202 187 72 710 636
97 1012 762 669 154 287 169 433 95 551 269 646 140 212 441 217 545 501 482 42 53 487 416 106 185 103 275 66 358 184 393 91 131 279 147 357 324 298 27 35
98 100000 572 321 276 731 654 341 234 429 698 77 201 58 377 488 309 456 325 757 278 370 197 184 445 452 222 141 100000 448 53 139 37 246 337 100000 100000 100000 100000 194
99 2190 234 162 948 926 897 1365 707 377 193 609 1388 724 578 605 1542 1603 1487 109 1048 148 109 615 632 567 949 458 232 129 368 955 458 364 375 944 1092 970 68 661
100 100000 621 919 63 811 115 1078 1331 1238 1268 1404 1178 872 1157 554 697 1270 1214 1476 994 394 100000 100000 519 71 100000 869 795 100000 857 796 587 716 380 466 879 100000 998 668
101 100000 334 349 268 188 53 154 317 16 78 374 424 3 111 291 184 329 272 170 229 215 100000 187 123 35 97 100000 100000 100000 245 296 2 73 100000 127 222 180 114 157
102 282 36 36 139 64 193 11 196 62 102 156 128 144 115 146 180 156 194 167 80 23 24 95 39 134 7 133 44 72 94 80 88 72 101 126 109 127 106 49
103 280 181 65 91 59 22 80 66 117 180 34 9 80 32 200 102 202 143 85 202 118 42 61 40 14 55 46 72 124 23 7 53 23 129 65 125 97 53 129
104 100000 105 172 81 111 151 193 143 56 17 8 139 44 177 197 79 164 77 177 29 71 117 100000 71 100000 123 100000 39 11 5 89 27 110 128 48 100000 48 100000 100000
105 3759 507 2005 1221 2227 458 893 681 223 1362 1467 559 1291 361 2029 276 412 65 1008 2461 320 1272 839 1353 291 609 440 140 869 965 380 898 224 1322 177 258 42 668 1652
106 226 51 44 50 117 54 99 138 138 19 9 38 65 148 43 62 52 9 140 74 35 29 35 74 33 67 88 87 12 7 25 43 94 29 42 35 7 98 46
107 100000 199 34 178 57 205 177 99 158 228 228 268 23 52 235 238 63 74 71 160 100000 23 100000 37 124 100000 100000 100000 100000 146 100000 14 100000 100000 156 41 50 45 103
108 220 105 4 105 45 23 13 134 136 70 135 129 9 152 7 84 55 117 27 15 66 3 69 31 16 9 92 94 45 92 90 6 106 5 55 35 72 17 10
109 100000 66 66 77 46 53 43 16 95 9 111 98 32 34 18 53 26 7 27 48 42 42 52 32 100000 27 100000 100000 6 72 100000 100000 22 12 35 17 100000 19 30
110 215 94 158 75 59 161 9 45 93 64 17 33 154 144 99 97 111 146 139 154 60 106 49 37 100 7 31 60 39 12 21 94 101 64 63 69 96 85 100
111 121 6 62 60 56 54 91 71 66 30 49 49 46 52 83 4 23 57 41 20 4 42 38 35 34 57 45 41 20 34 31 28 32 54 3 17 36 27 13
<posture of tasks>
1 1
2 1
3 1
4 1
5 1
6 0
7 1
8 1
9 1
10 1
11 0
12 1
13 1
14 1
15 1
16 1
17 0
18 1
19 0
20 0
21 1
22 0
23 0
24 0
25 1
26 1
27 1
28 1
29 1
30 1
31 0
32 1
33 1
34 1
35 0
36 1
37 1
38 0
39 1
40 1
41 0
42 1
43 0
44 1
45 0
46 1
47 1
48 1
49 1
50 1
51 1
52 1
53 1
54 0
55 1
56 1
57 1
58 0
59 1
60 1
61 0
62 1
63 1
64 1
65 1
66 0
67 1
68 0
69 1
70 0
71 1
72 1
73 1
74 0
75 0
76 0
77 1
78 1
79 0
80 1
81 1
82 1
83 0
84 0
85 1
86 1
87 0
88 1
89 1
90 1
91 1
92 0
93 1
94 1
95 1
96 0
97 1
98 1
99 1
100 0
101 1
102 1
103 1
104 1
105 1
106 1
107 1
108 1
109 0
110 1
111 1
<max energy cosumption of alternatives>
1 100000.00
2 5.48
3 3.19
4 5.64
5 3.13
6 5.08
7 5.22
8 2.47
9 3.15
10 5.26
11 4.67
12 4.49
13 4.88
14 4.90
15 2.85
16 4.79
17 2.79
18 2.25
19 2.90
20 2.75
<energy cosumption of alternatives>
1 100000.00 18.16 11.27 41.99 38.15 15.74 33.28 29.25 27.89 1.53 41.56 28.17 37.08 42.71 0.45 23.02 34.09 18.77 10.09 15.30 8.96 5.66 100000.00 12.06 6.54 22.86 9.12 7.00 0.87 24.95 19.06 10.51 21.62 0.17 12.31 100000.00 100000.00 6.33 7.94
2 100000.00 23.12 17.49 43.74 14.75 53.26 16.91 39.99 44.33 58.23 27.03 34.37 17.21 18.94 27.27 31.70 31.88 21.83 35.70 39.57 10.36 3.71 19.02 7.04 35.78 5.50 18.51 25.81 21.75 11.02 12.50 10.40 11.11 8.52 11.15 8.56 9.12 13.48 21.02
3 100000.00 18.22 12.49 15.68 9.42 14.55 22.24 19.37 9.45 12.73 1.03 19.74 4.01 22.55 10.65 18.02 8.94 6.51 12.21 13.68 100000.00 3.24 9.01 6.18 100000.00 100000.00 9.91 100000.00 7.68 0.68 7.34 2.75 6.46 6.52 100000.00 3.67 1.74 100000.00 3.00
4 100000.00 44.78 38.34 14.96 15.63 13.98 34.34 15.08 19.42 30.40 18.32 6.54 30.19 11.51 30.80 35.25 23.64 31.87 32.33 9.43 24.30 14.75 9.14 9.50 5.37 11.83 6.57 5.04 18.14 9.49 2.11 19.43 5.30 18.22 21.18 5.11 11.36 14.57 6.28
5 100000.00 1.73 9.73 9.89 11.77 6.36 8.57 2.39 8.88 1.97 8.97 3.18 13.41 13.75 8.98 0.28 4.98 11.17 9.05 9.07 1.02 100000.00 100000.00 3.52 2.62 100000.00 0.63 5.11 1.24 3.84 100000.00 9.33 6.47 4.85 0.10 2.33 4.86 2.66 6.18
6 100000.00 27.70 3.70 21.89 6.67 28.75 15.57 11.74 8.20 9.64 15.93 29.79 15.43 31.16 15.64 3.98 3.14 2.03 0.84 0.82 7.25 2.32 5.60 4.54 11.46 7.37 5.43 4.05 3.59 9.04 20.16 8.35 20.43 4.22 2.67 0.73 0.73 0.39 0.42
7 100000.00 3.84 3.57 5.46 0.71 4.19 0.09 3.51 0.50 2.30 4.02 0.15 3.20 0.12 3.48 0.82 0.04 2.57 0.63 2.48 1.78 1.44 2.62 0.42 100000.00 0.04 1.64 100000.00 100000.00 100000.00 0.06 1.89 0.04 1.78 0.57 0.01 1.79 0.40 1.07
8 100000.00 51.30 0.80 37.46 26.43 76.70 9.57 50.30 57.00 42.27 44.58 62.92 45.99 51.36 47.91 35.66 48.10 43.06 0.30 39.69 19.76 0.20 100000.00 10.92 47.67 4.88 11.93 21.65 100000.00 100000.00 20.67 100000.00 20.00 100000.00 14.05 24.36 11.87 100000.00 13.26
9 100000.00 33.18 28.42 38.08 28.98 1.42 41.09 22.79 21.90 8.65 16.95 18.13 5.07 14.12 30.63 39.81 3.10 16.72 17.51 16.94 17.84 6.75 14.08 9.41 0.74 19.56 14.53 4.82 2.74 5.88 6.91 1.99 9.80 12.58 19.06 1.55 6.79 5.37 8.56
10 100000.00 66.44 30.82 22.99 11.85 28.47 18.60 55.02 6.78 49.93 65.97 37.66 3.24 3.39 15.72 60.44 0.23 35.45 31.47 32.76 31.74 12.40 5.02 2.66 8.35 10.98 14.08 4.20 20.46 22.34 10.82 1.85 1.15 6.62 15.86 0.07 15.73 12.63 19.45
11 100000.00 39.33 22.20 41.03 15.42 19.23 37.43 8.54 29.47 18.09 19.26 5.95 40.39 14.61 22.04 16.40 12.00 14.24 19.01 17.95 21.47 4.86 15.29 6.95 7.62 21.20 2.20 17.42 4.67 4.28 3.93 17.99 8.17 7.37 5.21 2.78 6.83 8.52 9.05
12 100000.00 30.58 21.20 14.47 23.03 3.83 20.64 9.81 16.48 12.34 27.85 20.19 14.96 0.20 16.81 9.84 19.36 18.09 3.86 19.02 7.19 12.16 5.13 15.02 1.03 12.40 5.74 4.42 5.62 7.81 10.15 4.23 0.11 6.30 3.98 8.37 6.18 0.77 8.67
13 100000.00 17.83 13.95 21.09 0.91 17.16 17.71 3.00 3.83 9.54 6.12 3.71 0.52 20.00 17.03 12.47 14.45 6.16 2.31 7.63 12.18 100000.00 8.17 100000.00 100000.00 9.91 1.23 1.53 100000.00 2.82 0.97 0.11 13.23 6.80 8.20 100000.00 2.18 1.29 4.75
14 100000.00 16.10 33.36 39.98 39.30 1.10 12.83 42.84 2.66 25.13 59.10 65.55 69.19 5.26 46.67 54.88 6.57 4.01 34.44 24.45 3.40 9.80 26.76 25.18 0.71 3.25 15.70 1.67 10.65 16.27 18.35 18.65 1.91 30.41 33.59 1.51 1.57 9.08 10.59
15 100000.00 88.90 37.16 0.68 26.38 17.55 32.31 22.70 29.11 86.91 11.14 24.49 70.70 40.22 10.93 58.56 30.62 72.76 43.32 37.07 55.99 24.92 0.14 6.55 10.81 14.09 7.17 7.70 45.99 2.82 11.02 46.30 18.69 6.27 27.32 10.20 30.83 12.96 8.35
16 100000.00 1.71 0.84 1.22 1.33 1.10 0.19 0.38 1.67 0.77 1.01 1.13 0.95 1.34 1.21 1.47 1.03 1.49 1.74 1.83 100000.00 0.51 100000.00 100000.00 0.24 0.05 0.12 0.42 0.49 100000.00 0.76 0.46 0.49 100000.00 100000.00 0.21 0.73 1.18 0.54
17 100000.00 0.47 1.62 1.07 0.16 0.41 1.80 1.14 1.25 0.48 0.86 0.98 1.21 1.59 0.48 1.87 1.22 0.89 1.29 1.45 0.25 0.57 0.67 0.05 0.20 0.73 0.32 0.50 0.29 0.21 0.50 0.68 1.06 0.29 1.02 0.73 0.44 0.46 0.49
18 100000.00 1.59 0.14 0.74 1.20 0.53 1.46 0.17 0.49 0.62 1.34 0.53 1.13 0.59 1.24 0.87 0.90 0.05 0.45 1.15 0.42 0.03 0.34 0.74 0.31 0.32 0.07 0.28 0.19 0.86 0.22 0.29 0.18 0.76 0.33 0.55 0.03 0.17 0.50
19 100000.00 0.07 0.33 5.52 5.23 5.56 4.16 1.17 4.74 1.03 2.95 4.61 1.96 1.89 1.05 9.09 0.82 3.94 1.12 0.47 0.04 0.19 1.63 2.28 2.37 1.18 0.32 1.07 0.67 1.32 2.31 1.12 1.26 0.43 3.09 0.20 1.98 0.38 0.24
20 100000.00 1.17 7.79 3.32 7.46 2.73 0.21 6.50 5.42 5.31 6.31 0.37 3.61 0.39 6.17 8.32 0.76 4.15 5.74 4.08 0.40 1.79 1.84 3.74 0.99 0.13 2.67 1.33 1.96 3.04 0.15 2.35 0.17 3.29 3.44 0.49 2.42 2.54 2.66
21 100000.00 4.55 60.14 57.25 13.60 13.11 42.86 45.97 31.53 39.67 47.14 56.57 61.24 100.33 59.83 46.52 20.21 74.64 74.09 41.83 100000.00 28.90 21.63 7.13 100000.00 100000.00 23.71 100000.00 100000.00 100000.00 19.63 26.17 22.77 33.15 100000.00 9.99 26.80 38.42 26.07
22 100000.00 2.35 2.28 2.61 1.27 2.40 2.58 1.06 0.95 0.26 0.28 0.35 2.44 1.68 2.39 2.67 2.02 0.17 1.63 0.99 1.49 100000.00 0.99 100000.00 0.52 1.62 100000.00 0.53 0.05 0.13 0.19 1.01 100000.00 100000.00 100000.00 0.92 100000.00 100000.00 0.33
23 100000.00 13.35 53.45 6.05 68.71 91.71 21.25 65.68 37.64 12.40 24.56 6.76 83.78 44.81 53.37 76.93 29.43 26.99 10.27 17.96 8.49 28.01 3.99 14.94 40.04 11.20 21.45 24.97 6.20 8.44 1.48 49.06 28.22 25.99 25.83 5.93 17.12 2.78 11.91
24 100000.00 0.42 0.21 0.25 0.14 1.08 0.25 0.67 0.33 0.58 1.01 0.65 0.51 0.85 0.39 0.94 0.44 0.67 0.07 0.46 0.29 0.08 0.05 100000.00 0.74 100000.00 0.29 0.22 100000.00 0.27 0.30 0.32 0.38 0.14 0.53 100000.00 0.27 0.05 0.26
25 100000.00 41.64 54.41 82.39 80.03 48.15 25.76 75.32 71.33 92.92 102.76 49.59 70.29 3.11 24.60 93.19 38.13 68.53 62.13 52.14 24.63 30.12 28.99 28.60 32.11 11.80 52.62 15.12 43.45 25.04 16.69 19.38 1.79 15.81 64.40 12.18 36.44 34.26 25.38
26 100000.00 54.91 0.23 30.88 18.96 32.86 57.89 7.12 9.89 21.98 61.77 20.48 1.34 40.93 21.81 16.89 23.89 47.45 25.84 15.79 17.90 0.15 12.98 4.25 8.17 21.93 3.27 2.79 14.25 23.63 9.30 0.77 22.09 15.01 6.98 9.32 19.79 8.15 9.64
27 100000.00 0.63 0.27 0.11 0.36 0.11 0.53 0.51 0.45 0.53 0.08 0.17 0.32 0.56 0.58 0.29 0.48 0.11 0.05 0.08 0.15 0.09 0.04 0.14 0.03 0.20 0.20 0.17 0.19 0.03 0.12 0.18 0.34 0.33 0.07 0.19 0.04 0.01 0.02
28 100000.00 0.38 0.66 0.47 0.54 0.07 0.84 0.23 0.35 0.29 0.41 0.56 0.71 0.07 0.39 0.71 0.20 0.11 0.45 0.51 0.12 0.23 0.23 0.22 0.04 0.27 0.07 0.09 0.19 0.20 0.34 0.26 0.03 0.09 0.39 0.08 0.03 0.29 0.13
29 100000.00 0.14 0.27 0.26 0.33 0.20 0.50 0.21 0.27 0.50 0.11 0.26 0.35 0.23 0.15 0.17 0.33 0.36 0.39 0.24 0.05 0.07 0.12 0.10 0.08 0.13 0.12 0.06 0.21 0.06 0.09 0.20 0.15 0.05 0.12 0.12 0.25 0.24 0.05
30 100000.00 1.08 2.63 3.27 3.34 3.54 3.58 0.16 1.09 3.97 1.05 1.08 2.27 1.05 2.55 2.91 1.84 1.93 2.39 1.59 0.42 1.72 2.10 1.13 2.11 1.96 0.06 0.36 1.20 0.48 0.56 0.63 0.55 0.75 0.94 1.27 1.31 1.31 1.09
31 100000.00 1.16 8.28 34.85 30.28 2.65 3.43 34.32 0.90 32.00 8.17 42.81 27.04 5.00 33.29 22.45 0.38 16.85 12.27 3.47 0.60 3.75 13.04 18.96 1.25 100000.00 21.95 100000.00 19.29 4.10 23.55 100000.00 2.71 100000.00 100000.00 0.16 100000.00 7.16 100000.00
32 100000.00 29.01 15.22 37.14 57.14 20.26 29.55 5.78 18.54 34.55 46.25 59.82 48.60 50.15 42.88 23.99 33.43 45.81 1.02 47.16 14.34 6.56 100000.00 100000.00 100000.00 100000.00 100000.00 5.00 100000.00 18.54 27.92 33.96 21.97 14.58 15.49 16.71 21.30 0.58 11.59
33 100000.00 35.97 6.84 1.97 21.82 17.39 42.38 0.44 21.47 22.67 34.84 37.20 26.96 25.52 12.78 34.32 18.71 34.35 4.28 19.98 22.25 4.17 0.71 9.77 6.16 19.27 0.21 13.26 6.94 9.68 7.59 11.27 15.63 3.79 7.65 10.60 12.35 2.04 11.81
34 100000.00 96.41 14.59 139.86 28.01 71.08 97.70 8.16 71.69 118.65 96.85 140.19 61.50 108.36 28.26 72.64 36.76 28.28 11.47 93.96 100000.00 100000.00 100000.00 13.28 28.30 57.97 5.20 29.93 57.36 100000.00 32.36 100000.00 56.51 100000.00 44.98 15.78 100000.00 5.36 100000.00
35 100000.00 1.61 0.19 1.32 1.52 1.29 0.86 0.69 0.94 0.19 0.85 0.24 0.51 1.31 0.33 0.19 0.10 1.21 1.33 1.35 0.95 0.09 0.79 100000.00 100000.00 0.42 100000.00 100000.00 0.04 100000.00 0.05 100000.00 0.37 0.15 100000.00 0.05 0.58 100000.00 0.94
36 100000.00 0.22 1.49 0.86 0.89 1.11 1.11 1.68 1.63 0.29 0.50 1.81 0.44 0.25 0.39 0.65 0.36 0.08 0.55 1.26 0.12 0.50 0.31 0.26 0.31 0.65 0.74 0.84 0.07 0.31 1.15 0.25 0.09 0.20 0.43 0.21 0.04 0.16 0.30
37 100000.00 0.60 0.39 0.48 1.09 0.38 0.17 0.81 0.67 1.43 0.14 0.68 0.54 1.25 0.78 0.29 1.06 0.46 0.12 0.40 100000.00 0.24 100000.00 0.34 100000.00 0.05 0.24 0.25 0.30 100000.00 0.14 0.35 100000.00 0.43 0.17 0.39 0.21 0.02 100000.00
38 100000.00 1.20 1.08 3.88 7.19 5.59 6.80 0.22 1.71 1.59 1.34 2.46 5.54 1.82 3.53 9.10 2.71 3.38 7.14 5.56 0.64 0.75 100000.00 2.34 1.98 2.42 100000.00 1.13 100000.00 0.41 0.52 3.60 0.43 0.84 100000.00 1.82 1.63 100000.00 1.90
39 100000.00 138.25 78.43 148.50 14.60 171.09 82.03 14.24 52.17 65.50 149.38 172.24 66.79 129.72 59.38 0.53 2.79 73.23 71.82 45.74 44.51 34.29 60.98 8.26 103.95 55.66 7.32 22.70 38.90 61.82 55.93 33.51 65.27 39.09 0.25 1.00 31.34 31.58 25.33
40 100000.00 21.82 21.44 11.42 35.82 49.19 48.87 11.22 33.62 28.25 5.93 17.68 49.29 17.56 3.00 30.00 2.68 37.06 36.15 38.61 9.09 8.19 4.98 9.20 27.38 16.64 3.29 22.11 7.45 3.97 5.25 10.79 3.96 1.09 16.96 0.54 10.82 22.70 19.67
41 100000.00 54.25 26.07 65.44 4.02 17.12 3.13 54.13 58.58 7.08 15.18 64.81 25.27 1.34 52.34 10.91 23.83 10.47 28.76 1.18 13.53 16.89 18.51 0.91 11.70 1.17 18.16 32.23 1.53 5.67 28.38 7.76 0.87 29.64 5.90 16.20 3.13 18.48 0.78
42 100000.00 23.98 79.02 5.14 151.97 66.42 58.42 56.46 139.29 107.12 30.37 94.22 88.54 36.54 13.69 58.16 70.07 27.28 64.46 36.36 15.17 100000.00 3.47 69.45 19.27 100000.00 18.23 31.37 44.70 8.49 21.09 46.90 100000.00 5.96 14.39 34.74 100000.00 100000.00 14.07
43 100000.00 1.77 0.97 0.24 1.13 1.07 1.36 1.28 1.16 0.22 0.97 1.77 1.77 1.61 0.62 0.74 1.11 1.03 1.21 0.13 0.52 0.44 0.10 0.31 0.45 0.53 0.66 0.55 0.12 0.58 0.71 0.60 0.58 0.38 0.26 0.37 0.39 0.30 0.06
44 100000.00 0.25 0.28 0.16 0.16 0.37 0.43 0.40 0.13 0.06 0.18 0.31 0.12 0.40 0.13 0.06 0.41 0.19 0.22 0.16 0.14 0.15 0.05 0.03 0.21 0.29 0.12 0.05 0.04 0.09 0.18 0.05 0.19 0.07 0.01 0.19 0.11 0.14 0.08
45 100000.00 0.18 0.16 0.12 0.19 0.25 0.28 0.14 0.21 0.09 0.25 0.09 0.23 0.14 0.19 0.21 0.21 0.21 0.05 0.16 0.09 0.04 0.03 0.05 0.07 0.13 0.06 100000.00 100000.00 100000.00 0.02 0.10 0.06 0.05 100000.00 0.11 100000.00 0.01 0.11
46 100000.00 1.97 1.00 2.21 1.24 1.77 0.29 0.81 0.12 1.56 1.84 0.20 2.24 0.32 1.13 0.81 1.76 1.82 0.24 2.03 1.03 0.63 0.64 0.37 100000.00 0.08 0.30 0.04 0.97 0.50 0.05 1.01 100000.00 0.47 100000.00 100000.00 1.08 0.13 100000.00
47 100000.00 79.78 96.05 96.54 107.74 40.23 146.76 25.91 24.58 142.86 11.90 47.84 123.03 98.63 55.93 34.56 88.95 103.30 117.61 7.05 40.28 35.30 54.13 38.06 19.15 96.48 6.62 6.53 39.31 4.86 26.58 28.34 50.94 14.26 13.30 45.19 43.38 53.33 4.61
48 100000.00 1.26 0.21 0.23 0.06 0.81 1.08 0.67 1.07 0.11 0.60 0.42 0.87 0.17 0.37 0.51 1.03 0.85 0.85 0.15 100000.00 100000.00 100000.00 0.04 100000.00 100000.00 100000.00 0.35 100000.00 0.27 0.16 0.36 0.11 0.14 0.32 0.26 0.33 0.41 0.04
49 100000.00 1.48 0.64 1.63 1.65 1.18 0.72 0.70 0.06 1.87 0.51 1.84 1.00 1.20 0.46 1.73 0.43 1.41 0.64 0.18 0.82 0.26 100000.00 100000.00 0.68 0.28 0.15 0.02 0.72 0.18 0.92 0.38 0.57 0.21 100000.00 0.28 100000.00 100000.00 100000.00
50 100000.00 0.56 0.33 0.11 0.35 0.07 0.44 0.45 0.18 0.68 0.35 0.74 0.65 0.32 0.20 0.87 0.05 0.36 0.42 0.36 0.28 0.14 0.04 0.18 0.02 0.30 0.26 0.04 0.32 0.09 0.51 0.43 0.07 0.04 0.39 0.03 0.08 0.14 0.14
51 100000.00 0.39 0.06 0.27 0.15 0.33 0.27 0.28 0.22 0.37 0.21 0.24 0.18 0.36 0.25 0.36 0.25 0.19 0.09 0.06 0.11 0.03 0.10 0.07 0.13 0.15 0.07 0.12 0.15 0.05 0.14 0.12 0.12 0.08 0.13 0.13 0.07 0.03 0.02
52 100000.00 2.02 0.15 0.45 0.27 2.60 1.50 3.15 1.18 3.37 1.16 3.40 3.19 0.84 0.52 1.85 1.78 2.37 2.47 0.97 0.60 0.06 0.14 0.18 0.71 0.30 1.22 0.82 0.91 0.75 1.61 0.88 0.31 0.20 1.21 0.63 1.40 1.54 0.64
53 100000.00 1.42 0.58 0.47 0.70 1.30 0.38 1.32 0.42 0.89 0.53 0.41 1.92 1.18 0.90 1.06 0.93 0.24 1.33 0.39 0.79 0.36 100000.00 100000.00 100000.00 100000.00 0.84 100000.00 0.43 100000.00 0.20 100000.00 0.49 0.20 0.55 0.48 0.07 0.70 100000.00
54 100000.00 10.18 25.52 21.50 25.29 0.85 28.55 9.43 16.80 41.51 12.22 11.91 8.09 41.66 9.24 14.65 23.74 28.00 26.24 21.52 100000.00 100000.00 14.36 11.95 0.50 11.94 4.62 8.75 19.70 5.12 3.92 3.70 23.07 4.66 100000.00 6.79 100000.00 9.06 10.75
55 100000.00 3.14 1.07 0.65 0.86 3.27 0.07 0.24 0.36 0.62 0.65 4.31 2.62 2.68 0.33 3.54 1.83 2.73 0.96 2.67 1.68 0.24 0.25 0.55 2.03 0.02 100000.00 100000.00 0.38 0.37 100000.00 0.65 1.02 0.17 100000.00 100000.00 0.77 0.48 1.16
56 100000.00 65.17 98.25 95.77 47.87 65.44 35.45 95.78 57.43 115.08 12.73 25.31 102.22 123.47 92.95 109.41 94.28 94.70 89.68 3.66 18.85 41.95 47.11 33.33 22.77 21.22 29.09 13.10 52.87 3.43 5.86 64.52 67.19 27.42 75.72 42.61 64.19 55.29 1.68
57 100000.00 28.52 28.19 31.23 33.57 41.58 8.80 31.81 21.80 34.67 14.27 17.94 40.44 30.16 8.24 47.49 25.52 20.02 35.23 0.60 17.30 10.42 9.72 14.21 100000.00 2.21 13.68 11.68 21.15 3.73 100000.00 27.57 13.23 4.50 100000.00 100000.00 7.62 100000.00 0.37
58 100000.00 13.92 1.13 24.91 27.08 18.96 9.26 25.40 6.98 1.64 18.51 22.99 23.42 4.29 28.22 23.73 0.83 7.83 14.50 16.48 3.44 0.32 14.27 6.16 6.38 3.22 7.19 1.52 0.52 11.80 9.81 9.28 1.61 18.22 12.40 0.53 3.24 6.65 4.27
59 100000.00 14.87 38.98 42.56 6.97 30.31 42.19 53.01 18.17 57.02 27.47 35.20 60.62 22.74 28.10 13.39 52.17 24.72 3.46 41.69 6.08 19.54 15.97 3.42 12.13 14.18 34.35 8.58 35.41 16.84 21.23 14.53 11.15 17.47 8.98 29.13 12.76 0.72 18.92
60 100000.00 10.61 24.80 67.47 22.96 4.92 46.55 43.16 42.13 3.43 48.00 53.63 49.13 9.00 11.28 37.41 34.61 1.86 36.59 18.83 4.36 9.54 27.74 6.57 3.33 14.77 21.67 100000.00 100000.00 100000.00 100000.00 100000.00 1.86 100000.00 20.54 100000.00 0.59 15.37 5.79
61 100000.00 2.62 11.67 31.79 15.30 10.20 47.32 22.63 27.59 58.28 54.83 27.21 32.15 32.27 0.47 25.75 14.77 31.98 32.41 24.59 1.05 3.37 14.86 6.19 3.52 25.56 11.14 12.09 16.93 19.47 18.72 20.99 7.53 0.19 9.86 6.52 18.22 16.75 6.02
62 100000.00 11.75 37.51 71.84 94.24 102.67 84.36 107.98 42.13 82.13 102.20 66.36 45.90 92.46 32.50 12.13 100.41 28.24 21.82 73.53 4.82 25.66 100000.00 58.92 100000.00 45.48 29.75 100000.00 56.44 40.26 22.22 14.46 36.79 9.27 7.51 57.73 18.90 4.70 17.73
63 100000.00 25.26 33.86 14.66 63.83 10.41 62.10 16.40 52.74 5.16 70.47 91.59 23.81 59.03 65.35 76.83 24.85 47.12 61.00 40.86 100000.00 100000.00 3.73 36.73 4.70 36.38 10.85 24.21 2.06 33.41 50.90 9.12 100000.00 45.71 45.24 6.58 29.89 14.64 14.44
64 100000.00 21.88 71.18 96.48 41.87 82.92 26.21 50.38 67.72 62.94 30.48 17.14 66.01 22.45 42.34 72.72 37.51 30.89 15.41 3.52 7.46 34.65 48.76 20.57 22.24 16.90 31.18 43.14 14.85 20.02 3.69 39.21 13.80 16.14 17.88 9.51 16.17 6.30 1.69
65 100000.00 14.04 9.76 19.96 1.27 24.94 24.08 9.76 11.18 0.23 5.72 12.92 7.22 24.27 7.14 3.11 1.37 7.71 8.69 17.25 6.59 1.98 12.40 0.38 5.30 14.71 100000.00 4.11 0.05 1.69 3.11 3.35 10.97 100000.00 0.92 0.34 3.91 100000.00 4.09
66 100000.00 11.11 10.50 11.38 7.71 15.34 17.51 7.06 4.40 5.41 2.64 16.27 15.45 18.13 9.77 9.28 8.15 6.41 11.94 0.22 2.37 2.63 3.44 4.22 4.10 7.31 2.65 2.88 3.08 1.07 6.44 3.13 5.22 6.76 4.44 5.22 2.38 5.57 0.14
67 100000.00 5.61 2.83 10.35 16.16 2.26 19.53 14.92 15.40 2.68 17.90 22.60 14.79 14.55 18.53 5.16 13.06 4.02 9.04 9.83 3.06 1.94 100000.00 8.66 0.98 5.88 3.47 10.19 100000.00 6.05 8.79 7.86 4.19 100000.00 2.80 5.47 2.78 100000.00 2.39
68 100000.00 10.88 3.16 3.86 12.53 0.17 13.51 14.96 7.43 6.14 15.65 3.00 1.96 8.09 12.14 10.95 12.57 3.92 12.87 4.14 6.13 1.62 2.28 2.81 0.12 9.40 7.74 1.64 3.91 9.52 1.67 1.16 5.61 6.93 2.19 6.37 1.85 7.80 2.40
69 100000.00 11.73 11.05 13.19 8.83 4.92 8.59 9.67 9.34 12.68 13.94 8.92 2.32 2.26 7.68 16.75 3.00 0.81 8.21 13.97 6.30 100000.00 3.07 2.89 2.07 1.97 4.71 1.87 5.63 9.72 3.81 100000.00 100000.00 4.93 9.24 100000.00 0.17 100000.00 100000.00
70 100000.00 52.94 62.04 30.45 56.42 78.74 59.37 37.61 12.78 29.43 32.49 22.42 87.07 42.26 15.35 14.31 33.38 9.46 51.27 45.98 29.19 38.42 20.00 34.01 19.01 31.38 22.79 5.84 19.75 13.38 7.84 45.86 13.09 7.73 9.71 19.18 2.63 23.83 27.50
71 100000.00 61.34 33.13 106.32 5.74 55.26 79.30 52.43 12.78 95.37 73.89 62.64 68.07 65.08 0.92 9.76 53.66 54.14 27.48 36.84 24.57 14.15 55.88 3.91 24.59 18.47 16.10 2.81 40.27 41.27 21.85 33.70 17.48 0.22 3.35 17.96 24.43 16.26 8.82
72 100000.00 41.06 41.44 64.58 47.05 61.27 39.28 26.92 57.79 37.42 26.92 12.74 16.70 69.43 30.17 2.07 7.76 8.33 8.00 20.23 10.76 10.59 41.82 26.91 14.35 11.60 18.81 22.44 14.34 8.71 7.11 11.43 32.03 11.69 0.92 1.71 3.57 4.49 14.00
73 100000.00 33.29 12.99 33.86 15.54 19.11 40.25 60.37 55.25 15.65 18.41 11.17 30.20 18.89 41.46 32.54 53.10 26.07 49.91 16.47 100000.00 100000.00 12.31 6.69 100000.00 18.93 14.35 26.75 7.43 100000.00 100000.00 11.97 5.51 19.35 19.92 100000.00 100000.00 32.47 8.88
74 100000.00 5.38 9.85 9.32 6.55 4.65 10.51 4.83 1.63 13.19 9.37 11.01 5.08 0.08 6.60 11.19 5.77 4.74 1.44 6.08 1.37 6.08 3.19 2.42 1.02 3.85 2.44 0.70 6.69 5.87 4.92 1.79 0.04 3.68 7.01 2.16 1.11 0.59 2.24
75 100000.00 10.11 14.64 9.00 9.97 15.94 1.24 1.17 5.77 19.83 15.80 13.30 19.62 0.73 11.07 3.36 11.73 14.53 3.61 6.81 2.61 4.59 3.64 100000.00 8.07 100000.00 0.70 100000.00 100000.00 9.63 4.18 100000.00 0.46 2.60 1.79 5.38 9.90 100000.00 3.96
76 100000.00 44.07 16.45 83.74 30.32 22.32 11.55 36.05 31.58 38.32 81.70 38.07 8.08 21.97 32.79 19.39 24.88 13.55 52.77 3.86 13.90 100000.00 46.37 14.42 100000.00 100000.00 21.36 100000.00 11.59 35.28 16.90 100000.00 100000.00 9.10 8.25 100000.00 100000.00 18.06 1.66
77 100000.00 88.14 27.25 26.65 58.04 72.31 82.44 45.34 0.65 121.94 60.49 57.61 119.34 87.61 32.94 109.12 18.28 69.14 25.18 64.65 54.65 15.65 10.18 23.77 26.11 57.10 26.36 0.42 26.46 18.57 18.16 39.23 37.33 8.62 69.62 10.41 34.87 5.40 44.92
78 100000.00 30.58 30.23 34.99 14.61 35.43 13.77 17.38 20.39 8.11 17.82 3.85 4.96 10.43 23.18 13.51 5.02 11.35 16.22 9.99 6.58 11.80 13.74 4.05 19.77 5.57 10.19 11.90 3.71 6.85 1.13 3.25 6.48 14.74 5.29 2.49 2.49 8.31 2.29
79 100000.00 9.44 7.99 14.55 5.03 9.35 14.08 7.56 9.24 0.58 15.45 6.84 9.23 4.26 2.51 14.21 2.91 6.10 9.77 10.49 100000.00 100000.00 100000.00 2.87 2.20 6.49 2.88 2.46 0.37 100000.00 4.39 4.55 2.52 1.09 100000.00 0.92 1.50 3.06 5.13
80 100000.00 8.71 22.39 15.76 22.18 29.12 46.15 14.13 21.51 39.34 34.33 28.76 37.92 29.71 9.95 23.25 2.46 32.86 35.33 36.32 2.55 100000.00 10.66 4.91 12.69 25.74 9.31 13.49 12.81 12.36 16.18 19.97 9.34 100000.00 7.33 100000.00 15.65 100000.00 9.37
81 100000.00 38.07 43.55 18.72 35.69 54.22 0.46 27.10 17.58 19.08 23.55 1.32 34.05 34.64 11.52 9.33 30.97 33.57 27.97 44.05 17.43 24.97 5.20 14.36 28.75 0.32 14.98 6.68 5.45 6.75 0.48 10.74 8.76 6.23 6.30 20.73 14.85 11.64 15.58
82 100000.00 3.51 1.24 15.33 6.18 19.06 1.35 7.90 15.81 3.11 2.66 7.93 4.83 16.11 9.48 10.43 4.69 9.82 1.30 14.04 2.05 0.26 100000.00 100000.00 9.60 0.49 4.68 7.02 100000.00 1.53 5.37 1.78 7.08 100000.00 100000.00 2.49 5.96 0.36 9.20
83 100000.00 35.54 29.84 23.70 16.86 17.07 34.42 20.49 17.83 10.04 17.09 40.85 43.05 35.12 27.80 1.63 36.23 23.49 3.81 24.81 10.03 15.50 100000.00 100000.00 10.33 100000.00 7.13 5.26 6.50 100000.00 100000.00 9.96 20.46 12.43 0.96 12.68 10.85 2.34 17.19
84 100000.00 11.56 33.38 31.86 48.38 69.67 32.95 58.83 14.74 28.58 65.30 47.77 20.36 54.42 35.53 21.76 52.69 5.99 14.97 24.40 2.47 18.42 15.85 30.93 15.68 6.96 26.98 4.96 14.63 13.07 17.79 6.63 11.83 8.21 7.55 27.96 3.36 6.27 13.74
85 100000.00 17.84 3.31 11.44 6.59 13.25 11.70 4.33 15.01 20.56 4.21 4.42 2.22 10.60 12.72 9.77 10.77 12.65 15.00 15.59 6.43 2.19 4.49 1.62 3.10 6.31 2.16 3.41 14.08 1.68 1.70 0.75 5.24 5.16 3.57 5.76 6.16 5.80 6.21
86 100000.00 1.79 2.49 6.23 13.68 16.12 10.95 12.10 6.34 8.05 12.47 4.50 14.74 6.56 12.17 3.61 0.64 7.36 12.73 1.62 1.23 100000.00 3.88 100000.00 8.33 100000.00 100000.00 100000.00 2.17 100000.00 3.09 7.45 3.34 100000.00 100000.00 0.13 100000.00 100000.00 0.45
87 100000.00 18.34 15.11 9.51 13.40 16.16 4.10 11.21 12.08 3.46 12.45 16.34 9.63 3.77 11.05 5.82 14.07 4.23 8.48 6.12 9.28 100000.00 3.06 7.53 100000.00 100000.00 100000.00 100000.00 1.16 6.56 11.24 5.20 100000.00 6.01 3.90 4.40 2.70 5.21 3.55
88 100000.00 9.55 3.59 6.40 2.03 0.87 6.41 0.34 2.45 2.16 8.64 1.73 2.16 4.52 8.11 14.30 5.63 5.49 4.38 11.41 4.62 0.75 1.58 0.76 0.50 2.75 0.11 1.57 1.33 5.35 0.93 1.28 1.21 4.98 9.85 100000.00 2.53 100000.00 100000.00
89 100000.00 12.81 24.18 14.86 2.27 17.08 24.63 5.19 17.22 18.47 9.83 22.65 14.71 11.49 13.35 23.10 5.45 20.98 20.75 18.05 7.58 13.94 5.46 0.84 11.51 7.85 2.61 11.72 10.58 2.74 15.80 8.47 5.17 4.64 11.77 1.93 12.07 14.32 10.51
90 100000.00 3.83 1.68 4.91 5.12 2.48 9.89 1.56 7.34 11.32 3.23 0.09 2.36 9.20 2.76 8.41 0.13 0.22 8.23 7.22 2.01 0.54 100000.00 2.44 100000.00 3.33 100000.00 1.92 4.06 100000.00 0.04 0.56 4.78 1.62 100000.00 100000.00 0.12 2.10 100000.00
91 100000.00 149.21 142.49 174.16 134.84 160.84 14.95 127.92 130.48 129.54 47.78 175.31 47.52 3.86 131.06 74.30 101.40 25.33 70.80 37.68 41.72 86.51 113.20 52.91 75.98 3.52 63.13 40.12 28.55 26.24 50.77 14.06 1.57 78.62 33.43 70.56 7.48 19.50 17.81
92 100000.00 1.15 2.13 1.68 0.44 1.70 1.59 1.83 1.65 1.73 5.06 0.28 1.84 3.65 2.72 1.20 0.90 3.95 2.95 2.56 0.31 1.26 0.52 0.30 1.15 0.69 0.52 0.97 0.53 2.22 0.07 0.91 2.37 0.64 0.48 0.60 2.11 0.89 1.45
93 100000.00 3.89 3.56 7.71 7.67 7.74 10.93 1.01 6.73 6.52 3.41 12.47 5.10 6.65 1.97 8.14 6.65 3.86 4.63 7.20 1.14 2.23 4.76 3.55 4.87 6.10 0.46 2.15 3.08 2.31 8.45 3.40 3.09 1.13 1.85 1.72 2.02 1.81 4.23
94 100000.00 0.72 1.53 0.60 0.94 0.90 1.20 1.10 0.15 1.74 0.35 1.81 0.75 0.11 0.46 1.39 1.25 0.33 0.24 0.40 0.34 0.60 0.25 0.30 0.34 0.70 0.51 0.09 1.14 0.09 0.49 0.22 0.03 0.13 0.90 0.47 0.17 0.15 0.14
95 100000.00 64.40 105.21 170.55 80.14 68.70 151.47 103.47 25.12 116.55 155.17 104.68 76.54 94.74 36.44 146.09 53.01 101.89 8.77 91.72 16.68 30.45 107.63 23.47 46.62 41.15 40.42 12.42 77.07 38.84 55.53 31.90 21.38 22.97 71.69 17.21 46.36 2.19 62.45
96 100000.00 26.78 15.30 7.49 21.24 7.06 20.52 15.12 18.53 4.30 7.61 21.80 30.01 20.36 8.91 8.18 5.83 2.18 21.93 20.19 11.62 100000.00 100000.00 13.55 100000.00 5.06 7.64 4.78 2.83 2.76 7.39 100000.00 9.39 2.54 3.37 3.40 1.20 5.04 11.94
97 100000.00 26.08 18.71 5.42 8.17 5.90 14.80 2.66 14.88 9.58 21.79 4.90 7.25 14.71 5.72 18.38 13.03 12.99 1.12 1.37 15.38 5.00 2.55 4.53 3.40 7.52 0.87 6.95 1.99 7.26 1.75 3.38 7.27 2.85 9.08 7.74 7.64 0.40 0.57
98 100000.00 19.05 8.65 9.49 20.07 22.09 11.36 6.31 11.15 24.30 2.51 6.81 1.93 12.19 12.43 10.16 11.40 8.42 19.29 7.11 8.70 4.68 3.22 13.99 6.08 6.26 2.81 100000.00 5.93 0.78 1.38 0.93 3.22 2.83 100000.00 100000.00 100000.00 100000.00 2.22
99 100000.00 7.61 4.25 31.83 24.83 29.66 44.49 18.62 9.56 6.59 19.57 45.92 23.61 18.31 15.04 49.53 39.14 37.74 2.69 26.10 1.84 2.39 10.17 16.57 8.13 29.15 4.86 4.56 3.77 10.54 30.93 15.61 9.61 4.02 19.01 16.35 16.23 1.54 6.43
100 100000.00 16.45 19.62 1.74 17.63 3.11 28.59 28.40 25.45 35.18 36.70 31.67 23.11 29.79 11.17 18.21 25.08 24.95 29.71 20.05 4.37 100000.00 100000.00 11.74 1.69 100000.00 7.55 16.48 100000.00 10.92 14.57 11.41 7.17 4.10 6.14 16.71 100000.00 12.68 11.82
101 100000.00 11.33 9.58 9.30 5.23 1.78 5.21 8.69 0.41 2.72 12.46 14.57 0.13 3.68 7.56 6.13 8.35 7.18 4.44 5.96 4.64 100000.00 3.89 1.71 0.54 1.93 100000.00 100000.00 100000.00 3.74 7.07 0.06 1.82 100000.00 2.24 2.19 4.14 2.06 2.10
102 100000.00 1.24 1.01 4.90 1.82 6.69 0.38 5.46 1.67 3.60 5.21 4.40 4.90 3.83 3.83 6.04 4.01 5.20 4.42 2.07 0.59 0.21 2.98 1.13 3.90 0.25 2.49 0.42 2.28 1.87 2.81 1.29 1.99 2.02 2.88 1.20 2.41 3.01 0.83
103 100000.00 6.03 1.77 3.14 1.65 0.73 2.63 1.78 3.06 6.27 1.12 0.31 2.63 1.06 5.13 3.33 5.08 3.75 2.20 5.16 1.76 0.42 1.26 0.59 0.20 1.16 1.08 1.54 3.86 0.37 0.08 1.22 0.23 3.28 0.91 3.04 1.90 0.73 3.24
104 100000.00 3.50 4.72 2.77 3.12 5.14 6.51 3.93 1.50 0.59 0.28 4.75 1.47 5.79 5.14 2.59 4.15 2.02 4.59 0.79 2.43 3.19 100000.00 1.70 100000.00 1.53 100000.00 0.92 0.23 0.13 1.97 0.32 2.33 3.38 0.92 100000.00 1.21 100000.00 100000.00
105 100000.00 17.02 54.77 42.20 61.90 15.58 29.98 18.60 5.90 47.72 48.56 19.04 43.34 11.80 52.47 9.16 10.44 1.71 26.06 63.66 10.98 16.63 28.29 34.04 10.29 11.12 5.90 1.67 32.96 10.37 8.31 30.03 3.50 25.66 2.73 2.65 0.68 8.17 33.12
106 100000.00 1.70 1.21 1.73 3.33 1.82 3.36 3.87 3.75 0.65 0.32 1.31 2.23 4.91 1.12 2.10 1.33 0.27 3.72 1.93 1.11 0.79 1.21 2.20 0.69 0.89 2.22 1.18 0.45 0.11 0.86 0.99 2.15 0.42 0.75 0.78 0.11 1.04 0.99
107 100000.00 6.96 0.99 6.38 1.69 7.26 6.17 2.80 4.31 8.33 7.85 9.46 0.76 1.73 6.35 8.16 1.69 2.01 1.91 4.29 100000.00 0.21 100000.00 0.76 1.87 100000.00 100000.00 100000.00 100000.00 2.74 100000.00 0.18 100000.00 100000.00 3.68 0.52 1.07 0.85 1.01
108 100000.00 3.49 0.13 3.61 1.23 0.76 0.43 3.61 3.52 2.43 4.43 4.37 0.31 4.95 0.19 2.80 1.38 3.06 0.65 0.37 1.88 0.08 2.10 0.53 0.47 0.14 2.20 1.17 1.10 2.47 1.10 0.14 2.08 0.11 0.73 0.76 1.76 0.20 0.19
109 100000.00 1.76 1.41 2.09 0.99 1.39 1.13 0.34 1.96 0.25 2.93 2.62 0.88 0.90 0.34 1.34 0.48 0.16 0.51 0.94 0.98 0.36 0.53 0.68 100000.00 0.58 100000.00 100000.00 0.17 1.88 100000.00 100000.00 0.45 0.11 0.38 0.27 100000.00 0.20 0.54
110 100000.00 3.18 4.32 2.59 1.67 5.49 0.31 1.22 2.45 2.26 0.55 1.14 5.19 4.74 2.55 3.21 2.85 3.87 3.63 3.99 1.38 0.98 1.28 0.62 3.35 0.14 0.71 1.67 1.14 0.20 0.58 3.43 1.13 1.46 2.16 1.04 0.89 1.50 1.68
111 100000.00 0.21 1.66 2.06 1.54 1.78 3.02 1.88 1.70 1.05 1.57 1.62 1.50 1.65 2.12 0.15 0.56 1.48 1.04 0.50 0.14 1.08 0.46 0.98 0.95 0.95 0.68 0.53 0.38 0.93 0.33 1.02 0.77 0.58 0.04 0.20 0.95 0.53 0.14
<task rigidity>
1 5
2 2
3 7
4 3
5 3
6 6
7 9
8 1
9 8
10 8
11 1
12 5
13 4
14 10
15 9
16 1
17 5
18 1
19 3
20 10
21 2
22 8
23 8
24 6
25 3
26 3
27 2
28 10
29 4
30 2
31 5
32 5
33 5
34 6
35 3
36 3
37 3
38 5
39 4
40 7
41 4
42 9
43 8
44 6
45 4
46 6
47 6
48 7
49 10
50 1
51 6
52 9
53 8
54 2
55 3
56 3
57 7
58 5
59 5
60 1
61 1
62 2
63 2
64 1
65 4
66 8
67 10
68 2
69 3
70 8
71 3
72 7
73 3
74 6
75 4
76 5
77 3
78 2
79 9
80 1
81 1
82 9
83 10
84 10
85 1
86 2
87 5
88 6
89 1
90 2
91 4
92 4
93 5
94 6
95 10
96 7
97 6
98 9
99 8
100 1
101 2
102 8
103 1
104 2
105 5
106 7
107 6
108 6
109 5
110 4
111 6
<precedence relations>
1,2
2,3
3,4
4,5
4,6
4,7
4,8
4,9
4,10
5,39
6,39
7,83
8,71
9,32
10,11
10,12
11,13
11,14
11,15
11,16
11,17
11,18
11,19
11,20
11,21
12,13
12,14
12,15
12,16
12,17
12,18
12,19
12,20
12,21
13,71
14,22
14,23
14,24
14,25
15,26
16,27
17,28
18,29
19,30
20,91
21,111
22,31
22,83
23,32
23,33
24,69
24,70
25,34
26,82
27,35
28,36
29,37
30,38
31,39
32,41
33,111
34,42
35,43
36,44
36,91
37,45
37,91
38,46
38,91
39,40
40,111
41,69
41,70
42,47
43,48
43,49
44,50
45,51
46,52
47,54
47,55
47,56
47,57
47,58
47,59
47,60
48,53
49,91
50,111
51,111
52,111
53,111
54,69
54,70
55,61
55,62
55,63
56,63
56,64
57,65
57,91
58,66
58,91
59,67
59,91
60,68
60,91
61,69
61,70
62,71
63,111
64,72
65,111
66,111
67,111
68,111
69,77
69,78
70,73
71,91
72,74
73,75
74,76
75,77
75,78
75,79
76,80
76,81
76,82
77,83
78,84
79,85
80,86
80,91
81,87
81,91
82,111
83,91
84,88
84,89
84,91
85,111
86,111
87,90
88,105
89,105
90,111
91,92
91,93
91,94
92,95
93,95
94,95
95,96
95,97
95,98
95,99
95,100
95,104
96,101
97,102
98,103
99,111
100,111
101,105
102,106
102,107
103,107
103,108
104,111
105,111
106,109
107,111
108,110
109,111
110,111
<end>