<number of tasks>
111
<number of stations>
14
<number of workers>
14
<type of the robots>
1
<limit of the robots>
7
<task times>
1 2672 402 341 883 1767 91 1048 1015 581 440 528 836 752 1399 1663 249 238 547 1112 63 656 630 377 303 327 514 511 967 1130
2 2388 1148 766 954 372 802 385 935 1529 1628 1638 1202 261 61 306 798 532 634 237 488 261 602 975 1070 1029 813 172 38 184
3 1017 474 102 348 529 668 574 613 714 439 625 729 491 347 696 318 63 230 331 407 366 427 489 302 385 495 340 243 481
4 100000 237 1701 1682 1681 142 347 841 280 183 1231 704 918 527 187 159 1085 100000 1079 86 225 100000 182 122 850 433 641 346 122
5 100000 340 245 198 248 102 343 254 242 147 419 75 417 290 305 211 159 125 100000 64 100000 160 149 101 287 51 272 198 200
6 100000 247 398 1222 945 635 888 854 22 900 577 853 634 603 530 170 271 843 100000 427 100000 100000 15 583 355 555 442 376 368
7 231 101 51 138 147 149 31 165 90 159 4 89 113 49 104 66 34 95 101 102 22 114 59 108 3 56 79 33 64
8 100000 1271 1169 672 2066 758 2051 1706 527 909 1074 415 1116 177 35 770 767 438 1292 504 1341 1190 361 100000 707 278 777 118 100000
9 1714 299 990 533 459 947 1122 761 679 978 359 671 712 349 22 192 650 369 291 626 768 472 434 653 249 406 437 238 14
10 100000 1697 1264 670 1141 343 618 858 1371 939 125 2197 1805 1006 927 100000 850 100000 727 230 374 560 915 636 84 1389 1247 100000 100000
11 2262 1195 644 764 996 1589 1033 107 748 96 1167 1264 1567 1399 1576 836 406 517 599 1045 711 68 495 64 756 878 983 853 964
12 100000 169 550 907 888 295 573 268 721 689 410 899 258 345 611 117 100000 630 100000 199 396 100000 487 445 266 100000 100000 100000 408
13 1002 561 260 733 230 369 641 544 210 319 13 488 41 61 199 379 165 510 159 246 389 354 145 218 9 340 29 38 139
14 3104 1623 1267 867 2226 2178 2226 1917 1943 1377 1029 532 821 1870 1525 1050 770 596 1435 1332 1348 1315 1324 884 658 333 557 1265 938
15 3759 1134 2531 2247 1994 2447 852 2712 2278 1796 261 2113 1898 2648 1200 771 1723 1392 1378 1674 561 1722 1415 1090 167 1385 1172 1788 830
16 101 1 73 14 29 72 58 72 64 68 67 56 33 13 28 1 47 10 20 49 40 51 44 48 47 39 21 9 19
17 117 12 51 49 43 42 72 45 77 19 72 24 3 52 78 8 35 34 28 26 44 30 50 14 44 17 2 37 53
18 69 11 20 12 28 1 39 19 47 50 38 46 50 38 47 8 14 9 20 1 27 13 32 33 25 28 33 24 31
19 100000 129 63 47 9 181 136 264 347 294 322 293 78 303 326 84 43 100000 7 125 92 174 100000 190 100000 191 100000 100000 200
20 563 162 317 182 345 240 120 52 347 257 126 395 388 237 200 111 222 114 212 145 79 36 231 178 87 261 234 162 126
21 100000 2335 1892 1361 670 944 1896 2965 2086 1844 2865 335 714 76 1139 1473 1242 913 466 100000 1197 1983 100000 1141 100000 219 100000 46 100000
22 162 125 90 104 45 40 105 17 82 17 24 85 9 115 85 80 60 69 32 28 64 11 51 12 15 56 7 70 54
23 100000 2253 989 2017 2233 1852 2589 738 322 589 2205 2913 2155 1446 1979 100000 686 1231 1554 1142 100000 473 200 364 100000 1751 100000 873 1325
24 56 7 38 15 29 42 24 15 41 33 14 28 13 3 12 5 26 10 18 26 17 10 27 21 9 19 9 2 9
25 100000 2838 1676 1792 452 388 3275 2173 693 608 1886 1021 496 710 1366 100000 1154 1238 296 265 2076 100000 426 401 1297 651 100000 485 956
26 2568 872 682 514 148 1712 1747 855 1378 1909 432 1264 394 1749 439 528 412 331 95 1039 1175 521 858 1150 297 777 273 1151 284
27 100000 10 12 3 1 19 13 16 22 4 12 15 27 15 23 7 100000 2 1 12 100000 11 100000 100000 8 10 100000 10 100000
28 35 13 4 12 4 27 3 4 8 24 27 25 10 24 18 9 3 8 3 18 3 3 5 16 19 16 7 16 11
29 20 14 3 7 15 1 8 2 5 7 2 15 10 12 9 10 3 5 10 1 6 2 4 5 2 10 7 8 6
30 166 99 88 55 111 115 78 37 68 55 27 28 9 76 36 61 60 37 78 74 48 26 48 39 18 20 7 49 23
31 100000 1682 504 167 811 173 876 1262 928 186 558 1590 1305 1650 1547 1133 351 106 522 111 565 856 621 124 358 1071 896 1126 1054
32 100000 806 642 1240 125 927 2104 1045 1019 1763 947 657 1111 1263 377 100000 100000 861 100000 647 1437 685 634 1221 100000 435 755 806 100000
33 2004 734 37 501 95 626 789 1330 658 138 348 912 853 1091 1020 487 23 305 59 414 533 862 405 91 232 578 592 669 681
34 100000 2022 97 2315 2414 3169 397 2456 3951 1549 1414 463 2517 2837 3834 1295 100000 1520 100000 2009 240 1530 2748 1068 895 289 1605 1891 2468
35 90 62 50 19 63 61 9 38 5 4 21 61 37 45 33 41 31 14 39 41 7 24 4 3 15 37 25 28 21
36 100000 33 48 32 32 13 40 3 31 56 15 62 22 15 43 22 100000 20 100000 100000 28 100000 19 34 10 42 16 11 28
37 100000 31 8 12 4 21 5 8 2 26 22 2 9 37 16 21 5 8 3 14 4 100000 100000 100000 15 2 6 24 11
38 483 59 65 149 42 32 22 38 335 45 294 279 201 105 328 41 46 94 26 21 15 26 229 32 205 172 125 73 212
39 6878 3006 513 4046 932 1437 4157 451 289 3075 646 2079 3927 3104 1377 1859 348 2479 561 883 2545 303 189 2117 414 1327 2507 2154 922
40 1911 666 882 545 172 465 440 644 24 681 1148 1066 495 1447 1187 459 583 351 107 314 308 434 16 458 707 669 334 964 719
41 4039 1619 1074 378 938 1220 84 2474 536 2621 1463 2232 947 1583 2572 1017 738 229 631 735 57 1540 346 1680 949 1443 630 1028 1718
42 100000 4367 792 507 5612 5181 3498 2109 711 3250 1329 2182 2512 2522 1130 100000 538 100000 3892 3508 2233 1457 483 100000 835 1410 1635 1759 100000
43 93 29 17 11 14 41 55 57 56 31 59 6 32 42 12 18 11 8 9 28 35 38 35 20 41 5 20 27 8
44 23 9 6 1 6 8 4 10 16 13 15 17 18 2 5 7 5 1 4 6 3 7 11 9 10 12 13 2 4
45 13 5 10 3 7 3 4 4 7 10 4 3 10 6 7 4 7 3 5 2 3 3 5 7 3 2 7 4 5
46 108 34 63 19 58 46 10 16 19 34 53 49 16 27 48 23 42 12 37 31 7 11 12 21 37 34 11 19 34
47 6868 5163 4719 3816 4660 4544 4809 4981 4853 570 519 1342 4769 859 930 3182 3029 2465 2950 2951 3111 3396 3076 377 335 806 2945 564 610
48 54 33 14 15 8 20 25 3 38 5 37 21 30 3 25 23 9 10 5 14 17 3 24 4 23 15 20 2 17
49 90 16 42 15 37 26 65 29 32 21 45 47 23 40 11 10 29 11 23 17 45 19 21 14 31 30 16 26 8
50 100000 16 9 13 1 25 14 23 11 17 2 16 27 17 23 100000 100000 100000 1 18 100000 100000 7 12 2 100000 100000 100000 16
51 20 2 9 5 14 9 15 13 12 5 9 2 13 2 13 2 6 4 9 6 10 9 8 4 7 2 9 2 9
52 162 76 84 38 27 94 94 108 85 28 12 82 42 96 17 52 56 26 19 62 61 66 55 18 9 51 29 59 12
53 100000 44 22 20 54 2 5 41 29 31 52 20 50 40 21 100000 16 13 100000 2 100000 26 18 100000 100000 14 100000 28 15
54 2330 574 1606 375 275 404 1469 635 1419 1343 1303 376 19 675 513 372 1041 256 176 278 936 430 929 902 891 262 13 448 351
55 100000 34 47 113 65 89 83 92 92 112 50 116 40 57 69 100000 31 69 44 57 50 59 61 73 34 100000 26 100000 45
56 5298 3101 3190 2425 1932 2301 3359 3967 3488 3933 3790 3598 1713 1024 3456 2000 2233 1681 1315 1425 2299 2427 2384 2713 2491 2301 1182 659 2156
57 100000 130 202 729 184 881 813 756 495 435 1340 217 610 854 1221 80 135 457 100000 537 495 480 305 303 892 149 100000 100000 782
58 2048 599 648 1208 506 197 1077 1335 620 1330 1325 658 680 746 846 362 409 732 339 136 733 815 401 882 886 460 414 498 555
59 3024 747 1929 108 1248 1690 1363 507 1406 1676 1431 1737 984 1276 822 469 1313 75 781 1176 880 343 946 1159 955 1118 629 870 521
60 2638 1578 205 1875 1865 111 1720 293 465 857 1933 1913 579 1627 344 1077 139 1197 1302 75 1120 198 325 542 1300 1283 379 1010 207
61 100000 282 1853 956 1469 1743 795 1678 1909 321 502 90 1379 860 129 170 1208 624 100000 1199 524 1129 100000 100000 346 100000 913 552 100000
62 100000 2285 759 1975 1429 2904 2941 3470 2394 3300 2263 768 3255 359 2225 1379 471 1315 100000 1973 2054 2222 1673 100000 1413 492 2275 217 1456
63 3768 1915 2402 911 2080 305 1457 501 597 598 1633 1794 1720 1983 186 1295 1481 599 1284 212 920 343 409 381 1050 1189 1196 1354 124
64 100000 2173 550 143 2528 2128 787 74 1346 692 1980 143 1272 1939 1722 1363 352 100 1584 1326 528 100000 100000 428 1259 93 834 1300 100000
65 977 679 471 422 722 555 193 354 59 695 109 509 283 223 534 423 317 288 466 364 135 242 40 433 71 356 196 144 352
66 968 629 105 155 117 562 122 644 254 254 636 303 653 539 718 405 73 100 71 349 74 405 161 177 422 203 444 355 458
67 987 625 138 361 348 263 81 669 291 283 465 661 350 142 612 428 86 223 230 163 53 430 202 189 284 415 220 87 377
68 1026 165 325 291 675 92 178 129 226 11 53 98 73 478 268 104 228 204 418 59 111 79 152 8 34 68 48 295 172
69 100000 423 292 351 378 338 456 424 290 472 148 3 230 168 234 100000 179 100000 255 100000 302 290 100000 100000 90 100000 100000 114 100000
70 100000 1873 402 1387 1818 37 1591 892 558 987 1954 1227 1192 1010 2255 1213 267 100000 1260 100000 100000 613 351 593 100000 845 734 653 1368
71 4294 238 2797 2619 2311 3197 1633 1523 2733 359 355 2577 1996 2059 2778 154 1737 1649 1512 2044 1113 1058 1912 250 229 1689 1297 1331 1774
72 2960 1033 136 1021 1793 2061 468 1590 1783 585 1993 1636 1382 1472 1925 666 84 644 1201 1281 294 1020 1183 355 1253 1138 939 899 1185
73 2976 1777 1162 475 1531 1563 1988 1002 1176 1692 119 1954 1532 1195 825 1231 710 329 1051 968 1240 606 720 1114 77 1315 972 750 568
74 100000 474 98 373 80 297 387 165 134 160 224 32 386 327 451 285 100000 234 56 204 255 100000 87 97 149 21 100000 204 310
75 1123 627 43 634 318 71 296 506 797 219 39 503 747 281 579 391 27 386 204 46 195 321 526 139 24 307 477 172 352
76 4600 2270 2289 1777 3462 2336 3455 1699 496 2120 2418 525 3432 1692 394 1550 1505 1242 2175 1432 2223 1080 318 1399 1675 334 2325 1047 256
77 100000 450 421 3038 683 1022 3080 3482 2290 2580 364 1238 3182 606 2837 299 277 100000 470 100000 2141 2368 1593 100000 100000 804 100000 378 1864
78 1608 113 101 119 208 190 568 692 966 180 70 327 760 1059 387 73 67 80 146 123 396 418 609 119 46 225 481 683 253
79 826 570 50 467 204 27 375 292 239 470 220 47 7 177 536 395 33 298 142 18 234 190 162 300 146 33 5 114 345
80 1942 160 576 733 1284 1360 801 908 998 863 599 1201 181 241 377 107 370 490 841 889 517 556 628 536 364 758 125 156 248
81 2359 558 1100 456 1342 984 1233 1214 1325 22 487 816 506 1107 1555 359 725 280 866 648 797 845 926 15 311 523 343 774 960
82 984 498 669 709 212 719 515 623 261 643 103 207 114 109 235 339 443 470 143 470 326 408 177 417 63 138 70 67 149
83 2685 955 145 12 1805 1736 1146 582 951 1677 1647 1640 1456 1777 230 608 88 8 1214 1169 716 391 622 1154 1002 997 887 1117 146
84 3826 821 1673 273 1627 2367 441 1294 336 2186 1905 987 789 482 1567 515 1036 170 1020 1455 273 844 210 1360 1250 610 502 308 993
85 100000 209 369 466 378 157 223 465 183 514 310 529 589 564 185 100000 223 313 236 101 100000 313 100000 322 202 326 394 100000 100000
86 662 163 50 164 78 207 318 192 479 167 165 207 297 126 121 109 34 105 54 140 205 130 303 107 110 143 191 84 77
87 956 251 678 153 509 244 415 642 392 236 713 108 262 239 429 165 426 102 338 170 272 411 251 153 476 68 159 151 261
88 674 397 176 308 168 293 328 431 256 138 134 306 363 236 256 276 109 209 117 204 208 286 169 93 89 198 233 160 169
89 1285 97 909 174 297 305 676 310 28 774 676 160 696 117 509 68 565 107 202 198 429 196 18 480 469 112 419 73 309
90 423 239 60 55 10 182 185 207 125 127 162 41 111 325 154 163 37 36 7 124 124 129 85 86 100 29 68 224 94
91 7063 3983 2360 3104 2116 1889 4266 4907 4015 3840 1825 3082 3209 1024 993 2515 1511 1871 1293 1190 2756 3395 2558 2573 1230 1905 2002 708 620
92 336 33 65 209 176 200 221 27 102 89 48 57 20 176 85 22 43 134 106 128 153 18 68 57 30 37 13 120 52
93 100000 2 139 188 264 369 108 113 1 24 252 157 351 12 211 2 93 100000 174 254 100000 77 1 100000 100000 102 243 8 100000
94 100000 23 24 38 27 16 57 27 21 23 42 9 55 27 25 15 100000 25 18 11 37 17 15 100000 26 6 38 17 16
95 6990 290 2557 3537 3705 181 4108 88 4532 817 132 3369 1107 3771 3752 175 1764 2358 2313 116 2847 61 3122 541 85 2033 688 2635 2479
96 1634 395 400 797 526 650 438 178 511 36 202 841 110 109 699 270 277 522 342 402 290 113 331 23 129 520 72 70 421
97 1007 337 12 218 718 376 137 581 674 152 224 603 375 317 290 220 9 138 472 230 85 383 410 103 151 412 233 215 185
98 1068 614 671 249 283 125 708 160 299 737 378 457 610 718 10 397 427 162 173 77 437 101 203 494 238 306 394 474 7
99 2281 950 1600 1428 1339 1292 573 52 712 671 609 317 319 456 1605 650 1073 908 880 848 380 33 468 406 384 194 199 316 967
100 2204 1571 853 270 568 189 352 1576 264 400 737 1605 1612 915 911 1035 575 175 362 116 239 1043 164 260 496 979 1059 638 577
101 677 272 228 16 42 456 103 452 188 387 373 418 427 365 212 191 158 10 28 310 70 301 122 262 224 286 298 246 141
102 264 199 154 168 56 66 159 55 20 80 108 143 123 13 39 133 100 104 39 41 111 37 14 56 70 88 79 9 26
103 281 187 50 44 3 102 149 69 194 146 165 163 61 77 121 118 35 27 2 67 104 45 119 102 100 108 39 50 82
104 100000 159 128 173 124 148 199 179 125 100 68 155 60 92 100 100000 80 100000 85 103 123 113 100000 100000 47 101 40 60 63
105 3580 495 880 2348 2521 213 2421 880 605 200 1425 722 893 1801 368 307 616 1596 1529 143 1525 588 397 137 986 482 619 1108 251
106 215 155 104 104 114 75 20 80 162 13 77 57 94 115 155 104 69 65 76 52 13 53 111 9 53 37 58 77 108
107 100000 87 132 17 287 283 31 313 7 219 250 200 210 143 158 60 85 11 189 180 22 202 5 145 164 133 135 96 100
108 211 29 7 16 16 81 116 33 129 99 11 86 17 139 37 19 5 10 12 51 77 22 89 62 8 59 11 85 23
109 163 98 7 80 11 20 66 59 61 80 102 92 108 88 40 62 5 52 7 13 47 41 43 56 70 60 76 59 27
110 100000 104 59 107 106 154 64 21 100 59 132 143 9 149 104 100000 100000 71 100000 100000 42 14 64 41 92 93 100000 90 100000
111 121 31 68 77 78 16 68 32 26 58 6 82 45 60 34 22 46 47 48 11 45 22 17 39 5 51 28 40 24
<posture of tasks>
1 1
2 1
3 0
4 1
5 1
6 0
7 1
8 1
9 1
10 1
11 0
12 0
13 0
14 1
15 1
16 0
17 1
18 1
19 0
20 1
21 0
22 1
23 1
24 1
25 1
26 1
27 1
28 1
29 1
30 1
31 0
32 1
33 1
34 1
35 0
36 1
37 0
38 1
39 0
40 1
41 0
42 1
43 1
44 1
45 1
46 1
47 1
48 1
49 0
50 1
51 1
52 1
53 1
54 1
55 1
56 1
57 1
58 1
59 1
60 1
61 1
62 0
63 0
64 1
65 1
66 1
67 1
68 1
69 1
70 1
71 1
72 0
73 0
74 0
75 0
76 1
77 1
78 1
79 1
80 1
81 0
82 0
83 1
84 0
85 1
86 1
87 1
88 0
89 0
90 1
91 0
92 1
93 1
94 1
95 1
96 1
97 1
98 1
99 0
100 1
101 1
102 1
103 1
104 1
105 1
106 1
107 0
108 1
109 0
110 1
111 1
<max energy cosumption of alternatives>
1 100000.00
2 2.29
3 4.98
4 2.57
5 2.94
6 2.67
7 5.40
8 4.38
9 2.75
10 2.66
11 5.39
12 4.97
13 2.90
14 2.49
15 5.13
<energy cosumption of alternatives>
1 100000.00 10.45 11.22 23.90 48.66 2.38 35.02 34.88 15.16 11.03 18.45 27.92 20.70 37.12 54.74 5.33 7.62 10.25 28.57 1.28 9.59 11.45 10.18 3.13 9.66 17.22 9.03 20.27 13.31
2 100000.00 30.18 25.27 26.01 10.34 21.12 12.89 32.25 40.20 41.26 57.29 40.29 7.24 1.64 10.14 19.23 8.14 7.03 2.86 14.54 8.94 18.33 16.42 10.07 24.81 9.34 1.70 0.42 5.61
3 100000.00 9.72 2.63 7.40 11.48 13.69 15.18 16.74 14.59 8.60 17.31 19.31 10.63 7.23 18.17 5.19 0.87 3.97 7.74 4.20 9.50 5.68 8.03 3.03 9.62 4.33 2.96 2.15 6.21
4 100000.00 6.23 56.19 45.94 46.73 3.77 11.62 29.01 7.40 4.64 43.04 23.59 25.53 14.15 6.17 1.54 23.56 100000.00 26.58 1.93 4.69 100000.00 3.29 1.67 13.43 11.90 9.42 5.79 1.64
5 100000.00 9.14 8.24 5.53 7.06 2.71 11.75 8.96 6.47 3.81 14.99 2.54 11.84 7.93 10.34 3.14 3.31 2.85 100000.00 0.83 100000.00 5.58 4.04 1.19 5.06 1.37 3.67 3.34 2.40
6 100000.00 4.80 9.95 24.81 19.57 12.41 22.58 22.39 0.42 16.86 15.34 21.71 13.15 11.99 13.26 2.59 5.96 10.51 100000.00 2.57 100000.00 100000.00 0.09 6.80 7.78 12.26 8.63 2.88 7.05
7 100000.00 2.60 1.63 3.70 4.00 3.83 1.04 5.61 2.32 3.93 0.15 2.93 3.10 1.28 3.35 1.46 0.65 2.11 1.86 1.53 0.56 2.65 1.44 1.83 0.05 1.57 0.65 0.74 1.23
8 100000.00 33.53 38.67 18.37 57.50 19.98 68.84 58.93 13.91 23.11 37.63 13.94 31.06 4.76 1.16 22.01 23.84 4.58 28.09 11.84 16.32 33.58 5.95 100000.00 9.86 3.14 18.67 1.57 100000.00
9 100000.00 7.99 33.30 14.82 12.97 25.38 38.28 26.71 18.17 25.24 12.81 22.91 20.11 9.52 0.71 3.44 18.88 3.62 6.26 15.04 23.72 11.11 5.60 10.28 5.20 10.66 13.31 1.91 0.20
10 100000.00 45.40 42.30 18.60 32.19 9.18 20.99 30.01 36.65 24.25 4.42 74.61 50.93 27.40 31.02 100000.00 14.36 100000.00 19.16 5.15 4.29 8.92 8.99 7.07 1.44 42.86 28.03 100000.00 100000.00
11 100000.00 24.45 16.78 16.21 21.60 32.47 27.34 2.89 15.30 1.89 32.32 33.43 33.90 29.15 41.10 7.70 10.20 5.57 9.52 14.22 8.05 1.79 5.59 0.72 16.15 21.84 20.26 12.90 28.73
12 100000.00 3.37 13.96 18.67 18.69 5.84 14.76 7.09 14.30 13.12 11.04 23.16 5.44 6.98 15.53 1.09 100000.00 11.93 100000.00 4.07 7.58 100000.00 8.05 2.91 6.01 100000.00 100000.00 100000.00 6.11
13 100000.00 11.86 6.93 16.05 5.14 7.81 17.36 15.13 4.42 6.48 0.37 13.18 0.93 1.33 5.33 3.47 1.39 7.75 3.08 1.62 8.48 8.49 1.32 2.45 0.25 4.46 0.29 0.67 3.30
14 100000.00 43.45 42.42 24.04 62.75 58.28 75.51 66.88 51.97 35.52 36.41 18.05 23.14 50.92 51.01 27.68 22.90 14.22 27.27 33.40 51.43 40.73 34.80 14.59 7.64 8.02 12.85 33.94 35.03
15 100000.00 29.89 84.09 61.40 55.47 64.41 28.68 94.07 59.98 45.55 9.17 71.20 52.83 71.07 39.85 16.72 39.38 22.95 30.21 43.14 6.21 30.15 34.88 31.14 4.04 48.57 22.71 24.82 25.90
16 100000.00 0.04 1.88 0.30 0.66 1.47 1.54 1.93 1.33 1.35 1.84 1.49 0.73 0.27 0.75 0.01 0.87 0.20 0.36 0.45 0.81 1.27 0.63 0.55 0.77 0.63 0.24 0.17 0.40
17 100000.00 0.32 1.65 1.34 1.19 1.10 2.41 1.56 2.02 0.48 2.53 0.77 0.11 1.37 2.56 0.11 0.56 0.43 0.76 0.70 1.31 0.42 0.85 0.18 1.61 0.19 0.05 0.92 1.71
18 100000.00 0.28 0.64 0.31 0.79 0.04 1.29 0.64 1.19 1.22 1.32 1.50 1.34 1.00 1.51 0.16 0.29 0.19 0.55 0.02 0.42 0.35 0.54 0.63 0.40 0.99 0.93 0.48 0.51
19 100000.00 2.59 1.64 0.97 0.20 3.62 3.52 7.10 6.96 5.66 8.78 7.63 1.65 6.24 8.36 1.24 0.89 100000.00 0.07 1.87 0.96 3.35 100000.00 1.41 100000.00 5.00 100000.00 100000.00 5.60
20 100000.00 4.32 10.71 5.07 9.80 6.46 4.13 1.80 9.33 6.67 4.50 13.56 11.06 6.49 6.78 1.49 3.17 2.72 3.37 2.92 1.78 1.18 3.56 1.63 2.51 6.54 4.42 4.20 1.78
21 100000.00 45.43 47.13 27.55 13.83 18.37 47.98 77.36 40.59 34.46 75.90 8.49 14.72 1.49 28.37 26.29 26.84 13.71 8.94 100000.00 33.28 16.92 100000.00 20.61 100000.00 4.54 100000.00 0.84 100000.00
22 100000.00 3.24 2.97 2.78 1.23 1.04 3.49 0.58 2.11 0.41 0.82 2.85 0.25 3.08 2.82 1.04 1.02 1.49 0.51 0.35 0.81 0.28 1.27 0.16 0.33 0.97 0.11 1.52 1.84
23 100000.00 60.00 32.95 55.72 62.76 49.36 87.62 25.66 8.58 15.13 77.81 98.53 60.56 39.22 65.95 100000.00 22.45 35.65 41.40 29.63 100000.00 14.25 2.05 6.91 100000.00 25.26 100000.00 26.41 18.20
24 100000.00 0.21 1.29 0.43 0.87 1.13 0.78 0.53 1.12 0.88 0.50 0.99 0.37 0.12 0.41 0.12 0.71 0.15 0.23 0.58 0.23 0.17 0.48 0.48 0.19 0.21 0.13 0.05 0.21
25 100000.00 74.52 55.39 48.82 12.53 10.19 109.97 75.10 18.20 15.39 66.09 34.30 13.78 18.98 45.16 100000.00 14.86 16.41 5.50 3.69 46.21 100000.00 9.04 7.77 19.19 13.57 100000.00 8.56 13.71
26 100000.00 22.63 22.38 13.83 4.06 44.45 58.25 29.38 35.78 47.65 15.04 42.12 10.82 46.26 14.39 15.32 15.31 9.21 1.82 18.03 14.92 9.32 9.69 26.76 5.77 26.46 5.53 27.37 6.20
27 100000.00 0.25 0.39 0.10 0.04 0.47 0.43 0.54 0.56 0.12 0.42 0.49 0.71 0.40 0.73 0.12 100000.00 0.05 0.01 0.25 100000.00 0.35 100000.00 100000.00 0.20 0.23 100000.00 0.14 100000.00
28 100000.00 0.35 0.16 0.32 0.14 0.69 0.13 0.16 0.23 0.60 0.92 0.80 0.29 0.63 0.59 0.20 0.05 0.14 0.07 0.22 0.07 0.04 0.05 0.15 0.42 0.52 0.14 0.36 0.28
29 100000.00 0.35 0.13 0.20 0.41 0.04 0.28 0.10 0.14 0.19 0.10 0.49 0.29 0.32 0.31 0.22 0.06 0.10 0.11 0.01 0.18 0.04 0.08 0.12 0.05 0.23 0.17 0.12 0.08
30 100000.00 2.52 2.85 1.44 3.01 2.95 2.53 1.25 1.74 1.35 0.90 0.92 0.24 1.96 1.16 1.75 1.20 0.67 1.98 0.95 0.60 0.38 0.68 0.61 0.26 0.44 0.07 0.60 0.59
31 100000.00 33.38 12.79 3.46 17.05 3.44 22.56 33.51 18.38 3.52 15.05 40.97 27.45 33.39 39.26 16.04 6.09 1.28 8.94 1.87 10.94 11.50 5.61 0.93 9.80 17.45 8.17 17.71 20.64
32 100000.00 21.83 21.81 34.82 3.57 25.08 72.51 37.04 27.62 45.99 34.04 22.59 31.72 34.77 12.78 100000.00 100000.00 7.34 100000.00 12.47 37.34 23.32 6.99 27.07 100000.00 15.77 9.15 12.79 100000.00
33 100000.00 19.67 1.25 13.97 2.70 16.78 26.98 46.83 17.63 3.60 12.42 31.23 24.19 29.80 34.43 5.64 0.76 6.70 1.09 5.77 9.61 29.12 8.03 1.90 3.67 13.90 15.67 8.35 21.67
34 100000.00 52.75 3.18 62.70 66.53 82.70 13.28 84.54 103.07 38.89 49.36 15.45 69.39 75.44 126.30 24.20 100000.00 30.60 100000.00 20.74 7.07 44.00 56.42 15.35 18.54 8.34 45.27 30.38 54.91
35 100000.00 1.29 1.27 0.39 1.38 1.26 0.25 1.04 0.11 0.11 0.55 1.64 0.81 0.94 0.88 0.67 0.63 0.21 0.39 0.48 0.12 0.60 0.03 0.03 0.24 0.71 0.42 0.42 0.35
36 100000.00 0.90 1.58 0.92 0.93 0.36 1.37 0.14 0.86 1.49 0.53 2.14 0.60 0.42 1.43 0.20 100000.00 0.34 100000.00 100000.00 0.33 100000.00 0.19 0.36 0.31 1.40 0.32 0.17 0.78
37 100000.00 0.66 0.22 0.25 0.11 0.41 0.15 0.22 0.06 0.48 0.57 0.09 0.20 0.78 0.41 0.28 0.07 0.16 0.07 0.25 0.09 100000.00 100000.00 100000.00 0.32 0.05 0.07 0.18 0.14
38 100000.00 1.63 2.21 4.17 1.21 0.90 0.72 1.34 9.06 1.15 10.50 9.60 5.74 2.87 11.06 0.85 0.87 1.51 0.75 0.29 0.40 0.28 2.54 0.32 3.74 3.62 1.23 1.04 6.43
39 100000.00 62.38 13.46 87.21 20.42 29.83 110.87 12.40 6.00 61.32 17.99 55.43 86.16 65.62 36.19 31.23 6.22 53.50 7.71 14.02 31.68 5.49 3.64 36.85 5.61 22.97 30.24 43.70 11.95
40 100000.00 17.08 28.56 14.50 4.67 11.91 14.44 21.77 0.59 16.78 39.36 35.00 13.40 37.80 38.42 7.09 9.08 8.21 1.62 7.73 8.96 9.80 0.17 6.93 24.24 19.93 8.69 13.91 19.71
41 100000.00 34.15 28.63 8.26 20.96 25.76 2.30 68.82 11.31 53.23 41.33 60.38 21.14 34.04 68.50 22.95 14.42 1.86 8.10 10.06 1.24 34.77 5.58 29.57 13.88 40.35 7.81 19.46 42.92
42 100000.00 115.91 26.38 13.97 157.26 137.56 118.33 73.38 18.84 83.12 46.91 73.81 70.39 68.18 37.68 100000.00 11.32 100000.00 33.31 40.16 58.79 28.89 13.14 100000.00 24.23 36.47 30.12 16.60 100000.00
43 100000.00 0.78 0.55 0.29 0.38 1.09 1.82 1.98 1.49 0.81 2.07 0.22 0.90 1.12 0.40 0.54 0.17 0.17 0.25 0.38 0.49 0.60 0.61 0.24 1.00 0.11 0.42 0.50 0.08
44 100000.00 0.26 0.23 0.05 0.20 0.23 0.17 0.35 0.42 0.33 0.53 0.56 0.51 0.08 0.20 0.06 0.14 0.02 0.14 0.06 0.07 0.13 0.19 0.23 0.32 0.30 0.31 0.03 0.11
45 100000.00 0.14 0.35 0.11 0.20 0.11 0.16 0.17 0.20 0.26 0.17 0.13 0.29 0.17 0.26 0.04 0.13 0.05 0.07 0.03 0.07 0.04 0.13 0.18 0.03 0.04 0.08 0.07 0.15
46 100000.00 0.87 2.06 0.49 1.59 1.18 0.33 0.54 0.46 0.84 1.80 1.59 0.43 0.68 1.53 0.48 1.00 0.16 0.73 0.25 0.21 0.34 0.28 0.48 0.66 0.77 0.22 0.27 0.85
47 100000.00 140.11 160.57 107.35 133.44 123.35 166.01 176.97 131.72 14.89 18.66 46.30 136.57 23.77 31.61 76.12 87.27 42.73 33.94 85.78 92.15 110.62 32.03 7.04 4.07 16.36 81.82 13.00 12.52
48 100000.00 0.89 0.47 0.42 0.23 0.51 0.80 0.13 1.01 0.14 1.33 0.68 0.88 0.11 0.80 0.38 0.10 0.26 0.15 0.15 0.33 0.09 0.33 0.04 0.37 0.24 0.57 0.03 0.30
49 100000.00 0.32 1.08 0.32 0.80 0.51 1.72 0.80 0.69 0.39 1.21 1.21 0.48 0.85 0.29 0.20 0.46 0.20 0.55 0.23 1.07 0.53 0.36 0.10 0.26 0.26 0.30 0.59 0.13
50 100000.00 0.41 0.31 0.35 0.05 0.63 0.47 0.77 0.29 0.42 0.10 0.53 0.72 0.44 0.74 100000.00 100000.00 100000.00 0.02 0.35 100000.00 100000.00 0.11 0.10 0.03 100000.00 100000.00 100000.00 0.25
51 100000.00 0.07 0.31 0.16 0.38 0.25 0.49 0.43 0.32 0.13 0.31 0.10 0.35 0.07 0.43 0.03 0.14 0.11 0.14 0.08 0.17 0.29 0.12 0.05 0.17 0.03 0.23 0.03 0.28
52 100000.00 2.01 2.85 1.07 0.72 2.51 3.21 3.75 2.29 0.76 0.44 2.74 1.19 2.60 0.56 0.97 0.89 0.51 0.36 1.06 2.23 1.89 1.53 0.52 0.09 0.73 0.83 1.34 0.24
53 100000.00 1.17 0.71 0.54 1.51 0.08 0.20 1.43 0.80 0.83 1.82 0.65 1.39 1.11 0.68 100000.00 0.16 0.18 100000.00 0.05 100000.00 0.95 0.29 100000.00 100000.00 0.43 100000.00 0.46 0.44
54 100000.00 14.77 52.18 10.02 7.48 10.40 48.43 21.57 36.55 33.29 44.86 12.38 0.50 17.72 16.66 5.97 26.08 2.70 2.97 2.79 20.37 4.62 7.83 11.06 30.14 6.72 0.17 9.33 5.60
55 100000.00 0.93 1.55 3.16 1.85 2.39 2.84 3.23 2.48 2.93 1.75 3.94 1.14 1.58 2.31 100000.00 0.75 1.87 0.63 1.36 0.60 1.19 0.63 1.76 1.12 100000.00 0.26 100000.00 0.67
56 100000.00 80.93 105.14 65.70 53.31 60.05 112.37 136.63 91.03 98.80 132.36 120.33 47.25 27.25 113.89 34.50 37.30 36.35 16.81 25.26 65.24 32.61 47.01 31.15 34.08 58.02 23.83 12.74 52.99
57 100000.00 3.43 6.75 20.09 5.15 23.44 27.55 26.36 13.13 11.11 47.36 7.32 17.13 23.14 40.78 0.93 4.16 4.83 100000.00 15.57 8.84 8.04 3.78 4.46 11.06 3.96 100000.00 100000.00 18.34
58 100000.00 15.98 21.77 33.43 14.27 5.29 36.76 46.88 16.55 34.20 47.21 22.40 19.15 20.31 28.43 4.26 14.15 17.79 5.85 1.59 19.50 9.42 11.07 9.61 12.57 4.83 13.11 8.94 10.82
59 100000.00 19.99 64.88 2.97 35.22 45.15 46.49 17.79 37.59 43.09 50.99 59.27 27.75 34.72 27.59 6.69 14.48 1.89 19.16 31.05 23.57 5.03 8.96 12.65 26.53 18.77 7.78 18.56 15.65
60 100000.00 41.52 6.79 51.18 51.79 2.93 57.79 10.12 12.21 21.71 67.82 64.27 16.11 43.61 11.38 15.17 3.38 27.48 10.84 1.49 23.30 6.34 7.37 11.21 28.76 44.03 6.62 19.04 7.90
61 100000.00 7.63 62.71 26.76 41.90 47.13 27.26 59.30 51.61 8.34 17.99 3.12 39.35 23.70 4.35 1.54 40.58 14.44 100000.00 28.56 15.90 25.89 100000.00 100000.00 8.14 100000.00 21.75 6.81 100000.00
62 100000.00 45.46 19.20 40.80 30.07 57.75 75.58 91.92 47.65 63.06 60.83 19.71 68.57 7.31 56.30 19.90 5.61 25.22 100000.00 30.84 52.38 57.79 27.66 100000.00 41.31 10.36 34.54 1.85 33.73
63 100000.00 40.04 63.73 19.80 46.01 6.40 39.18 13.92 12.46 12.00 45.97 48.32 38.05 42.30 4.91 12.90 17.11 8.04 17.99 3.81 11.61 6.36 7.05 4.99 13.13 15.44 12.76 15.39 2.81
64 100000.00 58.59 18.57 4.01 71.81 57.33 26.96 2.58 36.23 18.00 70.79 4.91 36.18 53.20 58.14 29.20 7.36 1.53 34.01 34.16 16.48 100000.00 100000.00 7.08 46.80 1.24 23.39 34.65 100000.00
65 100000.00 17.87 15.58 11.53 20.08 14.64 6.50 12.18 1.58 17.66 3.79 17.05 7.87 6.01 17.64 8.92 8.15 7.35 11.91 3.95 3.33 7.81 0.54 10.72 1.18 7.02 3.89 2.00 4.17
66 100000.00 16.37 3.42 4.18 3.23 14.65 4.08 22.13 6.62 6.38 22.21 10.15 17.98 14.31 23.63 5.26 2.15 2.66 1.87 6.44 1.00 8.03 2.57 1.36 4.47 3.03 6.02 6.80 9.41
67 100000.00 15.97 4.48 9.58 9.41 6.73 2.63 22.62 7.42 6.97 15.92 21.73 9.44 3.70 19.81 9.52 3.13 6.08 2.14 1.45 0.54 10.67 4.05 3.96 8.09 8.57 4.26 0.84 12.59
68 100000.00 4.39 10.86 8.03 18.99 2.47 6.03 4.49 6.05 0.29 1.84 3.32 2.03 12.99 8.95 1.55 6.39 1.72 8.37 1.18 1.91 2.85 4.10 0.17 1.13 1.73 0.81 8.03 4.49
69 100000.00 11.14 9.68 9.56 10.51 8.90 15.38 14.73 7.63 11.98 5.22 0.13 6.40 4.53 7.76 100000.00 5.78 100000.00 6.87 100000.00 6.50 7.23 100000.00 100000.00 2.85 100000.00 100000.00 1.90 100000.00
70 100000.00 48.84 13.22 37.51 50.10 0.96 53.15 30.68 14.56 24.73 68.20 40.98 32.84 26.82 74.23 29.81 3.68 100000.00 10.15 100000.00 100000.00 17.54 4.50 5.19 100000.00 13.38 10.70 6.08 20.66
71 100000.00 6.38 94.36 72.90 65.50 85.82 55.92 53.67 73.34 9.31 12.64 88.21 56.54 56.26 93.78 2.58 65.52 15.06 19.39 24.78 32.78 31.40 48.39 2.23 8.82 29.83 33.35 12.97 59.61
72 100000.00 21.16 3.51 21.76 38.93 42.19 12.42 43.39 36.49 11.52 55.23 43.34 30.00 30.74 50.22 8.39 2.23 6.15 10.22 22.14 6.69 29.68 11.66 3.35 17.58 27.84 11.20 7.40 32.21
73 100000.00 35.46 29.63 9.86 32.37 31.19 51.48 26.73 23.47 32.44 3.21 50.61 32.40 24.35 21.01 9.48 6.77 3.46 19.31 13.19 32.72 11.20 14.59 7.73 0.94 33.68 10.30 13.86 8.93
74 100000.00 9.79 2.55 7.98 1.71 6.10 10.29 4.51 2.72 3.16 6.23 0.88 8.45 6.84 11.79 4.15 100000.00 4.00 0.50 3.30 4.25 100000.00 0.67 1.48 2.11 0.42 100000.00 4.08 6.88
75 100000.00 12.80 1.10 13.48 6.88 1.44 7.75 13.70 16.26 4.28 1.08 13.23 16.17 5.87 15.01 4.53 0.24 5.20 2.95 0.51 3.27 5.88 7.37 0.87 0.36 7.57 5.67 3.52 8.34
76 100000.00 59.72 75.66 48.47 96.10 61.41 115.84 58.60 13.07 53.74 84.57 17.62 95.27 45.33 13.02 20.91 42.87 21.22 54.39 30.72 23.97 32.40 8.14 27.70 40.69 4.85 63.69 23.74 3.08
77 100000.00 11.89 14.01 83.24 19.03 27.01 103.85 120.84 60.49 65.60 12.83 41.78 88.72 16.32 94.30 7.08 4.68 100000.00 12.20 100000.00 40.71 35.51 36.92 100000.00 100000.00 14.06 100000.00 8.36 42.10
78 100000.00 2.93 3.27 3.20 5.68 4.88 18.77 23.59 24.98 4.48 2.40 10.79 20.75 27.89 12.63 1.65 1.78 2.12 2.49 3.09 7.46 9.73 8.90 2.23 0.89 5.82 5.04 7.02 8.23
79 100000.00 15.21 1.64 12.91 5.77 0.69 12.77 10.23 6.38 12.12 7.82 1.58 0.20 4.82 17.99 7.26 0.44 3.78 3.19 0.38 4.88 3.25 3.84 8.28 5.42 0.96 0.12 1.55 8.35
80 100000.00 4.27 19.35 20.38 36.35 36.50 27.38 31.94 26.79 22.32 21.31 41.01 5.11 6.56 12.67 1.86 4.94 7.34 23.93 14.42 16.94 8.39 14.19 13.15 7.13 28.42 1.36 2.38 3.90
81 100000.00 11.20 28.22 9.50 28.52 19.70 32.11 32.62 26.57 0.40 13.26 21.25 10.75 22.65 39.88 6.93 10.25 5.76 15.67 8.95 16.74 6.90 11.62 0.15 7.06 4.78 4.85 7.05 17.26
82 100000.00 9.91 17.03 14.64 4.44 14.30 13.30 16.59 5.18 12.26 2.76 5.33 2.42 2.18 5.96 5.00 4.84 8.91 2.41 6.06 5.50 6.70 1.74 8.30 0.74 2.59 0.83 1.15 1.77
83 100000.00 25.45 4.87 0.33 50.78 46.29 38.95 20.37 25.33 43.00 58.40 55.74 40.94 48.23 7.70 14.08 1.37 0.21 26.84 29.04 26.58 13.12 15.49 28.72 14.45 30.13 15.11 29.31 1.87
84 100000.00 17.28 44.57 5.93 36.29 49.94 11.97 36.12 7.11 44.31 53.90 26.67 17.57 10.35 41.75 6.40 20.81 3.63 23.68 22.81 6.09 9.71 1.67 19.18 29.79 8.51 4.81 4.59 26.40
85 100000.00 5.38 12.05 12.45 10.30 4.02 7.40 15.85 4.71 12.74 10.72 17.53 16.06 14.83 6.03 100000.00 5.24 3.80 4.06 2.14 100000.00 10.55 100000.00 3.96 7.12 6.43 6.80 100000.00 100000.00
86 100000.00 4.36 1.65 4.54 2.21 5.60 10.93 6.75 12.95 4.38 5.91 7.11 8.44 3.45 4.12 2.70 1.15 1.56 1.51 2.02 6.76 1.46 6.81 2.65 2.49 1.99 3.12 0.88 1.04
87 100000.00 6.68 22.65 4.19 14.27 6.46 14.09 22.41 10.43 6.03 25.21 3.62 7.34 6.45 14.33 2.97 6.84 2.89 7.42 1.37 4.36 7.36 2.25 2.19 16.59 0.96 3.48 4.01 8.57
88 100000.00 8.34 4.67 6.75 3.78 6.15 8.80 11.96 5.40 2.83 3.75 8.30 8.10 5.04 6.82 4.33 1.98 2.22 2.34 3.71 3.62 5.19 2.05 0.91 2.41 3.28 2.84 1.70 3.20
89 100000.00 1.95 23.56 3.69 6.36 6.20 17.76 8.40 0.58 15.11 18.58 4.18 14.99 2.43 13.17 0.54 6.84 1.14 3.25 3.65 4.41 5.79 0.39 4.94 7.16 2.18 6.28 0.67 4.77
90 100000.00 6.34 2.03 1.49 0.29 4.83 6.24 7.19 3.31 3.25 5.68 1.38 3.14 8.78 5.12 2.87 1.06 0.71 0.12 3.00 4.07 3.94 0.74 1.63 3.89 0.47 1.83 2.43 2.25
91 100000.00 78.26 59.38 63.43 44.08 37.10 109.08 129.35 78.90 72.42 48.84 78.80 66.88 20.54 25.00 36.01 22.14 33.03 24.43 13.73 38.25 38.09 18.65 15.71 17.76 24.84 37.54 12.14 14.46
92 100000.00 0.86 2.15 5.63 4.83 5.20 7.40 0.88 2.63 2.23 1.66 1.91 0.53 4.66 2.81 0.36 0.82 2.45 1.24 2.90 2.52 0.26 1.73 0.59 1.11 0.57 0.12 1.05 1.02
93 100000.00 0.07 4.57 5.04 7.24 9.58 3.56 3.88 0.04 0.59 8.77 5.20 9.60 0.31 6.89 0.03 1.20 100000.00 2.14 2.81 100000.00 1.64 0.01 100000.00 100000.00 1.10 2.94 0.12 100000.00
94 100000.00 0.58 0.76 1.03 0.71 0.40 1.88 0.88 0.53 0.56 1.44 0.30 1.47 0.68 0.79 0.18 100000.00 0.69 0.35 0.23 0.63 0.21 0.15 100000.00 0.82 0.13 0.54 0.40 0.33
95 100000.00 7.59 84.03 95.91 102.26 4.72 137.04 3.02 118.50 20.55 4.58 112.39 30.57 100.45 123.35 1.97 37.54 30.93 38.43 2.16 66.08 1.75 49.82 9.23 2.75 48.30 8.21 59.19 40.93
96 100000.00 10.46 13.30 21.82 14.71 17.19 14.75 6.17 13.51 0.94 7.12 28.40 3.06 2.91 23.26 3.15 8.59 11.76 8.18 6.85 6.22 3.54 4.88 0.56 3.40 12.63 1.94 1.92 6.52
97 100000.00 8.70 0.39 5.83 19.61 9.70 4.50 19.78 17.40 3.79 7.74 19.92 10.22 8.34 9.43 4.24 0.18 2.64 9.05 3.80 2.84 8.88 5.77 1.29 4.48 13.07 5.03 2.26 5.58
98 100000.00 16.43 22.60 6.95 8.00 3.33 24.16 5.59 7.98 18.97 13.45 15.60 17.26 19.60 0.35 9.56 8.83 2.74 3.90 1.48 12.52 3.81 1.85 12.19 7.66 10.13 7.80 7.27 0.09
99 100000.00 19.11 41.01 29.83 28.50 25.96 14.89 1.36 14.29 12.97 16.58 8.24 6.78 9.34 41.12 5.29 13.50 13.97 9.79 8.65 4.07 0.29 3.52 7.28 4.55 2.38 1.43 4.88 17.02
100 100000.00 42.76 29.12 7.59 16.29 5.12 12.13 56.09 7.17 10.49 26.55 55.51 46.24 25.37 31.08 15.31 18.97 3.24 8.70 1.93 4.54 19.46 3.58 4.52 16.27 33.56 23.77 14.01 7.09
101 100000.00 7.29 7.71 0.45 1.20 12.26 3.51 15.96 5.03 10.06 13.35 14.35 12.11 10.03 7.14 2.80 4.91 0.15 0.56 8.17 2.23 3.89 1.72 6.64 3.98 5.31 8.28 3.52 4.52
102 100000.00 5.40 5.21 4.75 1.63 1.79 5.45 1.93 0.52 2.07 3.85 4.94 3.51 0.36 1.32 3.11 2.60 2.12 0.57 0.80 2.46 0.78 0.23 0.65 0.81 1.15 2.23 0.22 0.39
103 100000.00 4.89 1.62 1.18 0.11 2.65 4.97 2.36 5.10 3.70 5.74 5.42 1.70 2.04 4.00 1.11 0.94 0.51 0.02 1.45 2.84 0.80 2.52 1.66 2.26 1.59 0.43 0.64 2.04
104 100000.00 4.15 4.22 4.72 3.43 3.88 6.67 6.15 3.26 2.53 2.37 5.19 1.69 2.46 3.28 100000.00 1.03 100000.00 1.57 1.98 3.28 1.79 100000.00 100000.00 1.65 1.11 0.59 1.00 2.13
105 100000.00 12.75 28.61 62.84 68.68 5.47 79.95 29.89 15.58 4.98 49.10 23.85 24.34 47.32 11.98 6.93 13.68 23.97 30.82 1.82 43.03 14.60 6.80 3.15 21.08 11.87 15.95 26.52 3.13
106 100000.00 4.06 3.42 2.80 3.19 1.95 0.64 2.74 4.22 0.32 2.68 1.93 2.61 3.10 5.12 2.46 2.03 1.18 1.85 0.49 0.41 0.99 2.18 0.07 0.65 0.87 0.57 1.66 2.85
107 100000.00 1.82 3.42 0.34 6.25 5.82 0.85 8.54 0.16 4.30 6.94 5.30 4.57 3.02 4.09 1.03 1.57 0.17 3.36 3.58 0.53 2.78 0.09 1.13 3.51 1.61 1.32 1.90 1.36
108 100000.00 0.78 0.25 0.44 0.44 2.11 3.89 1.16 3.40 2.51 0.38 2.89 0.47 3.76 1.22 0.54 0.10 0.25 0.17 0.55 2.46 0.80 1.02 0.94 0.16 1.40 0.18 1.33 0.67
109 100000.00 1.97 0.20 1.66 0.24 0.38 1.74 1.60 1.24 1.54 2.78 2.43 2.30 1.83 1.02 0.75 0.06 0.92 0.08 0.09 0.89 0.96 0.27 0.89 1.34 1.22 0.98 0.88 0.22
110 100000.00 2.72 1.95 2.90 2.92 4.04 2.16 0.70 2.62 1.52 4.60 4.79 0.26 4.00 3.40 100000.00 100000.00 1.84 100000.00 100000.00 1.37 0.30 0.64 0.76 3.19 2.82 100000.00 2.35 100000.00
111 100000.00 0.85 2.27 2.09 2.17 0.42 2.30 1.14 0.66 1.51 0.22 2.73 1.25 1.65 1.14 0.39 0.89 1.21 1.31 0.19 0.47 0.47 0.42 0.34 0.09 1.32 0.75 0.57 0.64
<task rigidity>
1 10
2 5
3 6
4 4
5 9
6 6
7 10
8 10
9 8
10 2
11 3
12 4
13 5
14 6
15 2
16 8
17 2
18 3
19 3
20 9
21 2
22 8
23 2
24 5
25 8
26 8
27 8
28 4
29 10
30 2
31 4
32 1
33 9
34 4
35 9
36 7
37 7
38 5
39 1
40 9
41 7
42 8
43 2
44 10
45 8
46 5
47 7
48 3
49 5
50 1
51 1
52 5
53 8
54 1
55 4
56 8
57 3
58 9
59 5
60 5
61 7
62 6
63 5
64 3
65 7
66 5
67 5
68 8
69 10
70 8
71 7
72 4
73 7
74 9
75 7
76 8
77 4
78 1
79 5
80 1
81 3
82 8
83 1
84 7
85 10
86 4
87 7
88 2
89 6
90 9
91 1
92 2
93 3
94 8
95 9
96 5
97 1
98 6
99 1
100 7
101 4
102 9
103 10
104 3
105 2
106 6
107 6
108 2
109 4
110 2
111 1
<precedence relations>
1,2
2,3
3,4
4,5
4,6
4,7
4,8
4,9
4,10
5,39
6,39
7,83
8,71
9,32
10,11
10,12
11,13
11,14
11,15
11,16
11,17
11,18
11,19
11,20
11,21
12,13
12,14
12,15
12,16
12,17
12,18
12,19
12,20
12,21
13,71
14,22
14,23
14,24
14,25
15,26
16,27
17,28
18,29
19,30
20,91
21,111
22,31
22,83
23,32
23,33
24,69
24,70
25,34
26,82
27,35
28,36
29,37
30,38
31,39
32,41
33,111
34,42
35,43
36,44
36,91
37,45
37,91
38,46
38,91
39,40
40,111
41,69
41,70
42,47
43,48
43,49
44,50
45,51
46,52
47,54
47,55
47,56
47,57
47,58
47,59
47,60
48,53
49,91
50,111
51,111
52,111
53,111
54,69
54,70
55,61
55,62
55,63
56,63
56,64
57,65
57,91
58,66
58,91
59,67
59,91
60,68
60,91
61,69
61,70
62,71
63,111
64,72
65,111
66,111
67,111
68,111
69,77
69,78
70,73
71,91
72,74
73,75
74,76
75,77
75,78
75,79
76,80
76,81
76,82
77,83
78,84
79,85
80,86
80,91
81,87
81,91
82,111
83,91
84,88
84,89
84,91
85,111
86,111
87,90
88,105
89,105
90,111
91,92
91,93
91,94
92,95
93,95
94,95
95,96
95,97
95,98
95,99
95,100
95,104
96,101
97,102
98,103
99,111
100,111
101,105
102,106
102,107
103,107
103,108
104,111
105,111
106,109
107,111
108,110
109,111
110,111
<end>