<number of tasks>
111
<number of stations>
24
<number of workers>
24
<type of the robots>
1
<limit of the robots>
11
<task times>
1 100000 799 710 954 1292 1861 1420 1898 1096 394 949 1182 1417 1550 571 1888 220 1138 1235 992 1938 1150 533 1378 1797 527 100000 630 848 100000 975 1196 100000 255 595 718 100000 1011 379 1254 139 100000 795 626 1344 714 336 880 1115
2 2346 348 423 734 1203 1369 727 593 262 832 877 1458 311 1583 295 129 88 502 1692 314 1176 1304 17 1344 1702 217 262 467 749 918 479 389 163 576 576 964 209 965 184 81 55 335 1029 217 787 905 11 843 1147
3 1016 563 264 351 530 396 553 673 11 666 439 558 352 530 631 715 508 515 14 222 135 596 405 694 398 358 181 215 335 257 371 415 8 461 294 343 247 328 440 469 314 311 10 146 94 393 283 462 240
4 100000 203 1381 1601 538 1119 1562 1259 38 811 783 1654 293 376 601 1530 1659 1088 1466 496 704 1271 1163 1118 35 133 100000 1096 348 674 978 848 24 100000 100000 100000 177 100000 403 1022 1086 747 100000 100000 100000 814 749 688 23
5 100000 274 211 118 444 314 312 168 363 286 207 65 294 224 329 232 283 276 374 301 113 158 200 330 487 100000 133 74 307 200 188 112 226 193 142 100000 100000 148 205 100000 191 173 255 183 75 98 100000 100000 325
6 1620 1025 95 665 223 1108 160 73 311 809 373 205 562 557 939 500 316 188 222 500 58 1016 109 701 962 715 66 405 153 766 108 51 201 565 257 126 373 344 606 336 197 131 153 309 36 635 75 470 635
7 100000 63 111 141 26 56 41 18 165 14 49 107 132 164 43 2 104 84 155 86 169 124 102 163 59 42 78 92 100000 100000 28 12 107 100000 30 100000 89 111 30 2 100000 54 100000 52 113 76 70 114 38
8 2946 887 780 544 1465 351 2225 63 463 1969 1928 1450 1821 1220 331 2230 409 1962 2031 1125 1798 1623 308 2123 1264 546 537 368 944 220 1386 39 279 1264 1246 931 1140 754 230 1375 263 1332 1389 701 1250 1067 190 1441 829
9 1649 6 1014 433 551 109 463 153 734 493 39 786 631 116 889 957 3 66 1144 641 1093 217 13 564 288 4 644 297 349 72 306 93 442 320 25 509 387 71 555 600 3 43 691 397 721 152 9 354 188
10 100000 529 1561 1932 1447 1113 1475 811 511 1406 631 1945 237 2272 1596 1237 455 825 1178 779 274 2034 892 2100 1967 328 100000 1249 1012 770 100000 549 100000 928 397 1174 149 100000 1111 100000 298 539 734 485 178 1248 100000 1328 1341
11 2264 211 768 26 697 1682 191 367 466 842 386 951 345 1383 1634 47 1057 772 624 1701 1069 1356 347 175 1053 129 468 19 483 1057 120 246 292 555 237 661 225 947 1089 30 687 467 382 1079 721 925 230 114 670
12 100000 933 527 397 865 769 120 642 622 883 517 175 6 126 957 538 205 662 777 366 75 180 399 727 263 625 355 244 100000 485 76 410 100000 537 100000 111 5 88 594 373 132 100000 100000 236 100000 100000 100000 455 174
13 994 147 22 275 23 136 171 698 440 726 398 436 615 164 241 267 640 53 214 419 266 537 164 479 574 94 15 184 16 86 117 449 282 458 266 272 415 113 163 176 407 36 140 287 180 356 102 311 360
14 3143 1290 658 587 2052 757 2184 1040 1163 1730 1608 1136 511 1506 2039 1321 538 1021 2170 174 1680 1236 1169 517 1881 885 419 380 1328 513 1524 721 793 1092 1090 765 343 1012 1378 922 366 698 1414 122 1069 782 815 335 1169
15 100000 1152 2291 2208 126 497 1951 1078 385 1752 771 2738 2650 2683 2562 2312 2567 763 2007 2742 2080 1458 1153 2484 993 100000 100000 1481 85 100000 1309 100000 100000 1121 537 100000 100000 1805 100000 100000 1559 518 100000 100000 100000 955 100000 1632 685
16 105 17 52 45 2 52 66 26 72 45 50 4 34 75 24 26 72 39 5 53 14 16 76 41 30 12 32 28 2 35 45 19 49 30 32 3 21 50 17 17 46 28 4 32 9 12 50 25 20
17 100000 17 86 59 7 81 65 55 77 14 63 52 47 31 42 72 67 18 25 50 87 57 79 42 35 12 100000 37 5 54 46 37 100000 9 42 36 100000 19 30 49 41 12 18 100000 100000 36 49 100000 24
18 100000 41 31 29 4 28 12 31 3 21 33 5 30 23 30 50 18 3 45 22 40 2 16 30 20 29 21 19 3 19 100000 21 100000 14 21 4 100000 100000 21 31 100000 3 31 15 25 2 12 21 13
19 490 89 300 235 268 179 50 298 335 281 328 54 90 79 257 270 74 238 88 16 291 343 165 228 188 59 196 163 162 125 31 208 225 189 218 33 63 53 175 186 50 149 55 10 176 237 107 144 131
20 538 55 247 13 254 317 126 229 355 31 226 219 251 257 159 159 55 48 281 361 51 18 57 35 127 36 163 9 154 201 86 153 229 19 139 145 160 156 104 97 35 33 190 241 35 12 36 23 82
21 4242 1585 1245 1184 1582 2634 636 1532 2309 1591 528 331 773 904 1794 1846 2721 877 705 1798 2679 1497 2924 1508 2009 1085 830 811 953 1617 426 1033 1541 1029 346 200 539 549 1170 1149 1646 564 455 1150 1629 969 2003 928 1330
22 170 13 38 77 117 123 68 70 41 12 106 119 94 78 4 104 86 23 32 10 103 71 38 17 35 9 24 53 80 83 43 47 29 8 64 78 66 54 3 65 57 15 23 7 71 49 25 12 24
23 4554 3313 2350 34 842 2248 2107 2438 2792 348 2422 2517 2637 2401 1834 857 2466 2014 646 46 8 526 1911 2091 62 2145 1558 23 589 1402 1406 1573 1739 219 1479 1667 1680 1582 1230 595 1601 1255 405 29 5 351 1223 1346 40
24 59 16 4 16 42 40 4 6 3 2 23 37 2 38 30 42 6 2 2 11 19 35 37 39 24 11 3 11 27 26 3 4 2 2 15 24 2 26 20 29 4 2 2 7 13 25 24 25 15
25 4688 3387 848 3237 1676 2716 1806 1634 2113 1661 840 2134 3104 674 1461 3033 2185 2727 1506 3054 2872 1333 2284 684 858 2201 555 1977 1044 1747 1163 1121 1450 1135 574 1465 1909 435 962 2084 1388 1866 972 1970 1778 868 1416 438 590
26 100000 825 698 358 33 977 1681 406 1658 1813 691 1240 1420 1079 222 1629 1372 940 1098 1127 935 228 835 1181 474 578 100000 238 23 674 1065 100000 100000 1266 447 100000 100000 753 140 1035 888 100000 692 748 584 100000 522 821 307
27 37 20 17 7 9 7 21 1 2 20 5 21 3 6 21 26 3 25 13 4 11 6 5 24 14 14 11 5 7 5 14 1 2 14 4 14 2 5 13 17 2 17 9 3 8 5 4 15 9
28 100000 4 27 23 26 25 23 12 21 11 10 27 17 8 7 14 1 12 12 12 17 25 19 5 10 3 17 100000 18 100000 100000 8 15 7 7 17 100000 100000 100000 9 1 9 100000 9 100000 16 13 100000 7
29 21 7 5 5 5 2 10 12 15 6 14 7 4 3 14 12 7 14 6 6 5 9 4 11 14 5 4 4 4 2 7 8 11 5 10 5 3 3 10 8 5 10 4 4 4 6 3 8 10
30 100000 9 43 113 115 31 20 102 2 32 14 37 63 66 36 104 30 60 16 74 58 91 114 36 94 6 29 69 80 100000 13 64 2 21 9 26 100000 41 24 64 100000 39 100000 52 39 60 73 24 65
31 2263 1533 1651 437 132 648 1060 1464 644 71 1493 36 128 729 761 17 375 1567 1256 1367 1525 35 1380 1557 991 1012 1123 285 92 439 726 1012 419 47 1012 23 79 500 467 11 261 1077 793 940 1030 25 901 1027 673
32 2958 57 838 913 807 1789 129 1444 1286 845 2119 1553 1015 662 1667 1553 1054 630 488 1408 764 1052 1413 1263 1069 39 575 591 533 1154 88 878 845 550 1423 989 684 441 1134 964 715 438 318 883 531 633 898 881 694
33 1997 704 990 384 455 163 72 1065 1102 755 1067 543 1098 421 836 57 894 1060 1099 862 994 1071 617 192 1086 475 607 266 289 109 46 731 707 497 717 365 701 270 541 36 615 690 708 532 634 663 405 125 687
34 100000 2410 643 2004 2599 3174 1671 1991 1806 2199 3931 2342 2068 1721 202 618 762 389 2615 301 3582 908 870 1023 3171 1665 416 100000 1566 1968 100000 1276 1157 1450 2495 1493 1447 100000 100000 100000 515 235 100000 100000 2271 100000 100000 657 1988
35 100000 1 58 18 26 45 16 32 4 68 20 3 27 23 57 39 23 20 66 55 4 20 28 46 37 1 41 100000 18 100000 100000 21 100000 100000 14 100000 18 16 36 27 15 13 41 36 3 14 19 32 24
36 100000 11 32 53 31 15 53 40 19 41 8 26 11 11 44 52 13 29 48 8 61 31 26 55 40 7 22 36 22 10 100000 100000 14 27 6 100000 8 8 27 35 10 19 100000 6 42 20 18 39 27
37 57 35 29 12 13 23 2 13 15 16 20 8 24 26 17 11 13 3 9 42 31 42 33 16 38 24 19 8 8 15 2 9 11 11 14 5 15 18 12 7 9 2 6 28 19 26 21 11 27
38 500 248 290 123 321 104 30 37 302 112 210 20 277 244 168 133 77 330 308 228 293 165 35 145 79 161 199 76 223 71 21 25 203 78 141 14 192 162 110 81 47 217 201 159 196 103 24 91 56
39 100000 1068 4914 1770 3493 568 4786 4781 165 2538 4350 4277 4730 376 4696 916 728 188 684 1546 4573 1337 1429 4083 888 716 3411 100000 2322 100000 100000 3008 109 1599 2652 2695 100000 234 100000 628 486 121 100000 100000 3039 100000 966 2680 589
40 100000 666 733 1198 723 760 1352 203 731 527 492 1067 1287 425 998 1449 1138 533 308 1379 399 329 1055 332 1013 444 448 734 455 513 840 100000 100000 354 332 653 858 273 673 959 100000 323 211 100000 278 213 694 221 668
41 3978 938 2566 1887 1002 653 1833 2454 393 1287 391 2867 696 636 219 2364 1321 2300 2609 1750 1617 2008 2317 62 2309 591 1775 1219 666 404 1233 1689 272 880 271 1893 467 410 136 1621 913 1534 1786 1154 1049 1303 1457 43 1476
42 100000 4799 3928 2707 1068 3647 1297 4751 2442 193 2410 3692 4235 3137 3777 998 2640 5102 976 962 4115 3838 1568 5181 3807 2883 100000 1894 100000 2487 828 100000 1531 129 1619 100000 100000 100000 100000 100000 1711 100000 100000 612 100000 2567 100000 100000 100000
43 90 16 57 23 65 61 21 33 44 33 57 53 26 8 64 58 33 55 55 25 44 61 61 50 2 11 37 16 40 41 15 22 30 24 36 33 17 6 39 40 21 34 38 18 30 38 39 31 2
44 23 3 11 9 8 17 9 10 13 12 1 9 5 16 18 13 17 12 16 14 7 8 17 8 3 2 7 6 6 11 7 7 9 8 1 6 4 11 12 9 11 8 11 9 5 6 12 6 3
45 100000 5 5 6 4 7 1 7 2 5 2 6 7 4 10 10 5 1 2 6 7 1 7 5 7 4 4 5 100000 5 1 100000 2 4 100000 4 5 3 7 100000 4 1 2 4 5 100000 100000 4 5
46 100000 60 1 11 16 57 56 18 10 41 8 50 21 33 55 68 81 58 40 27 24 45 73 29 76 37 1 7 100000 38 35 12 7 27 6 100000 15 100000 37 42 55 37 100000 18 15 31 50 21 100000
47 7044 2712 2310 1539 2653 1519 4693 1922 4769 3678 3105 4255 3044 2034 664 1520 2792 4644 82 1706 3775 375 3409 1025 838 1767 1596 1027 1714 1057 2885 1239 3213 2379 2160 2864 1874 1358 401 1062 1752 2813 51 1034 2347 247 2083 660 524
48 100000 26 30 21 13 4 18 12 13 26 20 24 35 16 19 3 18 32 14 27 4 3 22 25 9 100000 19 14 100000 3 12 8 100000 17 14 15 25 11 12 2 100000 23 9 19 3 100000 16 17 7
49 100000 41 2 64 16 23 63 46 6 24 48 24 25 7 58 15 9 61 62 44 2 37 17 66 14 26 2 100000 11 15 43 28 100000 15 33 100000 100000 5 100000 11 100000 38 100000 100000 2 25 12 100000 10
50 36 16 5 7 9 26 26 4 9 21 3 24 7 27 11 13 24 19 20 8 18 4 2 13 27 12 4 5 7 18 16 3 6 13 3 16 5 17 8 9 16 13 13 5 11 3 2 9 19
51 21 14 1 4 14 12 7 15 10 7 9 13 9 6 15 14 11 5 15 15 10 8 11 5 3 10 1 3 9 8 5 10 7 5 6 9 6 4 10 10 7 4 11 11 7 5 8 4 2
52 100000 14 104 100 65 120 35 42 109 30 35 67 46 17 36 80 42 3 74 105 3 113 6 46 58 100000 64 100000 41 82 23 29 100000 19 100000 47 29 12 25 54 30 100000 47 68 3 100000 4 100000 36
53 77 58 24 36 9 44 18 50 7 39 55 3 46 11 20 32 10 12 9 19 18 12 47 43 37 35 17 24 6 27 12 35 5 25 36 2 29 8 13 22 7 8 6 13 12 9 32 28 26
54 2319 1690 449 887 1036 702 1524 498 1088 684 1153 443 1588 65 1367 1173 1350 1443 1426 265 1173 1654 1326 1456 42 1154 301 612 624 479 975 349 746 473 793 305 977 40 885 755 840 893 897 163 732 1091 923 955 27
55 168 37 9 119 58 54 67 108 24 5 85 53 20 81 12 21 2 25 106 57 86 72 84 20 63 26 7 79 41 38 42 67 17 4 55 35 14 55 8 15 2 16 70 39 59 51 52 14 43
56 5509 2221 3035 2546 205 2442 1950 2432 1421 844 1352 2634 2030 1676 1465 409 1811 2083 3676 2130 3650 3167 1866 2259 1606 1533 2055 1578 139 1562 1264 1561 988 525 816 1823 1244 1063 892 264 1124 1259 2534 1376 2539 2036 1122 1374 1040
57 1974 478 1140 494 937 484 511 51 867 366 202 1069 183 127 793 431 763 353 928 1386 804 909 1127 1277 821 305 744 338 573 334 333 31 577 251 138 682 115 89 541 270 504 238 591 901 522 587 742 888 565
58 1942 735 39 904 97 684 1072 6 179 895 618 490 1183 102 416 1116 690 918 383 65 1465 616 236 261 696 486 26 569 60 424 739 5 120 566 420 322 732 64 273 712 427 568 233 42 915 426 145 176 483
59 3109 909 1335 456 914 1642 2218 2166 2036 995 891 440 1798 2092 1272 2152 1927 1485 2239 779 112 490 294 2102 1144 602 832 284 582 988 1434 1336 1315 683 573 296 1195 1419 832 1405 1213 918 1558 475 70 311 190 1429 755
60 2715 752 852 1603 378 230 1581 528 1136 1410 1646 1497 192 1520 95 1332 1508 407 1398 1172 1255 238 1770 526 198 470 538 1018 229 159 1107 355 777 926 1133 973 130 1045 64 919 1021 277 903 769 838 147 1162 342 138
61 3040 693 289 551 1049 908 89 1261 1853 618 145 295 1874 964 2058 942 292 808 748 223 1061 1069 1270 2134 1558 448 178 337 680 627 55 770 1269 416 90 192 1222 605 1288 608 204 526 472 135 642 702 807 1468 1006
62 5246 64 3367 859 437 1691 1737 739 1108 1383 3782 991 206 3388 1269 1197 1651 2500 3379 3369 1662 1735 272 2836 1615 44 2059 523 277 1018 1057 501 761 947 2350 644 136 2150 803 836 1112 1663 2363 2305 1101 1104 180 1857 1070
63 100000 1648 1787 160 297 966 720 230 1959 169 1903 1307 395 2698 84 1394 202 1886 563 976 2054 1752 229 447 902 1128 1095 100000 206 661 504 151 100000 110 1262 830 272 1879 53 848 100000 100000 364 639 1436 1072 156 288 556
64 100000 169 103 98 2126 2579 336 2010 424 537 1502 2999 870 2900 2518 1299 826 2047 496 201 2786 1546 1532 2108 2491 113 68 100000 100000 1654 100000 1276 260 331 936 1864 562 1985 1684 841 100000 1319 319 100000 1795 1043 1048 1412 100000
65 991 485 127 450 730 100 333 272 125 156 541 50 316 278 615 356 269 266 155 646 378 315 454 498 133 310 87 279 451 64 221 191 84 104 332 35 201 194 408 246 188 169 104 444 230 207 290 302 83
66 100000 16 335 601 596 563 325 623 220 545 657 358 208 422 325 492 146 729 366 54 116 348 194 378 623 12 212 100000 409 359 100000 100000 149 380 406 100000 140 275 208 303 88 100000 237 34 78 214 122 264 376
67 975 460 300 614 617 564 161 240 563 458 586 502 232 451 734 334 276 491 359 101 492 193 193 240 255 310 206 388 395 387 102 168 347 278 357 341 143 282 492 210 179 324 242 62 307 118 123 148 164
68 1006 60 466 304 118 256 245 670 729 91 452 160 425 578 330 223 356 504 18 683 724 125 299 656 112 38 282 202 82 177 152 430 473 57 281 102 256 381 221 148 231 320 11 449 495 87 199 458 74
69 741 188 100 31 89 294 357 104 158 367 480 412 332 201 489 286 333 199 501 172 233 2 536 401 218 121 69 21 62 197 220 69 111 221 305 284 216 135 296 191 200 138 344 116 152 2 358 275 135
70 4452 1040 1596 3216 2304 76 2880 813 1047 2835 322 1660 3238 693 387 2035 2359 2975 783 1895 2792 3337 1936 2055 2188 717 1024 2123 1529 52 1921 557 733 1785 222 1131 2020 449 246 1415 1576 1884 499 1313 1763 2070 1202 1307 1386
71 4310 2226 1077 1961 38 1585 3233 1714 1740 2693 2575 2836 1970 974 824 1041 1650 1478 2159 1595 2005 2480 1113 3098 2128 1392 722 1364 26 1044 2078 1045 1103 1794 1786 1804 1312 617 506 646 1113 1035 1303 1064 1205 1677 774 2130 1484
72 2938 1974 1984 2127 703 2182 2062 1150 829 2092 1594 7 1425 533 1747 1814 1456 1328 645 1232 606 724 1275 1170 2092 1362 1204 1469 490 1508 1244 756 521 1383 983 5 927 346 1100 1221 906 925 449 818 369 437 892 752 1367
73 2981 10 730 134 988 2148 1552 2200 2020 384 1798 1281 421 2036 673 1594 1261 577 264 1461 570 1809 857 28 1606 7 506 87 611 1314 954 1529 1224 263 1143 821 279 1309 443 992 810 369 178 925 379 1170 515 18 1094
74 669 235 141 161 47 328 89 253 158 97 100 321 164 371 351 134 196 96 245 365 460 452 435 283 333 142 94 102 30 210 60 158 97 60 69 198 101 236 211 88 130 66 168 244 319 286 282 194 205
75 100000 667 701 20 169 241 559 519 147 439 320 167 780 149 336 79 276 4 657 474 349 462 552 156 42 461 475 13 100000 164 375 329 97 306 100000 100000 501 100000 227 52 172 3 424 329 100000 298 381 100000 26
76 4732 186 1818 2051 1808 3420 2270 1108 3296 969 964 1064 1305 497 30 2763 2586 1096 2251 415 295 981 1999 397 980 113 1269 1357 1186 2204 1395 735 2229 599 629 745 856 348 20 1858 1686 706 1513 261 180 607 1354 268 615
77 4880 1854 1480 1569 318 585 109 1708 3174 1076 2540 1783 658 455 1701 426 2449 1443 158 197 854 2465 1 2127 2458 1122 980 943 209 377 71 1046 1928 681 1607 1095 452 288 1090 298 1691 945 108 127 569 1591 1 1487 1698
78 1568 882 193 611 284 1143 790 1079 105 1037 1154 566 1152 1166 937 412 754 98 719 1122 1087 173 992 93 813 563 118 404 192 745 548 749 67 664 744 354 795 807 570 259 514 63 441 703 724 107 693 60 501
79 859 89 219 409 183 33 184 500 74 256 576 356 206 69 486 260 545 127 449 46 194 174 324 421 385 63 149 275 113 23 128 348 50 171 397 249 142 48 310 169 334 88 304 30 120 121 223 291 255
80 2004 1392 1134 645 4 858 1289 1449 435 1313 1380 45 823 741 1210 1298 365 667 839 1100 5 278 694 729 755 838 713 407 3 560 894 928 290 848 955 28 538 477 761 880 239 403 523 741 4 182 430 494 506
81 2271 838 1322 1001 313 1251 693 1186 80 1325 1442 458 773 1249 1685 72 634 555 617 1706 640 444 427 557 1356 561 891 644 215 781 442 713 52 901 937 316 478 758 1141 51 420 376 401 1179 433 279 271 375 933
82 100000 617 266 53 215 497 256 693 52 716 125 358 734 270 245 112 328 24 478 500 686 247 233 598 161 431 161 33 135 339 157 100000 100000 100000 100000 100000 489 188 100000 71 214 15 293 100000 438 100000 100000 100000 100000
83 2606 389 1634 1524 1833 388 1345 857 967 265 1305 179 1103 878 972 376 1738 1395 612 459 1086 1288 1590 225 1948 254 1039 1030 1272 235 902 525 607 171 887 114 728 578 666 258 1068 972 387 304 688 892 1024 148 1293
84 3862 2464 991 1518 278 1098 775 979 1718 2430 1384 2193 2195 1633 782 1552 511 2077 2661 2652 2478 2324 1424 686 2209 1615 628 1062 190 674 483 685 1046 1628 953 1437 1388 1012 521 1051 324 1283 1858 1698 1672 1479 947 420 1493
85 100000 573 263 47 391 188 146 37 208 79 524 247 617 590 441 616 429 2 384 243 282 476 511 2 353 100000 167 30 264 126 90 26 126 56 100000 100000 388 401 267 388 298 2 257 150 176 100000 100000 2 239
86 646 344 420 332 80 326 453 83 332 255 148 317 362 153 394 271 137 20 135 11 441 249 250 431 249 237 293 215 52 207 299 53 204 170 102 209 251 96 248 176 86 13 85 8 301 169 151 289 159
87 970 220 167 14 53 660 60 290 669 68 425 427 47 137 561 655 261 609 21 394 125 679 601 648 296 141 103 10 37 459 42 184 445 46 274 265 32 86 357 407 163 406 14 276 84 452 404 391 197
88 100000 317 254 18 40 163 460 475 404 440 410 15 108 180 303 56 141 343 184 223 225 72 16 268 336 194 154 12 27 101 100000 326 278 278 248 11 100000 100000 100000 39 88 100000 100000 152 156 100000 10 175 216
89 1221 864 135 319 338 811 888 368 269 892 686 288 157 786 651 792 52 661 833 191 483 826 871 270 1 526 84 206 226 554 555 241 185 604 437 190 105 516 424 500 33 454 530 119 294 518 543 166 1
90 423 76 148 161 37 37 152 316 91 280 50 164 31 119 61 74 227 222 218 292 19 69 91 91 79 53 98 102 24 25 105 202 61 189 31 101 19 73 38 47 140 138 147 199 14 44 57 56 48
91 100000 715 3330 1533 4298 4297 1689 5070 2954 1921 4772 4718 3006 4925 1053 1792 2439 1206 2026 3891 3902 3468 123 2720 1405 494 100000 979 2763 2819 1022 3253 2022 100000 3090 2838 100000 3420 100000 1232 1575 750 100000 2475 100000 100000 75 1723 939
92 100000 85 225 70 176 116 239 71 69 119 48 85 92 3 172 79 38 124 90 41 88 89 74 87 95 57 155 47 100000 82 100000 47 100000 74 100000 53 100000 2 115 55 100000 100000 100000 28 61 57 51 100000 100000
93 485 239 149 94 299 309 117 195 134 237 29 174 139 269 103 340 126 110 275 162 321 353 46 178 294 159 98 59 185 211 78 122 85 163 20 117 94 187 65 223 87 74 169 108 201 239 30 123 177
94 81 14 30 2 51 21 5 43 58 58 1 17 38 28 29 49 56 19 56 3 24 39 1 53 18 9 19 2 32 14 4 28 37 36 1 12 25 18 19 33 36 12 34 2 16 25 1 36 12
95 6622 2462 3712 4411 4079 1666 1571 1144 2259 2697 2339 4799 3548 2209 648 2732 962 1801 207 4104 4630 3127 289 4415 3167 1551 2421 3023 2823 1014 1006 752 1507 1751 1444 3294 2385 1532 407 1730 594 1159 135 2617 2880 1937 192 2901 2016
96 100000 68 1089 284 1045 778 1014 421 1048 798 181 310 905 17 1161 596 39 398 1171 798 1144 852 1099 423 132 45 100000 186 726 537 621 291 693 490 100000 216 607 11 782 360 26 100000 814 518 750 100000 708 294 81
97 1053 599 706 710 707 755 271 497 353 12 122 719 309 417 297 646 328 376 552 410 155 97 656 322 298 418 476 483 485 472 166 323 233 8 82 495 201 265 186 441 219 246 360 282 104 66 399 195 199
98 1066 33 225 183 138 441 579 43 306 47 171 400 663 142 24 503 155 457 69 312 697 701 115 343 373 24 139 124 86 275 363 30 186 30 110 251 442 97 16 341 97 297 48 197 464 454 73 240 252
99 2330 340 301 864 439 371 208 806 812 852 148 1000 767 1554 1016 941 687 99 684 1049 842 65 377 100 435 223 211 558 286 239 143 485 515 517 94 685 536 1078 682 601 447 69 468 697 546 41 246 66 294
100 2188 1115 1339 1074 152 1630 749 428 223 88 895 1305 1354 893 1337 127 787 396 1269 205 1342 19 992 1261 1039 703 819 714 106 1096 519 283 144 57 623 792 927 557 914 83 503 275 768 137 935 13 655 801 690
101 667 337 27 463 403 199 44 324 94 99 45 16 215 25 315 319 439 4 304 206 20 192 209 248 54 232 18 295 244 131 31 208 64 60 31 10 143 16 195 210 276 3 198 139 13 124 132 166 36
102 266 98 58 44 76 141 152 44 4 113 112 20 190 74 26 186 186 53 160 33 201 189 189 62 113 65 38 28 47 96 96 29 3 77 75 14 133 52 16 123 130 37 104 23 136 131 115 40 78
103 282 37 143 16 96 63 181 10 166 139 159 56 121 165 53 135 200 24 185 176 109 1 65 73 56 26 95 10 64 39 112 7 106 88 103 36 75 116 34 90 140 15 116 116 75 1 45 47 36
104 100000 93 200 156 92 179 77 30 181 124 167 75 162 98 98 105 82 161 66 172 46 150 158 124 111 61 100000 97 62 100000 53 21 100000 75 103 51 101 69 100000 65 56 104 100000 114 100000 97 109 79 74
105 100000 1391 2443 1111 565 533 1639 615 2312 1876 536 179 1203 2218 104 860 287 2488 764 2092 762 2426 1488 681 664 895 1614 737 383 353 1078 373 1427 1172 100000 115 835 100000 100000 100000 201 100000 100000 1439 504 1574 994 444 455
106 225 157 67 156 9 39 82 39 105 69 46 67 131 154 55 146 141 159 108 120 44 69 8 64 143 101 42 102 7 26 54 24 65 44 30 42 88 105 36 100 92 102 70 74 30 45 6 45 92
107 100000 230 263 292 32 228 70 227 242 278 61 193 293 286 242 297 88 259 224 136 22 11 142 285 169 149 177 201 100000 153 46 145 154 193 42 100000 199 187 150 186 60 174 142 84 14 100000 99 100000 112
108 100000 1 59 14 156 27 65 113 108 21 162 94 73 137 149 152 137 93 135 31 46 1 72 137 76 1 42 10 106 19 100000 100000 67 14 102 100000 49 100000 100000 98 100000 100000 88 100000 100000 1 50 89 53
109 157 57 118 46 79 74 91 66 64 83 80 6 69 61 108 41 55 79 111 90 79 86 21 43 28 38 76 28 55 48 63 42 44 56 54 4 44 39 74 25 35 50 71 61 52 58 14 30 18
110 100000 124 4 151 103 95 86 4 156 75 18 118 36 7 154 116 67 58 151 131 125 79 153 152 86 77 3 102 64 100000 58 3 100000 48 12 74 24 100000 108 100000 44 38 100000 89 100000 52 103 103 100000
111 125 91 39 87 1 5 68 54 25 83 51 21 30 27 84 75 17 22 81 12 11 8 16 68 28 63 25 58 1 4 47 33 18 58 33 14 20 19 59 48 12 14 53 8 8 6 11 43 18
<posture of tasks>
1 1
2 0
3 1
4 1
5 0
6 1
7 1
8 1
9 1
10 0
11 0
12 1
13 1
14 1
15 0
16 1
17 1
18 0
19 1
20 1
21 1
22 1
23 1
24 0
25 1
26 1
27 0
28 1
29 1
30 1
31 1
32 1
33 1
34 0
35 1
36 0
37 1
38 0
39 0
40 1
41 1
42 1
43 0
44 1
45 0
46 1
47 1
48 0
49 0
50 1
51 1
52 1
53 0
54 1
55 0
56 1
57 1
58 1
59 1
60 1
61 0
62 1
63 1
64 1
65 1
66 1
67 1
68 0
69 0
70 1
71 1
72 1
73 0
74 1
75 1
76 0
77 1
78 1
79 1
80 0
81 0
82 1
83 1
84 1
85 1
86 1
87 0
88 1
89 0
90 0
91 0
92 1
93 1
94 1
95 1
96 1
97 1
98 1
99 0
100 0
101 1
102 1
103 0
104 0
105 1
106 1
107 0
108 0
109 0
110 1
111 1
<max energy cosumption of alternatives>
1 100000.00
2 2.85
3 5.19
4 4.79
5 4.37
6 5.14
7 3.12
8 2.83
9 4.95
10 2.89
11 4.51
12 4.24
13 2.41
14 4.41
15 4.50
16 2.98
17 2.65
18 2.49
19 4.92
20 5.19
21 2.27
22 2.53
23 4.58
24 4.36
25 4.31
<energy cosumption of alternatives>
1 100000.00 20.49 24.85 32.92 42.66 64.27 37.78 50.53 38.92 11.09 31.36 40.79 36.28 52.76 19.42 53.05 6.06 31.99 42.61 32.82 52.54 32.30 18.41 48.99 59.40 7.21 100000.00 16.02 20.68 100000.00 11.79 32.18 100000.00 4.92 14.96 24.37 100000.00 23.74 9.17 30.87 1.24 100000.00 22.44 20.25 18.84 19.62 8.76 14.43 31.16
2 100000.00 6.89 11.59 19.77 30.99 36.90 14.98 12.21 7.26 18.17 22.57 39.35 6.18 42.05 7.81 2.80 1.90 10.97 45.63 8.10 24.67 28.44 0.43 37.31 43.83 2.18 4.87 10.80 18.53 21.93 3.44 5.72 2.05 11.97 8.12 22.63 3.82 23.15 1.80 0.57 0.95 2.72 17.53 1.96 16.65 15.90 0.18 25.62 25.64
3 100000.00 14.68 9.30 12.19 17.69 13.78 14.99 18.20 0.39 19.02 14.60 19.42 9.16 18.20 21.62 20.36 14.23 14.67 0.48 7.44 3.70 16.97 14.08 24.84 13.27 3.90 6.05 5.54 8.77 7.37 6.96 4.33 0.19 11.44 4.75 4.80 4.26 7.41 10.88 13.36 9.86 9.13 0.24 2.56 2.02 4.06 5.01 7.92 8.59
4 100000.00 5.18 47.91 54.76 17.61 38.23 41.28 33.28 1.35 22.62 25.63 56.56 7.44 12.65 20.24 42.70 45.48 30.35 50.13 16.27 18.96 35.49 39.78 39.31 1.17 1.31 100000.00 10.99 3.98 24.82 13.95 11.66 0.50 100000.00 100000.00 100000.00 4.01 100000.00 12.79 14.50 11.49 13.51 100000.00 100000.00 100000.00 19.50 15.64 25.21 0.53
5 100000.00 5.20 5.62 3.09 11.16 8.24 6.21 3.35 9.85 6.03 5.19 1.71 5.59 5.81 8.47 4.89 5.87 5.85 9.81 7.52 2.31 3.31 5.27 8.93 12.20 100000.00 2.88 1.76 6.76 5.54 2.83 2.17 2.18 3.89 1.62 100000.00 100000.00 2.42 5.45 100000.00 2.65 3.95 3.79 4.03 0.75 2.10 100000.00 100000.00 4.71
6 100000.00 25.96 3.27 22.61 7.28 37.65 4.19 1.92 10.86 22.46 12.13 6.97 14.24 18.66 31.47 13.89 8.63 5.19 7.57 16.29 1.58 28.16 3.67 24.49 31.26 9.19 1.16 15.00 3.19 9.56 2.86 0.86 2.65 10.66 4.35 2.18 8.03 10.73 11.26 4.91 3.13 2.23 1.89 10.62 0.90 13.29 1.16 14.04 14.68
7 100000.00 1.63 3.90 4.88 0.83 1.94 1.10 0.48 5.81 0.39 1.60 3.65 3.37 5.52 1.45 0.08 2.84 2.40 5.30 2.86 4.61 3.48 3.49 5.72 1.97 0.58 2.22 3.21 100000.00 100000.00 0.46 0.20 1.91 100000.00 0.79 100000.00 2.26 1.86 0.99 0.02 100000.00 0.51 100000.00 1.53 2.47 2.35 1.61 2.48 1.04
8 100000.00 21.87 26.43 18.15 46.78 11.70 56.98 1.62 15.88 53.31 61.57 48.39 44.88 40.13 10.91 60.42 10.87 53.16 67.79 35.90 46.95 43.97 10.29 72.95 40.34 5.13 9.02 5.94 18.38 5.29 24.52 0.66 9.97 26.27 22.12 21.30 15.54 11.46 6.82 17.30 2.90 11.42 24.12 8.27 10.30 9.87 4.45 42.12 27.90
9 100000.00 0.18 35.63 14.99 18.34 3.74 12.43 4.10 26.17 13.95 1.31 27.26 16.33 3.97 30.41 27.13 0.12 1.89 39.68 21.31 29.92 6.12 0.44 20.12 9.57 0.08 24.55 9.59 8.38 1.09 5.53 2.12 14.52 6.71 0.30 12.48 7.24 2.06 14.89 7.68 0.04 0.70 27.76 5.90 18.68 2.29 0.14 9.32 3.17
10 100000.00 10.55 42.84 52.28 37.41 30.10 30.54 16.80 14.22 30.84 16.28 52.60 4.70 60.54 42.58 27.06 9.78 18.07 31.83 20.16 5.76 44.55 24.13 58.51 50.86 4.28 100000.00 26.96 24.75 14.01 100000.00 4.86 100000.00 20.04 7.37 31.06 1.76 100000.00 13.87 100000.00 4.66 9.45 10.31 9.88 1.34 20.91 100000.00 17.04 22.94
11 100000.00 4.26 21.32 0.67 18.28 46.14 3.98 7.74 13.10 18.72 10.16 26.05 6.97 37.38 44.14 1.04 23.11 17.22 17.09 44.55 22.91 30.20 9.50 4.94 27.62 2.14 10.37 0.33 5.42 30.49 2.73 3.20 8.90 10.06 6.64 12.14 2.82 9.62 13.16 0.32 14.17 6.67 8.30 20.37 12.86 10.33 6.57 1.86 16.32
12 100000.00 24.22 18.70 13.86 28.93 26.82 3.26 17.34 22.33 25.19 17.27 6.11 0.18 4.33 32.91 15.33 5.74 18.90 27.15 12.26 2.05 5.14 13.92 26.12 8.79 9.69 5.10 9.00 100000.00 5.86 0.78 7.68 100000.00 11.42 100000.00 2.27 0.09 1.32 19.44 5.38 3.30 100000.00 100000.00 8.51 100000.00 100000.00 100000.00 15.96 2.06
13 100000.00 3.72 0.73 9.37 0.73 4.60 4.49 18.32 15.43 20.15 12.99 14.84 15.55 5.48 8.09 7.39 17.44 1.45 7.27 13.69 7.09 14.89 5.56 16.80 18.71 0.99 0.40 2.21 0.19 1.27 2.90 9.96 7.77 5.54 7.54 3.84 5.88 2.69 4.82 2.64 8.44 0.83 2.31 6.38 4.71 4.56 2.56 4.19 5.17
14 100000.00 31.97 22.34 19.68 65.79 25.36 56.28 26.78 40.11 47.09 51.56 38.08 12.67 49.74 67.36 35.99 14.39 27.81 72.72 5.59 44.15 33.65 39.18 17.82 60.32 11.39 8.81 12.23 36.08 12.99 34.96 9.97 20.23 23.32 29.65 21.04 8.80 30.79 22.61 12.25 5.96 11.83 22.97 2.96 18.47 15.61 10.11 6.35 38.31
15 100000.00 22.82 62.35 59.23 3.23 13.35 40.18 22.24 10.63 38.17 19.81 73.41 52.54 70.90 67.73 50.40 54.94 16.60 53.79 70.30 43.69 31.82 30.88 68.59 25.50 100000.00 100000.00 24.18 1.15 100000.00 12.53 100000.00 100000.00 24.06 8.33 100000.00 100000.00 27.08 100000.00 100000.00 15.58 11.21 100000.00 100000.00 100000.00 12.40 100000.00 40.28 9.11
16 100000.00 0.43 1.81 1.56 0.11 1.78 1.80 0.67 2.59 1.28 1.65 0.17 0.91 2.56 0.78 0.70 2.01 1.12 0.20 1.75 0.39 0.46 2.62 1.47 1.05 0.15 0.76 0.52 0.05 0.73 0.85 0.41 1.53 0.72 0.94 0.08 0.45 1.70 0.25 0.23 1.35 0.77 0.05 0.59 0.20 0.11 1.47 0.39 0.22
17 100000.00 0.42 3.00 2.03 0.25 2.75 1.71 1.45 2.69 0.38 2.08 1.74 1.18 1.07 1.41 2.01 1.83 0.50 0.83 1.62 2.36 1.61 2.66 1.47 1.17 0.29 100000.00 1.01 0.15 1.66 0.41 0.63 100000.00 0.24 0.47 0.40 100000.00 0.66 0.58 0.41 0.89 0.17 0.44 100000.00 100000.00 0.96 1.48 100000.00 0.65
18 100000.00 0.81 0.88 0.81 0.14 0.78 0.26 0.67 0.11 0.44 0.88 0.16 0.63 0.57 0.83 1.06 0.37 0.10 1.20 0.55 0.86 0.07 0.41 0.85 0.50 0.19 0.32 0.55 0.04 0.46 100000.00 0.33 100000.00 0.26 0.51 0.09 100000.00 100000.00 0.38 0.49 100000.00 0.05 0.38 0.19 0.53 0.04 0.12 0.46 0.18
19 100000.00 2.32 10.52 8.13 8.88 6.19 1.33 7.99 11.95 8.00 10.86 1.83 2.35 2.66 8.79 7.65 2.05 6.74 3.07 0.53 7.96 9.72 5.71 8.15 6.22 1.61 5.73 4.32 2.35 3.77 0.64 4.82 7.30 5.54 3.28 0.72 1.64 0.74 4.06 2.20 0.98 1.87 1.65 0.29 5.30 3.64 2.43 3.93 2.43
20 100000.00 1.38 8.51 0.43 8.30 10.79 3.28 6.00 12.42 0.86 7.39 7.42 6.34 8.64 5.32 4.38 1.47 1.32 9.60 11.80 1.33 0.49 1.95 1.22 4.14 0.57 3.15 0.14 3.92 4.36 0.81 2.31 3.88 0.22 4.38 4.66 2.81 5.06 1.31 1.14 1.00 0.53 1.99 8.03 0.56 0.24 1.35 0.40 1.81
21 100000.00 39.22 42.22 39.58 50.57 87.98 16.38 39.40 79.36 43.20 16.89 11.07 19.14 29.75 59.07 50.18 72.60 23.80 23.55 57.48 70.21 40.67 97.71 51.82 64.24 12.45 29.48 23.91 11.58 58.66 9.14 22.24 54.09 16.81 11.37 5.11 6.63 7.50 12.82 25.87 28.14 15.62 13.99 14.26 17.67 16.65 54.64 20.89 25.69
22 100000.00 0.32 1.31 2.59 3.84 4.20 1.79 1.82 1.43 0.34 3.44 4.06 2.37 2.59 0.16 2.86 2.37 0.62 1.10 0.34 2.74 1.97 1.29 0.58 1.16 0.17 0.76 1.77 1.94 1.25 0.40 1.17 0.47 0.15 0.82 1.78 1.57 1.75 0.08 0.79 0.96 0.19 0.32 0.15 0.60 1.35 0.71 0.18 0.34
23 100000.00 81.90 79.68 1.13 26.92 75.12 54.13 62.63 96.02 9.45 77.45 84.11 65.17 79.10 60.40 23.29 65.74 54.70 21.59 1.47 0.22 14.30 63.87 71.94 2.00 31.54 54.68 0.64 8.65 29.93 16.17 32.97 45.29 6.58 25.16 16.98 30.19 17.57 14.96 8.00 42.41 19.81 9.96 0.59 0.10 9.36 19.50 23.93 0.73
24 100000.00 0.32 0.13 0.40 1.06 1.06 0.11 0.13 0.11 0.06 0.57 0.97 0.06 0.99 0.81 0.91 0.13 0.06 0.08 0.29 0.39 0.77 0.97 1.06 0.59 0.13 0.08 0.19 0.47 0.46 0.08 0.04 0.03 0.03 0.18 0.55 0.03 0.62 0.46 0.46 0.06 0.03 0.04 0.10 0.27 0.37 0.37 0.47 0.28
25 100000.00 88.96 30.16 113.64 56.32 95.34 49.19 44.52 76.27 47.75 28.25 74.92 81.47 23.33 50.60 87.18 61.71 78.40 52.86 102.74 79.68 38.30 80.25 24.67 28.88 33.99 13.59 60.25 33.21 50.39 19.48 16.02 43.87 17.81 12.23 27.26 55.17 8.06 27.27 33.80 21.47 27.81 33.47 68.99 54.92 19.80 33.78 10.52 19.62
26 100000.00 20.88 24.26 12.28 1.10 33.46 44.27 10.68 58.48 50.40 22.67 42.52 35.97 36.43 7.52 45.34 37.46 26.17 37.58 36.90 25.08 6.36 28.61 41.61 15.55 11.30 100000.00 3.10 0.37 18.81 20.53 100000.00 100000.00 10.23 6.75 100000.00 100000.00 18.76 5.12 26.81 9.45 100000.00 12.13 19.31 16.87 100000.00 13.19 11.41 7.85
27 100000.00 0.40 0.46 0.21 0.26 0.21 0.42 0.05 0.10 0.42 0.16 0.56 0.10 0.19 0.53 0.54 0.10 0.51 0.35 0.14 0.24 0.17 0.17 0.65 0.37 0.16 0.28 0.09 0.08 0.09 0.18 0.02 0.06 0.21 0.08 0.13 0.05 0.09 0.27 0.27 0.02 0.34 0.12 0.08 0.06 0.09 0.05 0.20 0.11
28 100000.00 0.15 0.90 0.78 0.84 0.84 0.61 0.34 0.72 0.33 0.35 0.90 0.43 0.30 0.27 0.40 0.06 0.36 0.42 0.42 0.46 0.68 0.63 0.21 0.35 0.04 0.22 100000.00 0.42 100000.00 100000.00 0.11 0.17 0.22 0.25 0.54 100000.00 100000.00 100000.00 0.25 0.03 0.16 100000.00 0.14 100000.00 0.24 0.25 100000.00 0.11
29 100000.00 0.20 0.19 0.19 0.19 0.10 0.26 0.32 0.52 0.20 0.46 0.25 0.13 0.13 0.46 0.35 0.20 0.38 0.22 0.22 0.16 0.26 0.16 0.38 0.46 0.05 0.13 0.04 0.10 0.04 0.16 0.17 0.15 0.10 0.18 0.12 0.04 0.07 0.18 0.11 0.08 0.22 0.08 0.05 0.06 0.14 0.05 0.24 0.21
30 100000.00 0.23 1.47 3.90 3.80 1.08 0.50 2.67 0.10 0.90 0.46 1.26 1.61 2.24 1.23 2.87 0.84 1.70 0.53 2.42 1.58 2.54 3.93 1.29 3.10 0.05 0.52 2.28 1.44 100000.00 0.26 0.81 0.06 0.22 0.20 0.34 100000.00 0.70 0.29 0.59 100000.00 0.48 100000.00 0.66 0.82 1.76 1.35 0.28 1.33
31 100000.00 38.14 56.23 14.63 4.23 21.74 27.41 37.86 22.23 1.94 47.95 1.20 3.19 24.11 25.16 0.46 10.06 42.77 42.13 43.88 40.19 0.97 46.33 53.74 31.84 18.26 30.42 7.52 0.96 13.32 8.00 23.85 12.05 1.17 14.55 0.32 0.66 14.83 8.92 0.32 2.45 13.75 16.12 12.49 25.99 0.46 17.68 21.94 14.61
32 100000.00 1.50 29.53 31.75 26.87 62.21 3.47 38.86 45.95 23.98 70.55 53.97 26.28 22.72 57.10 44.10 29.41 17.87 16.94 46.88 20.92 29.88 49.11 45.12 35.55 0.84 11.36 15.19 14.74 12.64 1.45 16.98 11.30 5.62 25.30 26.87 17.61 11.76 36.17 30.09 8.34 7.99 8.40 19.65 9.81 15.18 16.69 20.56 18.69
33 100000.00 17.60 33.85 12.92 14.67 5.47 1.86 27.64 38.22 20.71 34.39 18.29 27.42 14.00 27.76 1.58 24.09 29.07 37.00 27.81 26.31 29.35 20.78 6.64 35.02 7.09 13.59 3.86 9.73 1.59 0.53 16.76 11.15 12.26 13.09 9.22 13.52 3.52 9.55 0.78 5.18 17.07 20.03 12.87 7.36 13.17 4.44 1.77 7.89
34 100000.00 46.72 17.17 52.74 65.40 83.56 33.67 40.16 48.94 46.89 98.89 61.69 40.13 44.63 5.24 13.20 15.95 8.33 68.86 7.55 73.65 19.40 22.89 27.75 79.80 16.64 11.53 100000.00 41.64 20.94 100000.00 25.96 11.61 19.68 62.24 36.61 25.17 100000.00 100000.00 100000.00 9.29 3.70 100000.00 100000.00 20.48 100000.00 100000.00 8.64 49.50
35 100000.00 0.04 2.04 0.59 0.83 1.54 0.41 0.88 0.16 1.90 0.65 0.13 0.66 0.74 1.95 1.10 0.60 0.54 2.28 1.82 0.13 0.54 1.00 1.60 1.24 0.03 0.88 100000.00 0.25 100000.00 100000.00 0.39 100000.00 100000.00 0.37 100000.00 0.34 0.24 0.71 0.58 0.36 0.30 1.57 0.44 0.07 0.19 0.62 0.49 0.64
36 100000.00 0.23 0.90 1.39 0.83 0.39 1.06 0.83 0.50 0.90 0.23 0.66 0.23 0.30 1.16 1.11 0.28 0.67 1.27 0.23 1.30 0.70 0.66 1.51 1.04 0.05 0.43 0.95 0.34 0.24 100000.00 100000.00 0.29 0.45 0.14 100000.00 0.16 0.07 0.68 0.67 0.12 0.41 100000.00 0.15 0.45 0.16 0.31 1.03 0.22
37 100000.00 0.90 1.01 0.40 0.43 0.76 0.07 0.35 0.52 0.44 0.64 0.28 0.59 0.83 0.55 0.31 0.35 0.10 0.31 1.37 0.84 1.17 1.13 0.55 1.25 0.35 0.25 0.22 0.20 0.29 0.04 0.07 0.32 0.19 0.37 0.18 0.18 0.46 0.24 0.19 0.13 0.05 0.20 0.54 0.45 0.68 0.30 0.35 0.72
38 100000.00 4.85 7.84 3.28 8.16 2.75 0.63 0.74 8.26 2.43 5.34 0.52 5.39 6.38 4.42 2.82 1.59 7.08 8.22 5.82 6.03 3.53 0.93 4.00 1.99 1.58 2.86 1.20 5.10 1.76 0.21 0.38 3.19 1.61 1.87 0.31 1.69 3.02 2.89 1.68 0.58 2.26 4.44 3.69 2.07 2.10 0.64 1.65 0.80
39 100000.00 20.98 133.39 47.35 89.31 15.18 97.91 97.75 4.53 54.95 111.20 114.40 92.95 9.89 123.73 19.84 15.47 4.04 18.27 39.54 95.35 28.93 38.19 112.47 22.71 12.21 68.21 100000.00 44.94 100000.00 100000.00 21.01 1.23 28.65 49.54 59.48 100000.00 3.83 100000.00 13.59 7.85 0.85 100000.00 100000.00 61.78 100000.00 17.26 43.80 6.55
40 100000.00 16.73 25.31 40.79 23.56 25.88 35.33 5.31 25.61 14.57 16.00 36.32 32.31 14.27 33.51 39.99 30.86 14.72 10.50 44.94 10.62 9.06 35.93 11.65 32.97 9.99 15.62 13.94 7.96 11.20 21.73 100000.00 100000.00 4.22 8.68 22.99 19.31 5.24 14.27 11.62 100000.00 4.30 5.78 100000.00 5.45 4.11 7.74 4.16 17.90
41 100000.00 23.82 89.03 64.51 32.79 22.30 48.30 64.71 13.83 35.81 12.81 98.05 17.68 21.46 7.35 65.80 36.15 64.02 89.18 57.25 43.40 55.94 79.23 2.20 75.52 15.95 49.47 25.65 17.46 11.39 31.34 34.38 8.59 18.34 5.37 53.55 9.54 4.62 2.31 20.97 9.94 41.41 33.96 28.73 9.65 13.41 38.71 0.96 48.85
42 100000.00 121.90 136.65 92.86 35.02 125.09 34.24 125.38 86.17 5.40 79.07 126.65 107.57 106.07 127.68 27.84 72.31 142.27 33.46 31.53 110.66 107.02 53.81 182.87 124.92 71.05 100000.00 64.87 100000.00 82.42 22.84 100000.00 28.42 1.67 42.89 100000.00 100000.00 100000.00 100000.00 100000.00 29.73 100000.00 100000.00 16.15 100000.00 44.29 100000.00 100000.00 100000.00
43 100000.00 0.31 1.52 0.58 1.63 1.61 0.40 0.66 1.17 0.71 1.45 1.35 0.47 0.21 1.65 1.24 0.68 1.14 1.42 0.61 0.89 1.29 1.61 1.33 0.08 0.10 0.51 0.34 0.76 0.64 0.22 0.25 0.69 0.28 0.49 0.52 0.11 0.08 1.01 0.71 0.16 0.67 0.89 0.16 0.18 0.79 0.92 0.93 0.02
44 100000.00 0.11 0.38 0.32 0.29 0.57 0.27 0.27 0.47 0.36 0.08 0.32 0.15 0.54 0.60 0.36 0.46 0.36 0.54 0.47 0.21 0.24 0.57 0.29 0.14 0.05 0.12 0.15 0.06 0.40 0.18 0.12 0.33 0.11 0.05 0.22 0.10 0.29 0.38 0.23 0.11 0.12 0.37 0.10 0.05 0.17 0.18 0.16 0.06
45 100000.00 0.11 0.16 0.18 0.13 0.20 0.04 0.16 0.09 0.14 0.09 0.18 0.16 0.13 0.27 0.23 0.14 0.04 0.09 0.18 0.16 0.04 0.20 0.16 0.20 0.04 0.10 0.06 100000.00 0.05 0.02 100000.00 0.06 0.04 100000.00 0.08 0.11 0.09 0.16 100000.00 0.03 0.01 0.06 0.07 0.09 100000.00 100000.00 0.10 0.09
46 100000.00 1.53 0.06 0.37 0.52 1.95 1.48 0.47 0.34 1.14 0.28 1.67 0.50 1.13 1.83 1.87 2.18 1.62 1.37 0.85 0.62 1.23 2.46 1.04 2.46 0.79 0.04 0.20 100000.00 1.24 0.58 0.19 0.08 0.31 0.09 100000.00 0.34 100000.00 1.18 1.11 1.05 0.53 100000.00 0.25 0.35 0.48 0.72 0.23 100000.00
47 100000.00 68.78 79.65 52.28 86.35 51.64 123.54 50.57 166.74 102.16 101.04 144.63 77.19 68.12 22.28 42.23 76.21 128.98 2.76 55.56 101.23 10.41 115.86 35.85 27.28 34.06 18.84 26.10 28.39 21.24 45.31 34.69 97.10 47.93 68.97 86.93 35.57 25.89 6.49 11.48 38.81 33.71 1.25 30.00 36.58 3.11 31.50 10.47 8.79
48 100000.00 0.47 0.83 0.54 0.33 0.12 0.35 0.24 0.35 0.51 0.49 0.61 0.68 0.40 0.47 0.08 0.35 0.68 0.35 0.65 0.10 0.08 0.56 0.65 0.24 100000.00 0.27 0.24 100000.00 0.09 0.14 0.14 100000.00 0.28 0.28 0.41 0.19 0.11 0.28 0.03 100000.00 0.45 0.23 0.32 0.04 100000.00 0.22 0.34 0.12
49 100000.00 0.76 0.07 1.66 0.39 0.58 1.24 0.90 0.16 0.49 1.17 0.60 0.44 0.19 1.47 0.30 0.19 1.26 1.61 1.08 0.05 0.76 0.42 1.75 0.35 0.40 0.04 100000.00 0.20 0.14 0.57 0.53 100000.00 0.15 0.31 100000.00 100000.00 0.09 100000.00 0.16 100000.00 0.74 100000.00 100000.00 0.03 0.28 0.16 100000.00 0.13
50 100000.00 0.40 0.18 0.24 0.30 0.84 0.65 0.12 0.30 0.55 0.12 0.78 0.18 0.85 0.36 0.34 0.62 0.49 0.66 0.27 0.46 0.12 0.09 0.45 0.84 0.13 0.04 0.15 0.12 0.56 0.43 0.03 0.18 0.17 0.04 0.33 0.07 0.33 0.15 0.11 0.33 0.10 0.32 0.06 0.19 0.07 0.02 0.26 0.28
51 100000.00 0.37 0.08 0.17 0.48 0.42 0.21 0.40 0.36 0.22 0.32 0.45 0.25 0.23 0.51 0.40 0.31 0.18 0.51 0.51 0.30 0.25 0.39 0.21 0.14 0.12 0.03 0.05 0.13 0.21 0.05 0.28 0.23 0.05 0.09 0.23 0.08 0.11 0.20 0.16 0.17 0.11 0.34 0.14 0.12 0.09 0.23 0.08 0.04
52 100000.00 0.36 3.58 3.42 2.15 4.13 0.95 1.10 3.82 0.88 1.17 2.30 1.16 0.56 1.23 2.21 1.16 0.11 2.51 3.43 0.11 3.20 0.22 1.60 1.94 100000.00 1.79 100000.00 1.29 1.74 0.40 0.58 100000.00 0.38 100000.00 1.10 0.29 0.17 0.52 0.62 0.35 100000.00 1.59 1.08 0.06 100000.00 0.06 100000.00 0.63
53 100000.00 1.10 0.60 0.92 0.23 1.13 0.35 0.97 0.19 0.81 1.35 0.10 0.85 0.28 0.49 0.67 0.21 0.26 0.23 0.46 0.35 0.26 1.20 1.13 0.92 0.73 0.26 0.42 0.07 0.44 0.10 0.67 0.10 0.36 0.90 0.06 0.25 0.11 0.23 0.21 0.08 0.18 0.06 0.21 0.09 0.10 0.29 0.73 0.27
54 100000.00 42.53 15.46 30.14 33.66 23.85 39.85 13.05 38.01 18.88 37.44 15.07 39.96 2.18 45.74 32.39 36.65 39.86 48.41 8.61 31.24 45.71 45.06 50.86 1.37 15.61 4.01 7.28 23.15 16.50 24.45 4.38 11.52 6.59 24.22 10.07 26.17 0.61 14.44 10.36 11.05 21.19 16.29 1.86 13.26 20.32 11.83 20.98 0.54
55 100000.00 0.73 0.25 3.16 1.51 1.39 1.37 2.17 0.64 0.14 2.19 1.37 0.39 2.08 0.32 0.44 0.07 0.51 2.79 1.48 1.80 1.56 2.26 0.52 1.62 0.20 0.06 1.27 0.69 0.32 0.54 0.98 0.28 0.04 1.11 0.75 0.25 0.43 0.07 0.20 0.03 0.21 1.45 0.62 0.90 0.47 0.53 0.31 0.45
56 100000.00 55.79 104.75 86.60 6.67 83.05 50.91 63.54 49.73 23.29 44.00 89.57 50.99 56.14 49.10 11.26 49.07 57.48 125.02 69.29 97.15 87.46 63.45 79.10 52.25 30.31 72.32 56.14 4.08 32.20 25.32 15.68 26.56 6.96 24.96 26.56 23.81 16.81 18.73 2.50 16.35 32.81 51.41 40.08 29.89 26.72 28.13 27.83 34.86
57 100000.00 12.60 40.79 17.37 31.69 17.06 13.97 1.35 31.44 10.59 6.84 37.66 4.81 4.40 27.53 12.43 21.62 10.16 32.70 46.82 22.42 26.26 39.70 46.32 27.70 7.04 22.71 9.80 16.93 11.13 6.13 0.44 16.89 3.54 4.00 11.49 3.27 1.25 7.05 3.45 5.80 4.17 16.92 29.04 6.74 18.00 20.54 15.99 14.37
58 100000.00 18.61 1.35 30.94 3.18 23.40 28.19 0.16 6.29 24.89 20.25 16.75 30.01 3.42 14.05 31.06 18.88 25.56 13.09 2.14 39.33 17.15 8.06 9.19 22.82 5.76 0.53 9.66 0.72 8.48 18.78 0.04 2.19 6.83 9.63 9.16 17.95 1.62 9.08 10.55 9.34 13.16 6.80 1.47 18.92 10.66 3.08 2.76 4.94
59 100000.00 23.48 46.84 15.75 30.29 56.78 59.40 57.99 72.45 28.15 29.52 15.22 46.40 71.35 43.39 60.84 53.54 41.95 77.43 25.81 3.08 13.83 10.14 74.78 37.88 8.85 11.46 7.55 6.83 18.79 34.80 17.03 41.04 10.59 8.70 4.89 31.49 42.21 22.49 33.56 16.22 20.86 40.10 9.99 1.92 8.22 2.34 29.64 21.97
60 100000.00 19.20 29.58 54.97 12.39 7.89 41.88 14.00 40.06 39.45 53.99 51.31 4.88 51.37 3.21 37.26 41.40 11.37 47.89 38.45 33.86 6.65 60.68 18.56 6.52 7.72 13.06 21.84 6.35 2.66 18.52 2.86 22.96 22.12 21.46 29.53 2.14 32.71 2.08 23.39 26.49 6.01 10.27 18.90 23.56 2.82 20.95 4.79 3.66
61 100000.00 13.65 7.81 14.70 26.74 24.21 1.84 25.76 50.80 13.38 3.71 7.83 36.89 25.33 53.97 20.40 6.20 17.49 19.94 5.71 22.10 23.08 33.84 58.47 39.66 8.20 4.33 8.89 10.32 14.38 0.82 16.03 24.63 9.35 0.81 5.39 7.65 5.79 19.28 5.31 2.06 10.13 9.58 3.93 4.81 13.47 18.89 23.59 15.45
62 100000.00 1.66 116.96 29.42 14.31 57.91 46.15 19.59 39.04 38.76 124.03 33.97 5.27 114.40 42.87 33.53 45.49 70.01 115.69 110.49 44.95 48.62 9.28 99.91 52.95 0.82 44.97 20.05 4.33 22.92 11.48 11.44 9.20 22.09 75.38 20.61 3.33 67.17 27.47 6.82 27.86 20.44 69.88 60.08 22.32 15.67 6.42 47.85 22.01
63 100000.00 41.76 61.81 5.44 9.68 32.98 18.99 6.07 68.76 4.71 62.15 44.58 10.03 90.72 2.84 38.74 5.51 52.42 19.21 31.87 55.08 48.71 7.82 15.70 29.43 24.13 19.14 100000.00 3.25 15.15 11.02 2.66 100000.00 1.01 29.86 30.62 4.51 56.30 1.38 17.78 100000.00 100000.00 8.23 8.49 36.29 21.71 3.34 9.30 7.98
64 100000.00 4.48 3.64 3.43 71.67 90.71 9.21 54.96 15.35 15.47 50.61 105.56 22.90 100.60 87.33 37.45 23.43 58.98 17.48 6.80 77.52 44.58 53.88 76.25 83.94 1.42 1.14 100000.00 100000.00 31.51 100000.00 27.65 9.99 4.36 22.67 32.62 5.20 40.10 34.41 18.83 100000.00 36.06 8.89 100000.00 23.01 11.51 11.44 34.36 100000.00
65 100000.00 12.73 4.52 15.85 24.61 3.51 9.11 7.40 4.52 4.49 18.23 1.72 8.32 9.69 21.35 10.21 7.58 7.64 5.43 21.78 10.49 9.07 15.97 18.06 4.46 4.56 2.49 7.54 8.07 0.90 2.75 3.87 1.49 2.38 6.83 0.49 4.37 4.47 13.16 5.56 1.66 2.58 1.48 7.09 4.00 5.26 6.22 10.36 1.03
66 100000.00 0.39 11.25 19.87 18.84 18.62 8.23 15.81 7.48 14.61 20.77 11.84 5.08 13.76 10.56 13.19 3.85 19.55 12.11 1.69 3.00 9.33 6.42 12.85 19.70 0.14 7.46 100000.00 12.76 9.03 100000.00 100000.00 3.20 6.23 10.24 100000.00 2.68 6.74 5.37 7.92 1.02 100000.00 3.53 0.41 0.94 6.11 2.62 5.93 7.64
67 100000.00 11.71 10.37 20.96 20.17 19.25 4.24 6.34 19.75 12.76 19.17 17.15 5.92 15.19 24.68 9.34 7.60 13.68 12.27 3.30 13.22 5.41 6.61 8.42 8.35 4.21 3.82 4.75 12.41 9.27 2.65 2.76 13.29 6.89 7.56 7.02 1.81 10.28 10.70 5.23 3.01 4.09 6.35 2.16 8.46 1.31 1.51 3.37 5.51
68 100000.00 1.25 12.94 8.39 3.12 7.03 5.12 14.12 20.59 2.04 11.87 4.37 8.61 15.68 8.93 4.99 7.74 11.25 0.46 17.90 15.56 2.79 8.16 18.50 2.98 0.44 4.22 2.10 1.18 4.00 1.50 4.17 10.13 1.11 7.61 1.77 3.68 8.43 4.72 2.09 4.25 3.30 0.14 8.96 8.23 0.86 2.47 10.78 0.74
69 100000.00 3.73 2.72 0.86 2.32 7.92 7.35 2.13 4.38 8.04 12.40 11.08 6.65 5.35 12.99 6.27 7.18 4.37 13.56 4.47 4.92 0.07 14.47 11.14 5.60 2.04 1.32 0.49 0.86 3.79 4.38 0.89 1.31 4.10 3.66 4.42 2.14 3.46 5.93 1.78 1.85 2.85 5.62 2.07 2.03 0.01 5.18 2.69 2.96
70 100000.00 25.96 54.54 108.26 74.21 2.53 74.70 21.07 36.30 77.69 10.37 55.91 80.82 23.02 12.85 55.73 63.46 81.53 26.37 61.03 73.77 91.42 65.18 71.19 70.49 10.68 34.10 33.79 24.61 0.60 46.40 10.09 10.63 22.71 6.05 12.24 35.61 9.22 5.92 11.53 29.07 52.51 6.09 31.40 41.77 43.91 40.83 30.64 32.32
71 100000.00 55.79 37.10 66.59 1.24 53.80 84.27 44.68 60.81 74.18 83.59 96.28 49.39 32.58 27.53 28.66 44.63 40.70 73.27 51.78 53.24 68.34 37.77 108.23 69.09 18.34 22.39 32.69 0.76 34.71 43.93 23.77 41.38 51.11 24.85 30.45 14.01 22.46 6.71 14.94 18.56 15.95 48.47 23.46 36.17 45.55 12.46 53.70 46.53
72 100000.00 51.84 70.71 74.73 23.65 76.67 56.19 31.32 29.98 60.20 53.58 0.27 37.41 18.46 60.50 52.12 41.12 38.20 22.66 41.42 16.86 20.84 44.79 42.25 70.42 36.00 35.80 31.98 10.06 48.20 37.31 9.21 14.49 32.02 24.09 0.13 22.12 6.10 38.90 17.84 27.66 22.25 10.71 12.66 5.66 8.45 26.45 25.52 27.90
73 100000.00 0.19 19.59 3.51 24.92 56.83 31.12 44.11 55.05 8.14 45.40 33.88 8.10 53.04 17.52 33.86 26.27 12.23 6.97 36.90 11.65 38.44 22.67 0.79 40.55 0.06 4.82 1.98 12.59 12.65 11.45 20.75 32.26 1.98 9.74 15.63 2.01 27.54 12.03 12.51 12.43 6.89 2.50 25.36 3.88 8.58 11.65 0.23 10.72
74 100000.00 6.11 5.00 5.57 1.55 11.36 2.42 6.86 5.63 2.75 3.32 11.14 4.24 12.71 11.99 3.78 5.52 2.75 8.48 12.17 12.63 12.86 15.07 10.12 11.12 2.42 3.25 3.08 0.46 3.66 0.78 3.57 1.86 0.79 1.33 4.26 1.20 5.86 4.43 1.92 3.19 1.39 1.97 7.41 8.03 3.83 9.35 4.86 3.74
75 100000.00 17.37 24.71 0.68 5.66 8.36 15.09 13.98 5.27 12.45 10.65 5.84 20.31 5.10 11.54 2.21 7.76 0.15 22.80 15.81 9.58 13.14 19.22 5.57 1.40 4.35 10.91 0.32 100000.00 4.66 9.40 4.23 1.67 4.63 100000.00 100000.00 8.32 100000.00 4.74 1.43 3.22 0.10 10.47 8.83 100000.00 6.05 4.79 100000.00 0.44
76 100000.00 3.62 49.04 54.47 45.89 90.87 46.21 22.56 90.11 20.88 24.51 28.25 25.54 13.03 0.82 59.50 54.69 23.58 59.77 10.57 6.12 21.11 53.07 10.87 24.88 2.26 12.04 24.83 13.79 52.16 16.69 11.31 48.72 8.60 5.77 5.66 6.10 3.42 0.19 20.90 11.46 13.18 20.49 6.22 1.90 7.45 24.11 2.76 12.48
77 100000.00 48.99 53.01 55.50 10.76 20.70 2.95 46.86 115.37 31.15 85.99 62.99 17.35 15.85 59.23 12.33 69.65 41.74 5.54 6.71 23.89 71.28 0.08 77.32 83.21 28.72 13.26 35.50 5.69 8.52 1.17 17.79 51.30 17.79 37.39 22.15 6.61 8.67 41.02 5.51 20.63 17.91 3.42 3.89 6.42 15.35 0.06 33.89 33.48
78 100000.00 22.04 6.61 20.61 9.17 38.55 20.48 28.02 3.61 28.42 37.21 19.08 28.76 38.74 31.17 11.27 20.30 2.68 24.25 36.18 28.73 4.76 33.47 3.22 26.23 14.19 4.44 7.70 1.95 25.68 11.30 7.94 2.38 16.28 23.63 6.04 10.09 15.07 7.05 6.61 4.72 1.72 12.42 19.98 16.26 2.16 19.03 1.72 5.72
79 100000.00 2.17 7.33 13.52 5.79 1.09 4.67 12.71 2.51 6.88 18.23 11.76 5.03 2.25 15.85 6.98 14.37 3.39 14.87 1.45 5.04 4.69 10.72 14.36 12.19 0.72 1.89 7.01 2.63 0.26 1.73 8.68 1.24 2.01 6.85 4.46 1.93 0.75 5.45 2.32 7.16 1.72 6.54 0.99 2.31 2.71 6.37 2.90 4.74
80 100000.00 27.13 30.71 17.20 0.13 22.89 26.12 29.40 11.93 28.21 35.17 1.19 16.01 19.42 31.78 27.91 7.72 14.34 22.36 28.01 0.13 5.99 18.51 20.01 19.23 8.16 19.71 3.95 0.05 13.61 15.54 18.13 4.35 14.17 21.24 0.52 4.92 5.31 6.39 16.18 3.63 5.39 8.57 11.03 0.09 2.91 8.12 4.67 11.09
81 100000.00 16.31 35.87 26.74 7.99 33.40 14.06 24.08 2.16 28.50 36.77 12.20 15.06 32.84 44.33 1.55 13.39 11.94 16.46 43.53 13.26 9.57 11.40 15.34 34.58 5.30 12.20 9.68 4.81 7.43 7.69 16.03 1.20 17.70 14.11 4.94 6.38 19.31 13.58 1.07 4.60 8.21 5.43 9.99 4.96 6.33 2.51 9.35 21.95
82 100000.00 15.51 9.12 1.76 6.96 16.85 6.69 18.11 1.79 19.77 4.05 12.14 18.44 9.00 8.16 3.11 8.85 0.65 16.19 16.23 18.22 6.78 7.89 20.82 5.20 10.03 2.64 0.40 1.83 7.22 2.13 100000.00 100000.00 100000.00 100000.00 100000.00 6.46 3.43 100000.00 1.22 3.21 0.21 9.00 100000.00 10.89 100000.00 100000.00 100000.00 100000.00
83 100000.00 9.72 56.13 51.61 59.34 13.15 34.90 22.27 33.71 7.25 42.26 6.04 27.57 29.27 32.44 10.31 46.87 38.29 20.73 14.85 28.73 35.35 53.82 7.84 63.06 6.38 24.10 19.71 20.57 6.71 14.26 7.69 10.14 3.58 14.37 1.84 17.15 15.91 15.07 4.61 24.77 21.53 10.42 3.98 17.18 13.05 22.78 2.14 38.72
84 100000.00 62.40 34.20 51.60 9.07 37.28 20.40 25.72 60.07 67.44 45.05 74.52 55.57 54.72 26.21 43.07 13.93 57.62 90.44 86.30 66.38 64.48 48.39 23.96 71.89 39.40 16.06 21.43 2.15 19.21 6.86 5.73 17.01 43.99 22.46 45.93 19.91 31.97 6.57 10.57 3.49 34.87 53.61 44.53 40.44 43.73 25.71 12.09 24.05
85 100000.00 14.54 9.14 1.59 12.86 6.42 3.87 0.97 7.34 2.17 17.24 8.44 15.68 19.95 14.94 17.20 11.76 0.07 13.15 7.96 7.60 13.29 17.53 0.10 11.57 100000.00 4.90 0.99 3.76 1.94 1.20 0.62 3.16 1.17 100000.00 100000.00 10.20 12.76 3.51 8.01 4.98 0.04 4.64 4.80 4.34 100000.00 100000.00 0.07 4.67
86 100000.00 8.66 14.47 11.28 2.58 11.04 11.83 2.20 11.60 7.05 4.81 10.74 9.12 5.11 13.19 7.45 3.68 0.53 4.54 0.37 11.76 6.90 8.50 15.02 8.11 5.32 9.64 2.74 0.94 5.96 4.71 0.50 2.54 4.74 2.45 5.86 1.97 1.70 4.90 3.91 0.75 0.30 2.64 0.17 7.62 1.95 3.43 6.71 5.15
87 100000.00 4.28 4.55 0.36 1.32 17.61 1.24 5.88 18.38 1.45 10.83 11.38 0.90 3.56 14.73 14.04 5.51 13.11 0.54 10.05 2.59 14.57 16.01 17.81 7.52 1.73 2.98 0.22 0.55 9.97 0.81 3.02 5.04 0.58 3.00 6.88 0.55 1.03 4.25 8.65 1.56 8.55 0.23 4.18 1.76 3.61 7.85 8.30 2.00
88 100000.00 8.16 8.91 0.59 1.33 5.60 12.29 12.73 14.34 12.40 13.54 0.50 2.76 6.13 10.36 1.61 3.95 9.67 6.35 7.41 6.16 2.04 0.53 9.51 11.14 4.13 3.24 0.20 0.40 3.68 100000.00 6.39 5.85 4.35 9.09 0.28 100000.00 100000.00 100000.00 0.70 1.35 100000.00 100000.00 2.72 2.76 100000.00 0.31 2.83 6.17
89 100000.00 16.38 3.56 8.30 8.43 21.16 17.53 7.27 7.21 18.68 17.07 7.51 2.95 20.20 16.71 16.58 1.04 13.85 21.75 4.74 9.72 17.32 22.72 7.24 0.05 9.63 1.59 2.50 4.17 7.85 8.90 2.65 2.45 12.43 8.21 1.98 1.80 6.02 10.46 7.17 0.30 6.72 11.59 2.04 2.80 8.88 15.35 4.55 0.02
90 100000.00 1.50 4.03 4.31 0.97 0.99 3.14 6.51 2.53 6.13 1.27 4.38 0.65 3.15 1.64 1.60 4.88 4.88 5.82 7.50 0.39 1.50 2.46 2.53 2.01 0.97 1.01 2.11 0.48 0.39 1.54 2.20 0.87 2.95 0.46 2.79 0.18 0.79 0.51 0.37 1.97 2.51 1.77 3.80 0.22 0.79 0.55 0.87 0.99
91 100000.00 13.95 89.40 40.52 108.67 113.65 34.29 102.90 80.43 41.20 120.64 124.76 58.67 128.37 27.46 38.48 51.37 25.87 53.57 98.37 80.68 74.46 3.26 74.02 35.55 9.48 100000.00 24.08 48.94 39.43 9.61 68.51 26.09 100000.00 80.92 30.25 100000.00 43.08 100000.00 17.41 34.17 10.36 100000.00 49.58 100000.00 100000.00 2.08 26.73 8.74
92 100000.00 2.18 7.84 2.39 5.78 3.98 6.31 1.87 2.42 3.34 1.56 2.94 2.36 0.13 5.81 2.17 1.06 3.46 3.09 1.35 2.39 2.51 2.51 3.09 3.12 1.27 2.96 0.91 100000.00 2.57 100000.00 0.73 100000.00 2.18 100000.00 1.88 100000.00 0.07 1.19 1.47 100000.00 100000.00 100000.00 0.70 1.00 0.89 1.55 100000.00 100000.00
93 100000.00 6.08 5.18 3.22 9.81 10.63 3.11 5.18 4.71 6.62 0.99 5.98 3.57 9.07 3.46 9.52 3.44 3.06 9.43 5.30 8.64 9.85 1.56 6.28 9.66 2.21 2.60 2.11 4.32 2.92 1.07 1.32 1.09 3.55 0.66 1.96 0.78 5.64 2.04 5.26 1.18 0.67 3.27 1.56 5.25 2.82 0.69 3.03 4.22
94 100000.00 0.37 1.11 0.11 1.69 0.72 0.15 1.16 2.12 1.71 0.08 0.57 1.01 1.00 1.03 1.38 1.62 0.52 2.00 0.14 0.64 1.13 0.08 1.87 0.60 0.13 0.61 0.04 0.68 0.31 0.07 0.50 0.58 0.61 0.04 0.28 0.33 0.33 0.59 0.55 0.43 0.30 0.98 0.09 0.21 0.44 0.02 1.27 0.26
95 100000.00 64.30 131.35 153.97 136.37 58.15 42.61 31.01 81.11 77.12 78.23 167.50 92.71 76.02 22.29 78.09 26.98 51.47 7.22 137.22 127.79 89.35 10.08 158.44 105.90 22.57 69.54 41.39 86.34 32.21 21.61 6.21 28.43 25.88 18.09 114.36 46.17 22.15 14.46 31.00 5.98 11.06 4.51 91.64 55.67 36.61 5.75 86.17 56.23
96 100000.00 1.75 37.83 9.74 34.27 26.66 26.85 11.16 36.96 22.36 5.94 10.63 23.07 0.56 39.22 16.65 1.07 11.13 40.11 26.21 30.88 23.81 37.61 14.92 4.31 0.84 100000.00 3.55 10.57 10.23 7.08 3.22 10.80 6.53 100000.00 6.06 6.16 0.17 25.75 11.04 0.72 100000.00 13.27 9.70 16.10 100000.00 24.26 9.25 1.63
97 100000.00 15.38 24.70 24.47 23.34 26.04 7.21 13.30 12.50 0.35 4.04 24.82 7.95 14.19 10.06 18.20 9.04 10.58 19.07 13.52 4.21 2.72 22.59 11.40 9.82 5.65 5.52 6.43 5.31 10.58 4.77 8.12 6.70 0.22 2.03 7.16 4.58 5.16 2.49 8.98 2.21 6.14 5.61 6.68 1.02 1.36 7.75 3.58 4.96
98 100000.00 0.85 7.79 6.22 4.53 15.04 15.26 1.12 10.73 1.30 5.59 13.62 16.83 4.77 0.77 13.99 4.22 12.68 2.34 10.18 18.69 19.48 3.92 12.00 12.15 0.57 3.69 1.32 2.48 8.47 4.62 0.60 2.76 0.84 1.51 3.92 7.88 1.13 0.25 3.95 1.03 5.15 1.56 4.48 11.82 12.47 0.97 7.37 3.02
99 100000.00 6.52 7.98 22.63 10.96 9.71 4.13 16.07 21.90 17.97 3.71 26.20 14.66 40.08 26.17 19.88 14.21 2.08 17.89 26.26 17.10 1.38 9.85 2.69 10.87 2.48 4.82 10.73 6.57 4.64 2.05 7.47 7.99 8.52 1.90 5.30 7.59 25.75 16.58 7.09 3.68 0.96 10.85 9.12 3.68 0.45 2.23 0.97 4.59
100 100000.00 22.76 37.49 29.69 4.02 45.02 15.91 9.08 6.37 2.01 23.63 36.04 27.66 24.29 36.36 2.83 17.32 8.90 35.07 5.42 28.99 0.40 27.42 35.81 27.41 6.96 7.73 17.69 2.27 29.77 8.44 3.82 2.44 0.54 6.66 24.55 9.39 8.59 23.51 1.79 8.29 3.53 16.23 2.90 20.04 0.19 18.90 8.07 7.65
101 100000.00 8.76 0.90 16.09 13.42 6.93 1.18 8.71 3.36 2.81 1.49 0.54 5.56 0.81 10.80 9.06 12.23 0.15 10.62 6.87 0.54 5.43 7.26 8.91 1.77 2.24 0.42 7.56 3.10 3.19 0.33 3.37 1.23 0.57 0.66 0.24 1.41 0.49 4.76 4.73 6.29 0.09 2.77 3.55 0.17 3.57 4.10 2.50 0.88
102 100000.00 2.52 2.05 1.51 2.50 4.90 4.07 1.17 0.17 3.22 3.74 0.68 4.87 2.50 0.84 5.24 5.13 1.47 5.51 1.12 5.48 5.31 6.49 2.22 3.77 1.06 1.21 0.68 0.57 3.36 2.26 0.54 0.10 0.71 1.18 0.16 1.60 1.06 0.18 2.52 2.93 1.03 3.53 0.70 2.41 1.81 3.08 1.10 1.21
103 100000.00 0.74 3.94 0.41 2.48 1.72 3.73 0.21 4.64 3.06 4.09 1.53 2.40 4.38 1.36 2.92 4.31 0.51 4.98 4.55 2.27 0.05 1.76 2.02 1.49 0.33 2.58 0.28 1.29 0.63 1.98 0.07 1.25 0.90 1.91 0.42 1.05 1.20 0.45 1.17 2.33 0.12 2.76 3.09 0.65 0.03 0.74 0.96 0.58
104 100000.00 1.84 5.47 4.17 2.38 4.79 1.57 0.65 5.01 2.70 4.33 1.99 3.18 2.59 2.59 2.26 1.71 3.49 1.78 4.44 0.95 3.28 4.21 3.43 2.89 0.66 100000.00 1.27 1.46 100000.00 0.72 0.18 100000.00 1.13 2.32 0.99 1.58 0.92 100000.00 0.71 0.37 0.91 100000.00 2.02 100000.00 1.77 2.54 1.31 1.58
105 100000.00 36.06 85.70 38.45 18.73 18.45 44.07 16.55 82.30 53.22 17.78 6.18 31.17 75.66 3.52 24.40 8.01 70.56 26.42 69.39 20.85 68.81 51.53 24.20 22.05 13.26 20.63 23.22 5.95 11.98 10.23 6.61 25.92 26.78 100000.00 3.53 7.12 100000.00 100000.00 100000.00 3.88 100000.00 100000.00 32.28 5.54 43.78 27.39 9.96 13.14
106 100000.00 4.02 2.34 5.34 0.32 1.33 2.17 1.05 3.68 1.95 1.51 2.31 3.36 5.22 1.84 4.12 3.94 4.46 3.68 3.97 1.20 1.95 0.29 2.27 4.74 2.09 1.21 1.99 0.14 0.50 0.80 0.71 1.22 0.48 0.35 1.05 0.79 1.23 1.03 2.39 2.59 1.73 0.76 2.06 0.35 1.13 0.17 1.42 1.52
107 100000.00 4.63 7.23 7.91 0.86 6.20 1.45 4.75 6.74 6.16 1.61 5.27 5.87 7.65 6.45 6.53 1.93 5.72 6.11 3.50 0.44 0.26 3.89 7.96 4.42 1.21 1.99 1.95 100000.00 1.25 0.35 2.21 3.91 4.16 1.00 100000.00 1.67 3.77 4.49 1.56 1.15 1.93 1.56 0.94 0.11 100000.00 2.04 100000.00 2.09
108 100000.00 0.05 1.65 0.37 4.07 0.69 1.36 2.40 3.01 0.44 4.20 2.57 1.45 3.64 4.00 3.36 2.93 2.07 3.64 0.85 0.96 0.05 1.95 3.81 1.97 0.02 1.00 0.21 1.57 0.30 100000.00 100000.00 1.58 0.31 2.11 100000.00 0.82 100000.00 100000.00 1.96 100000.00 100000.00 1.26 100000.00 100000.00 0.04 0.47 1.07 1.37
109 100000.00 1.10 3.11 1.19 1.95 1.90 1.81 1.30 1.72 1.77 1.97 0.17 1.30 1.58 2.74 0.87 1.11 1.63 2.90 2.25 1.58 1.82 0.54 1.14 0.72 0.40 2.14 0.25 0.70 0.63 0.88 0.77 0.86 0.85 1.29 0.09 0.66 0.78 0.79 0.58 0.68 1.03 1.25 0.46 0.72 0.71 0.31 0.68 0.46
110 100000.00 3.11 0.15 5.08 3.32 3.19 2.26 0.13 5.41 2.04 0.58 3.97 0.92 0.24 5.11 3.19 1.80 1.61 5.08 4.22 3.32 2.14 5.14 5.26 2.80 0.95 0.09 2.65 2.01 100000.00 1.03 0.05 100000.00 1.19 0.34 1.67 0.35 100000.00 3.02 100000.00 1.14 0.86 100000.00 2.22 100000.00 0.83 3.10 3.08 100000.00
111 100000.00 2.28 1.32 2.93 0.06 0.18 1.76 1.38 0.85 2.29 1.63 0.70 0.76 0.85 2.79 2.03 0.44 0.59 2.70 0.39 0.28 0.22 0.52 2.34 0.93 1.43 0.80 1.38 0.02 0.05 1.18 0.58 0.18 0.60 0.60 0.46 0.34 0.41 1.10 1.03 0.21 0.13 1.74 0.24 0.16 0.13 0.28 1.39 0.46
<task rigidity>
1 2
2 4
3 7
4 7
5 1
6 4
7 1
8 10
9 3
10 1
11 5
12 9
13 2
14 9
15 1
16 5
17 5
18 7
19 2
20 10
21 4
22 5
23 2
24 2
25 6
26 3
27 4
28 5
29 9
30 3
31 6
32 8
33 8
34 7
35 2
36 3
37 1
38 5
39 2
40 3
41 7
42 5
43 2
44 1
45 4
46 1
47 6
48 3
49 2
50 1
51 8
52 4
53 2
54 7
55 4
56 8
57 3
58 5
59 9
60 2
61 5
62 9
63 1
64 4
65 4
66 4
67 2
68 2
69 2
70 1
71 4
72 4
73 5
74 6
75 5
76 4
77 5
78 4
79 6
80 2
81 5
82 2
83 2
84 5
85 2
86 4
87 9
88 1
89 2
90 4
91 4
92 8
93 2
94 8
95 6
96 6
97 2
98 1
99 5
100 1
101 1
102 3
103 4
104 6
105 6
106 6
107 6
108 2
109 7
110 10
111 3
<precedence relations>
1,2
2,3
3,4
4,5
4,6
4,7
4,8
4,9
4,10
5,39
6,39
7,83
8,71
9,32
10,11
10,12
11,13
11,14
11,15
11,16
11,17
11,18
11,19
11,20
11,21
12,13
12,14
12,15
12,16
12,17
12,18
12,19
12,20
12,21
13,71
14,22
14,23
14,24
14,25
15,26
16,27
17,28
18,29
19,30
20,91
21,111
22,31
22,83
23,32
23,33
24,69
24,70
25,34
26,82
27,35
28,36
29,37
30,38
31,39
32,41
33,111
34,42
35,43
36,44
36,91
37,45
37,91
38,46
38,91
39,40
40,111
41,69
41,70
42,47
43,48
43,49
44,50
45,51
46,52
47,54
47,55
47,56
47,57
47,58
47,59
47,60
48,53
49,91
50,111
51,111
52,111
53,111
54,69
54,70
55,61
55,62
55,63
56,63
56,64
57,65
57,91
58,66
58,91
59,67
59,91
60,68
60,91
61,69
61,70
62,71
63,111
64,72
65,111
66,111
67,111
68,111
69,77
69,78
70,73
71,91
72,74
73,75
74,76
75,77
75,78
75,79
76,80
76,81
76,82
77,83
78,84
79,85
80,86
80,91
81,87
81,91
82,111
83,91
84,88
84,89
84,91
85,111
86,111
87,90
88,105
89,105
90,111
91,92
91,93
91,94
92,95
93,95
94,95
95,96
95,97
95,98
95,99
95,100
95,104
96,101
97,102
98,103
99,111
100,111
101,105
102,106
102,107
103,107
103,108
104,111
105,111
106,109
107,111
108,110
109,111
110,111
<end>