<number of tasks>
11
<number of stations>
3
<number of workers>
3
<type of the robots>
1
<limit of the robots>
2
<task times>
1 5 1 2 1 1 2 1
2 100000 4 1 2 100000 1 100000
3 6 2 5 3 2 4 2
4 8 6 4 6 5 3 4
5 100000 2 1 2 2 1 100000
6 100000 1 2 1 1 100000 1
7 100000 1 1 1 100000 1 100000
8 100000 5 1 5 4 1 100000
9 7 2 1 1 2 1 1
10 100000 2 2 1 100000 100000 1
11 100000 4 1 6 3 1 5
<posture of tasks>
1 0
2 1
3 1
4 1
5 1
6 1
7 1
8 0
9 0
10 0
11 0
<max energy cosumption of alternatives>
1 100000.00
2 2.72
3 2.92
4 5.08
<energy cosumption of alternatives>
1 100000.00 0.05 0.07 0.07 0.02 0.05 0.01
2 100000.00 0.13 0.04 0.09 100000.00 0.02 100000.00
3 100000.00 0.09 0.15 0.13 0.03 0.10 0.04
4 100000.00 0.16 0.13 0.21 0.04 0.09 0.12
5 100000.00 0.07 0.04 0.09 0.02 0.01 100000.00
6 100000.00 0.05 0.08 0.07 0.02 100000.00 0.02
7 100000.00 0.05 0.05 0.07 100000.00 0.04 100000.00
8 100000.00 0.13 0.03 0.15 0.03 0.01 100000.00
9 100000.00 0.06 0.04 0.06 0.04 0.01 0.02
10 100000.00 0.06 0.06 0.05 100000.00 100000.00 0.03
11 100000.00 0.12 0.05 0.18 0.07 0.03 0.07
<task rigidity>
1 2
2 2
3 5
4 3
5 5
6 10
7 1
8 9
9 8
10 7
11 6
<precedence relations>
1,2
1,3
2,4
3,5
4,6
5,7
5,8
5,9
6,10
7,11
8,11
9,11
10,11
<end>