<number of tasks>
11
<number of stations>
7
<number of workers>
7
<type of the robots>
1
<limit of the robots>
4
<task times>
1 100000 3 1 2 2 4 2 3 100000 1 2 2 100000 2 100000
2 7 1 1 4 4 5 4 3 1 1 3 3 4 3 2
3 100000 5 3 4 2 3 5 1 100000 3 100000 2 2 4 100000
4 8 2 4 5 1 5 3 3 2 3 4 1 4 2 3
5 100000 3 1 3 1 1 1 2 2 1 3 1 1 1 2
6 2 2 2 2 2 1 1 2 2 2 2 2 1 1 2
7 1 1 1 1 1 1 1 1 1 1 1 1 1 1 1
8 100000 2 1 4 1 2 2 3 100000 1 3 1 2 100000 100000
9 7 4 1 3 1 3 1 3 3 1 3 1 3 1 2
10 100000 2 2 1 1 1 2 1 100000 2 1 1 1 2 100000
11 8 2 6 6 6 1 3 4 2 5 4 4 1 2 3
<posture of tasks>
1 1
2 1
3 0
4 0
5 1
6 1
7 1
8 1
9 1
10 1
11 1
<max energy cosumption of alternatives>
1 100000.00
2 2.53
3 4.22
4 3.17
5 2.80
6 4.82
7 2.32
8 4.96
<energy cosumption of alternatives>
1 100000.00 0.10 0.06 0.07 0.07 0.15 0.07 0.12 100000.00 0.02 0.02 0.02 100000.00 0.04 100000.00
2 100000.00 0.04 0.06 0.13 0.13 0.19 0.13 0.13 0.02 0.02 0.07 0.08 0.07 0.09 0.08
3 100000.00 0.11 0.11 0.11 0.07 0.11 0.11 0.06 100000.00 0.05 100000.00 0.04 0.05 0.03 100000.00
4 100000.00 0.08 0.14 0.12 0.05 0.16 0.10 0.12 0.04 0.05 0.07 0.03 0.06 0.04 0.03
5 100000.00 0.11 0.08 0.11 0.06 0.08 0.06 0.11 0.04 0.05 0.02 0.04 0.03 0.03 0.04
6 100000.00 0.07 0.09 0.06 0.07 0.06 0.04 0.09 0.02 0.03 0.04 0.05 0.01 0.01 0.06
7 100000.00 0.05 0.07 0.05 0.05 0.07 0.05 0.07 0.02 0.03 0.03 0.01 0.05 0.03 0.04
8 100000.00 0.06 0.05 0.12 0.03 0.08 0.06 0.11 100000.00 0.01 0.07 0.01 0.04 100000.00 100000.00
9 100000.00 0.12 0.06 0.09 0.04 0.12 0.03 0.12 0.06 0.03 0.04 0.01 0.03 0.02 0.08
10 100000.00 0.07 0.09 0.04 0.04 0.06 0.07 0.06 100000.00 0.03 0.02 0.01 0.03 0.04 100000.00
11 100000.00 0.07 0.21 0.16 0.19 0.06 0.10 0.16 0.04 0.08 0.04 0.07 0.04 0.05 0.05
<task rigidity>
1 10
2 9
3 6
4 2
5 1
6 1
7 5
8 1
9 1
10 5
11 10
<precedence relations>
1,2
1,3
2,4
3,5
4,6
5,7
5,8
5,9
6,10
7,11
8,11
9,11
10,11
<end>