<number of tasks>
11
<number of stations>
5
<number of workers>
5
<type of the robots>
1
<limit of the robots>
2
<task times>
1 5 4 2 3 1 2 3 2 3 1 2
2 7 1 4 4 4 5 1 3 3 3 4
3 6 3 4 3 5 3 2 3 3 4 2
4 100000 6 5 6 2 1 100000 4 4 2 1
5 4 3 3 1 1 1 3 3 1 1 1
6 2 2 2 2 2 1 2 2 2 2 1
7 1 1 1 1 1 1 1 1 1 1 1
8 9 5 4 3 4 7 4 3 3 3 5
9 100000 4 1 1 2 4 100000 1 1 2 100000
10 2 1 2 1 2 2 1 2 1 2 2
11 100000 3 1 6 4 5 3 100000 5 3 4
<posture of tasks>
1 1
2 1
3 1
4 0
5 1
6 1
7 1
8 1
9 1
10 0
11 1
<max energy cosumption of alternatives>
1 100000.00
2 4.98
3 2.14
4 2.33
5 4.63
6 5.47
<energy cosumption of alternatives>
1 100000.00 0.18 0.09 0.12 0.08 0.11 0.05 0.04 0.05 0.05 0.07
2 100000.00 0.06 0.12 0.12 0.15 0.18 0.02 0.06 0.07 0.05 0.11
3 100000.00 0.13 0.14 0.11 0.19 0.13 0.07 0.03 0.07 0.09 0.06
4 100000.00 0.18 0.12 0.14 0.09 0.07 100000.00 0.03 0.05 0.05 0.02
5 100000.00 0.12 0.10 0.04 0.06 0.06 0.06 0.03 0.02 0.04 0.03
6 100000.00 0.10 0.08 0.08 0.10 0.07 0.04 0.04 0.02 0.07 0.03
7 100000.00 0.06 0.04 0.04 0.06 0.06 0.04 0.02 0.01 0.03 0.03
8 100000.00 0.18 0.13 0.10 0.15 0.24 0.06 0.08 0.04 0.08 0.12
9 100000.00 0.16 0.04 0.04 0.10 0.16 100000.00 0.03 0.03 0.06 100000.00
10 100000.00 0.05 0.05 0.03 0.07 0.07 0.02 0.02 0.01 0.03 0.02
11 100000.00 0.13 0.05 0.17 0.16 0.19 0.08 100000.00 0.10 0.07 0.11
<task rigidity>
1 2
2 1
3 8
4 6
5 5
6 6
7 8
8 7
9 10
10 7
11 1
<precedence relations>
1,2
1,3
2,4
3,5
4,6
5,7
5,8
5,9
6,10
7,11
8,11
9,11
10,11
<end>