<number of tasks>
11
<number of stations>
4
<number of workers>
4
<type of the robots>
1
<limit of the robots>
1
<task times>
1 100000 4 3 2 2 3 3 2 2
2 7 5 4 5 2 4 3 4 2
3 7 3 4 3 1 2 3 3 1
4 8 3 1 2 6 3 1 2 4
5 100000 2 1 2 1 2 1 2 100000
6 2 2 2 2 1 2 2 2 1
7 1 1 1 1 1 1 1 1 1
8 9 6 5 1 5 4 4 1 4
9 7 4 2 3 3 3 2 2 2
10 2 1 1 1 1 1 1 1 1
11 8 5 1 3 1 4 1 2 1
<posture of tasks>
1 0
2 0
3 0
4 0
5 1
6 1
7 1
8 1
9 1
10 1
11 1
<max energy cosumption of alternatives>
1 100000.00
2 2.97
3 4.88
4 5.25
5 4.68
<energy cosumption of alternatives>
1 100000.00 0.11 0.11 0.09 0.09 0.05 0.04 0.05 0.04
2 100000.00 0.12 0.12 0.14 0.08 0.06 0.04 0.10 0.05
3 100000.00 0.10 0.14 0.12 0.07 0.06 0.09 0.05 0.02
4 100000.00 0.08 0.06 0.08 0.17 0.04 0.04 0.02 0.11
5 100000.00 0.08 0.07 0.10 0.07 0.02 0.03 0.04 100000.00
6 100000.00 0.09 0.11 0.11 0.08 0.04 0.05 0.02 0.02
7 100000.00 0.05 0.07 0.07 0.07 0.01 0.02 0.03 0.03
8 100000.00 0.17 0.19 0.07 0.19 0.12 0.08 0.02 0.13
9 100000.00 0.14 0.10 0.13 0.13 0.08 0.04 0.05 0.05
10 100000.00 0.05 0.07 0.07 0.07 0.01 0.02 0.04 0.03
11 100000.00 0.17 0.08 0.14 0.08 0.10 0.02 0.05 0.02
<task rigidity>
1 5
2 5
3 9
4 4
5 8
6 4
7 6
8 7
9 9
10 9
11 1
<precedence relations>
1,2
1,3
2,4
3,5
4,6
5,7
5,8
5,9
6,10
7,11
8,11
9,11
10,11
<end>