<number of tasks>
11
<number of stations>
6
<number of workers>
6
<type of the robots>
1
<limit of the robots>
3
<task times>
1 100000 3 2 3 2 4 1 2 100000 3 100000 3 1
2 7 5 2 5 1 2 5 4 2 4 1 2 4
3 7 3 5 2 2 4 4 2 4 2 2 3 3
4 7 4 3 3 3 5 3 3 3 3 2 4 3
5 3 1 2 2 3 1 3 1 2 2 3 1 2
6 2 2 1 2 2 2 2 2 1 2 2 2 2
7 1 1 1 1 1 1 1 1 1 1 1 1 1
8 9 3 5 5 1 3 7 2 4 4 1 3 5
9 100000 4 4 1 5 1 1 3 100000 100000 4 100000 1
10 2 1 2 1 1 1 1 1 2 1 1 1 1
11 8 4 3 1 3 6 3 3 2 1 2 4 2
<posture of tasks>
1 1
2 1
3 0
4 1
5 1
6 1
7 0
8 1
9 1
10 1
11 1
<max energy cosumption of alternatives>
1 100000.00
2 5.24
3 3.02
4 4.84
5 2.67
6 4.26
7 5.22
<energy cosumption of alternatives>
1 100000.00 0.12 0.07 0.13 0.07 0.16 0.06 0.09 100000.00 0.08 100000.00 0.10 0.04
2 100000.00 0.20 0.09 0.21 0.06 0.11 0.21 0.08 0.05 0.10 0.02 0.05 0.09
3 100000.00 0.10 0.10 0.08 0.06 0.13 0.13 0.05 0.03 0.02 0.02 0.07 0.06
4 100000.00 0.17 0.11 0.14 0.11 0.20 0.14 0.09 0.04 0.05 0.07 0.11 0.09
5 100000.00 0.06 0.07 0.09 0.10 0.06 0.12 0.02 0.04 0.02 0.02 0.03 0.06
6 100000.00 0.10 0.05 0.11 0.08 0.10 0.11 0.07 0.01 0.06 0.05 0.06 0.05
7 100000.00 0.06 0.04 0.06 0.04 0.06 0.06 0.03 0.02 0.03 0.02 0.03 0.02
8 100000.00 0.13 0.14 0.19 0.05 0.13 0.26 0.07 0.08 0.12 0.02 0.07 0.11
9 100000.00 0.17 0.15 0.08 0.15 0.08 0.08 0.11 100000.00 100000.00 0.05 100000.00 0.05
10 100000.00 0.06 0.07 0.07 0.04 0.06 0.07 0.02 0.03 0.02 0.02 0.04 0.01
11 100000.00 0.15 0.10 0.06 0.10 0.21 0.12 0.08 0.05 0.03 0.05 0.08 0.05
<task rigidity>
1 2
2 7
3 6
4 9
5 4
6 1
7 5
8 4
9 2
10 10
11 3
<precedence relations>
1,2
1,3
2,4
3,5
4,6
5,7
5,8
5,9
6,10
7,11
8,11
9,11
10,11
<end>