<number of tasks>
148
<number of stations>
14
<number of workers>
14
<type of the robots>
1
<limit of the robots>
4
<task times>
1 21 6 9 8 13 1 12 3 12 3 4 14 4 1 7 4 6 5 9 1 8 3 8 2 3 10 3 1 5
2 41 16 7 6 22 3 5 10 3 27 3 14 8 15 16 10 5 4 15 2 4 7 3 18 3 10 6 10 10
3 9 1 3 5 2 5 5 2 6 7 6 2 4 6 7 1 2 4 2 4 4 2 5 5 4 2 3 4 5
4 65 24 36 34 8 9 21 23 30 19 23 37 31 18 1 17 25 23 5 7 14 15 19 12 15 24 21 12 1
5 40 26 17 18 15 15 10 18 23 23 17 25 7 22 29 16 11 12 11 11 7 12 15 16 11 17 5 15 21
6 100000 6 6 1 8 3 7 6 1 8 4 7 6 5 2 5 5 1 100000 2 100000 4 1 6 3 5 100000 4 2
7 100000 12 12 13 38 7 16 19 37 13 27 36 39 38 8 100000 8 100000 25 100000 10 100000 100000 100000 18 23 27 25 100000
8 51 11 35 24 14 23 13 37 3 24 4 13 15 37 36 7 22 16 10 15 9 24 2 17 3 9 11 23 22
9 100000 12 10 16 29 29 29 31 18 8 8 4 20 10 19 100000 7 11 100000 19 21 21 100000 5 6 3 13 7 100000
10 100000 13 4 26 24 3 25 20 10 16 4 29 16 11 2 9 100000 100000 16 2 100000 13 7 10 3 20 10 100000 2
11 23 14 2 14 11 10 1 5 17 8 11 15 6 15 2 10 2 10 8 7 1 4 11 6 7 10 4 10 2
12 100000 3 5 10 1 9 11 8 11 9 3 5 7 2 1 100000 100000 7 1 7 7 100000 8 100000 3 100000 100000 2 100000
13 42 22 32 28 8 27 26 19 32 6 8 24 8 25 2 15 22 19 6 18 17 13 20 5 5 16 6 17 2
14 20 12 1 3 5 15 6 8 5 4 1 13 4 6 5 8 1 3 4 10 5 6 4 3 1 8 3 5 4
15 100000 19 51 20 53 46 22 3 16 25 10 7 33 16 52 14 31 13 100000 29 100000 2 12 17 7 100000 21 11 33
16 100000 26 14 41 5 24 45 38 30 27 14 33 2 1 27 100000 9 26 4 15 100000 26 100000 17 10 23 2 100000 100000
17 10 2 6 8 4 2 5 5 7 2 5 6 3 4 7 2 4 6 3 2 4 4 5 2 4 5 2 3 5
18 32 4 10 11 18 7 1 15 22 22 3 8 22 2 24 3 7 8 12 5 1 10 14 16 3 6 16 2 17
19 31 23 23 4 7 1 24 11 14 21 20 23 2 5 18 16 15 3 5 1 16 7 9 14 13 15 2 4 12
20 10 1 2 3 8 5 3 2 4 1 2 7 1 1 2 1 2 2 5 4 2 2 3 1 2 5 1 1 2
21 100000 3 6 6 2 3 3 2 4 1 7 6 1 1 1 3 4 4 2 2 2 2 100000 1 5 5 100000 1 1
22 100000 7 6 6 8 6 7 1 4 6 3 3 8 7 7 5 5 100000 6 4 100000 1 3 100000 2 2 100000 100000 5
23 100000 5 5 9 2 1 12 1 5 14 6 6 13 14 13 4 4 100000 100000 1 9 100000 4 100000 4 100000 8 100000 9
24 100000 1 8 13 3 11 9 9 11 13 4 7 10 5 10 1 6 9 3 8 6 100000 100000 100000 3 5 7 100000 100000
25 14 1 3 3 9 3 9 5 5 5 3 2 4 6 7 1 2 2 6 2 7 4 4 4 2 2 3 4 5
26 33 5 8 19 5 16 23 3 19 12 8 18 6 2 11 4 6 12 4 11 16 2 12 8 6 13 5 2 8
27 15 2 11 6 11 1 6 2 1 5 3 2 1 10 9 2 8 4 8 1 4 2 1 4 3 2 1 7 6
28 32 16 17 14 17 13 19 17 5 22 15 17 15 12 14 11 11 10 11 9 13 11 4 14 10 12 10 9 10
29 100000 9 9 1 6 8 6 1 4 3 7 11 10 7 5 100000 6 100000 100000 100000 5 100000 3 2 5 100000 7 100000 4
30 40 19 25 7 23 10 9 19 6 22 1 27 8 29 3 12 16 5 16 7 7 12 4 14 1 19 6 20 2
31 100000 22 22 5 1 21 1 21 4 8 9 4 2 3 18 100000 100000 4 1 15 100000 100000 3 6 7 3 2 2 13
32 100000 10 3 3 1 6 5 7 4 8 3 4 3 3 3 7 3 3 1 100000 100000 100000 3 6 3 3 2 3 2
33 100000 13 5 4 8 6 7 3 11 1 1 5 2 12 11 100000 4 100000 100000 100000 5 100000 7 1 1 4 2 8 8
34 53 40 22 21 9 32 24 29 28 14 16 22 9 23 16 28 15 14 6 21 15 21 20 10 12 15 7 15 11
35 54 19 32 14 10 32 15 25 4 31 36 23 32 38 5 13 20 9 7 22 10 18 3 22 23 15 21 26 4
36 63 34 30 6 34 15 45 14 2 5 38 9 34 27 17 22 19 4 22 10 28 10 2 4 27 6 22 17 11
37 9 7 6 3 5 7 6 4 1 1 4 4 3 5 2 5 5 2 4 5 4 3 1 1 3 3 2 4 2
38 109 5 75 33 26 67 52 57 70 14 63 4 21 22 17 4 51 21 18 47 34 37 46 9 42 3 15 14 12
39 9 1 6 7 5 6 5 1 1 6 1 6 2 2 7 1 5 5 4 4 4 1 1 4 1 5 2 2 5
40 54 30 15 9 10 11 23 16 12 3 33 12 30 29 12 19 10 6 7 8 16 11 8 3 23 8 21 18 8
41 64 42 42 1 1 23 17 17 1 46 5 27 28 10 11 26 28 1 1 16 12 11 1 30 4 19 18 7 7
42 100000 8 6 6 9 2 3 12 3 6 16 5 2 2 11 5 4 100000 6 100000 100000 100000 2 4 11 100000 2 2 8
43 44 17 16 27 9 6 27 1 4 31 13 10 8 29 9 12 11 17 7 4 17 1 3 22 10 7 6 19 6
44 89 5 18 15 33 41 54 50 5 56 41 44 29 20 25 4 11 10 22 29 33 31 4 35 27 31 18 13 18
45 105 55 37 47 21 62 55 11 34 71 51 8 61 42 34 35 23 30 15 38 37 8 22 45 35 6 40 28 24
46 100000 1 5 5 1 1 7 2 3 6 5 5 4 2 1 1 100000 4 1 100000 5 2 2 4 4 100000 100000 2 1
47 100000 13 30 19 6 36 41 30 9 31 41 13 26 23 20 9 100000 14 100000 100000 28 21 100000 20 28 100000 100000 17 100000
48 100000 10 10 2 8 3 9 9 11 12 13 9 1 1 4 7 7 100000 100000 3 100000 100000 7 8 9 6 100000 1 3
49 63 33 21 30 21 47 34 10 8 15 9 21 37 43 36 22 14 19 15 30 22 7 5 10 6 13 25 26 24
50 44 3 29 11 25 33 14 5 33 32 15 18 2 24 3 2 20 8 17 22 10 4 21 22 10 13 2 16 3
51 44 27 29 13 14 9 10 29 13 26 32 18 17 20 28 18 19 9 10 7 7 20 9 16 21 13 12 14 19
52 100000 1 10 2 7 10 10 7 9 6 7 1 11 6 3 100000 7 100000 5 7 7 5 7 4 5 1 100000 4 2
53 164 15 18 111 45 103 101 4 39 84 16 79 50 20 18 10 13 74 28 63 66 3 27 51 12 49 33 13 12
54 34 2 14 9 23 21 22 22 4 5 12 23 7 2 7 2 9 6 16 15 14 14 3 4 8 16 5 2 5
55 100000 5 1 6 7 7 7 4 2 3 4 6 3 4 3 100000 1 100000 5 5 5 3 2 2 3 4 100000 3 2
56 38 13 4 24 19 20 21 25 24 12 21 21 19 19 19 8 3 15 14 13 15 18 15 8 13 14 12 13 12
57 16 6 7 9 7 6 9 6 8 4 8 1 5 3 7 4 5 6 5 5 7 4 6 3 5 1 4 3 5
58 68 17 10 20 26 12 22 36 24 43 26 39 9 15 8 12 7 14 19 9 15 25 15 26 18 24 6 11 6
59 100000 4 2 10 10 7 5 4 14 3 5 9 1 12 6 100000 2 7 100000 5 4 3 100000 3 100000 7 1 8 4
60 4 3 1 1 2 1 1 2 2 2 2 3 1 1 3 2 1 1 2 1 1 2 2 2 2 2 1 1 2
61 4 2 1 3 2 2 3 2 1 2 1 3 3 2 3 2 1 2 2 2 2 2 1 2 1 2 3 2 2
62 11 8 3 3 2 2 2 1 8 6 6 1 3 7 7 6 3 2 2 2 2 1 6 5 4 1 2 5 5
63 22 14 9 7 5 15 13 16 4 15 6 9 12 13 16 10 6 5 4 10 9 10 3 11 5 6 8 8 11
64 100000 14 26 33 3 4 28 23 17 16 28 8 3 16 18 9 18 21 100000 3 18 16 12 10 19 100000 100000 10 100000
65 11 4 3 4 6 4 4 6 5 5 2 2 2 2 1 3 3 3 4 3 3 4 4 4 2 2 2 2 1
66 24 16 2 15 12 4 10 16 13 16 5 11 3 11 5 10 2 10 9 3 7 12 9 10 4 8 3 8 4
67 14 10 7 5 9 1 8 2 6 8 1 2 7 2 2 7 5 4 6 1 6 2 4 6 1 2 5 2 2
68 100000 8 7 12 10 4 11 7 3 7 2 12 12 12 3 6 100000 9 7 3 8 5 2 5 2 9 9 8 2
69 100000 27 17 25 1 3 6 15 22 6 24 17 4 20 24 19 11 16 1 2 4 11 15 4 15 12 3 100000 16
70 14 10 10 3 3 2 4 7 5 6 6 1 8 2 4 7 7 2 3 2 3 5 4 4 4 1 5 2 3
71 100000 41 42 11 17 105 45 43 86 20 75 74 91 43 77 29 28 8 12 73 31 30 56 100000 52 100000 63 29 100000
72 100000 22 11 6 23 6 1 4 11 11 20 4 18 15 1 15 8 4 100000 4 1 3 8 100000 100000 3 13 10 100000
73 52 9 18 18 6 29 4 26 28 35 3 5 26 12 2 7 13 12 4 19 3 17 19 22 2 4 17 9 2
74 54 40 11 37 36 25 8 5 12 18 37 40 5 34 36 26 8 23 24 18 6 4 9 12 23 26 4 22 25
75 100000 28 60 58 36 40 63 63 65 28 36 62 44 6 22 100000 100000 36 100000 100000 41 100000 43 19 24 100000 29 5 100000
76 6 4 1 1 4 3 5 2 4 1 2 5 4 4 2 3 1 1 3 3 4 2 3 1 2 4 3 3 2
77 37 12 18 19 14 24 4 15 7 3 16 14 21 7 17 8 12 12 9 16 3 10 5 3 11 10 15 5 12
78 100000 4 8 5 4 1 3 7 2 2 4 5 2 5 1 100000 6 4 3 1 100000 5 2 100000 3 100000 100000 100000 1
79 100000 149 252 36 235 94 74 234 239 173 186 172 247 141 54 92 168 24 143 100000 45 150 146 111 100000 117 149 95 100000
80 100000 5 3 5 4 2 4 5 2 4 4 1 3 3 1 4 3 4 100000 2 100000 4 2 3 3 1 3 3 1
81 36 3 24 1 1 2 2 16 3 1 1 21 18 15 10 2 16 1 1 2 2 10 2 1 1 13 13 10 7
82 100000 10 6 6 5 4 2 4 1 2 1 4 8 2 8 100000 5 100000 4 3 2 100000 1 2 1 3 6 2 6
83 28 15 10 2 5 4 12 20 10 19 21 20 7 1 5 11 7 2 4 3 8 14 7 12 13 13 5 1 4
84 100000 7 15 22 5 20 10 17 3 5 8 10 15 11 18 5 10 15 100000 100000 100000 100000 100000 4 6 7 10 100000 11
85 28 6 12 14 17 11 3 13 16 12 2 4 10 6 8 4 9 10 11 8 3 9 12 8 2 3 7 4 5
86 29 1 5 7 14 2 9 4 12 12 21 16 9 21 21 1 4 5 10 2 7 3 9 9 14 12 6 14 14
87 62 32 4 25 1 36 23 35 41 14 36 15 10 6 23 22 3 17 1 24 15 23 25 10 25 10 7 4 16
88 29 11 22 1 12 3 16 18 22 5 1 11 23 13 13 8 15 1 8 3 11 13 14 4 1 7 14 9 9
89 18 6 5 12 1 2 1 2 1 10 5 7 6 6 6 4 4 8 1 2 1 2 1 7 4 5 4 5 4
90 24 17 15 14 18 17 14 11 18 1 6 4 16 17 13 12 10 9 13 11 10 7 12 1 4 3 10 12 9
91 100000 7 72 76 21 77 71 110 53 18 68 73 101 32 26 5 100000 100000 14 100000 50 72 100000 100000 100000 44 100000 22 18
92 47 15 23 6 29 29 30 28 11 21 9 13 23 5 29 11 15 4 19 20 20 20 7 15 6 9 16 4 18
93 100000 18 9 7 14 14 18 14 2 23 10 22 9 11 16 13 100000 100000 9 10 100000 9 100000 100000 7 100000 6 7 11
94 100000 3 2 10 10 37 12 26 17 23 16 35 25 19 21 100000 2 7 7 100000 100000 16 100000 100000 100000 23 16 13 14
95 26 6 20 13 2 10 18 13 11 18 20 17 2 17 4 4 13 9 2 7 11 8 7 11 13 12 2 12 3
96 42 11 26 6 7 31 20 4 26 26 14 23 5 10 27 8 17 4 5 20 14 3 17 18 9 14 4 7 19
97 26 8 11 3 7 8 19 17 10 17 4 12 3 6 2 5 8 3 5 6 12 11 7 11 3 8 2 4 2
98 47 5 23 2 2 24 29 21 13 24 3 18 23 5 14 4 17 2 2 15 20 15 9 15 2 11 15 4 10
99 68 11 27 6 47 22 33 37 33 38 51 39 1 49 39 8 17 4 29 15 21 24 21 25 35 25 1 31 25
100 54 14 35 7 6 11 20 10 21 9 6 30 6 14 38 9 22 5 5 7 14 7 14 6 4 19 4 9 26
101 39 15 14 24 30 7 27 10 12 24 3 21 23 18 26 10 10 16 21 5 19 7 8 16 3 14 15 12 17
102 36 10 3 10 26 24 8 13 14 14 4 11 1 1 2 7 3 7 18 15 6 9 10 10 3 8 1 1 2
103 100000 10 3 5 12 12 6 11 12 9 10 3 3 8 3 100000 3 4 100000 100000 100000 100000 100000 6 100000 100000 100000 100000 100000
104 59 16 29 14 8 23 18 6 14 12 28 29 26 31 37 10 21 10 5 16 11 4 10 9 18 19 16 20 26
105 80 58 16 55 51 40 9 43 16 56 7 48 6 36 36 36 11 34 33 26 6 30 11 36 5 34 4 22 22
106 36 26 18 24 21 6 1 21 11 22 25 17 22 21 16 19 11 17 14 4 1 13 8 15 16 11 16 14 11
107 100000 2 4 8 8 5 5 5 7 7 8 3 7 2 8 100000 100000 6 5 4 4 4 5 5 100000 100000 5 2 6
108 100000 314 61 199 228 230 215 3 174 364 86 259 307 314 213 100000 39 121 143 159 100000 3 100000 248 55 156 185 198 129
109 53 36 25 2 27 4 38 27 26 37 28 15 13 26 35 22 16 2 17 3 27 18 17 23 20 11 9 18 24
110 100000 33 17 6 28 31 2 30 1 21 26 22 15 34 5 100000 100000 4 100000 20 2 100000 100000 14 100000 100000 10 100000 4
111 100000 20 18 4 2 12 19 9 23 15 5 12 20 19 11 14 12 3 2 100000 13 6 100000 10 100000 8 14 13 8
112 100000 136 145 68 116 73 133 134 47 46 123 57 116 2 8 86 93 44 81 100000 82 100000 100000 29 100000 36 81 100000 6
113 100000 3 9 9 1 8 4 7 11 10 6 9 11 1 9 3 100000 6 1 6 3 5 7 100000 4 6 8 1 6
114 26 17 5 18 13 13 10 15 2 2 13 17 16 3 2 12 4 13 9 9 7 11 2 2 8 11 11 3 2
115 19 4 9 10 11 10 6 11 10 12 11 7 10 2 6 3 6 7 8 7 4 7 7 9 8 5 7 2 5
116 100000 11 15 10 17 8 5 3 28 20 3 22 28 2 28 7 100000 7 12 5 100000 3 100000 14 100000 15 100000 100000 20
117 100000 1 21 21 1 15 2 8 1 27 30 8 19 24 8 1 100000 15 100000 100000 100000 6 1 100000 21 100000 13 100000 6
118 34 19 15 2 10 16 3 25 11 7 23 21 17 7 1 12 10 2 7 11 2 18 8 5 16 13 12 5 1
119 74 27 38 31 47 42 1 31 12 23 19 3 8 3 11 19 26 20 30 29 1 21 8 16 13 3 6 3 8
120 43 14 23 14 14 29 25 6 6 20 23 16 21 12 12 9 15 10 10 19 17 5 4 13 15 10 14 8 8
121 43 6 16 25 6 27 24 4 16 24 27 30 8 12 15 4 11 18 5 18 16 3 11 16 19 20 5 8 10
122 100000 8 12 23 25 14 12 15 19 18 9 16 4 23 12 6 100000 100000 17 10 100000 11 100000 13 6 100000 100000 16 8
123 25 17 9 9 19 17 9 17 13 12 8 5 12 15 18 11 6 6 12 12 6 12 9 8 6 4 8 10 13
124 19 14 8 7 14 11 5 1 12 3 1 8 6 8 4 9 6 5 10 7 4 1 9 2 1 5 5 6 3
125 100000 8 9 3 5 3 9 6 8 6 18 17 10 3 7 6 7 100000 4 100000 7 100000 6 100000 100000 100000 7 100000 100000
126 100000 31 14 24 27 46 35 38 16 24 42 6 43 37 21 20 9 17 19 32 25 100000 10 100000 100000 4 100000 25 15
127 72 3 13 41 4 25 36 29 38 39 23 7 5 11 25 2 8 29 3 16 25 21 24 25 15 5 4 8 16
128 10 8 6 8 7 2 3 4 8 3 6 5 6 1 3 6 5 6 5 2 2 3 5 2 4 4 4 1 2
129 14 5 7 10 5 1 10 3 4 3 9 4 6 1 2 4 5 7 4 1 7 2 3 2 6 3 4 1 2
130 36 5 24 15 20 14 17 19 20 21 8 18 11 23 20 4 16 11 13 9 12 12 13 15 6 12 8 15 13
131 23 1 2 9 5 8 15 13 2 9 16 10 16 12 8 1 2 6 4 6 10 9 2 6 10 7 11 8 6
132 46 15 10 21 19 5 26 5 28 25 18 25 33 29 35 10 7 14 12 4 18 4 18 16 11 16 23 19 23
133 30 18 21 7 19 3 20 18 20 10 5 3 11 17 19 13 13 5 13 3 14 11 14 7 4 2 7 12 14
134 27 4 12 1 10 19 6 12 4 1 6 1 5 20 7 3 8 1 7 12 4 8 3 1 5 1 4 14 5
135 100000 3 5 35 4 42 34 38 13 17 20 38 23 44 31 3 100000 23 3 100000 100000 100000 10 100000 13 27 14 28 19
136 100000 49 52 37 43 52 4 32 62 54 13 13 35 61 17 35 100000 24 29 100000 100000 20 100000 34 8 9 100000 41 11
137 100000 16 1 1 3 3 16 21 18 2 20 16 8 1 10 100000 1 1 3 100000 10 14 100000 100000 100000 10 5 1 7
138 20 2 11 2 8 5 4 10 11 9 2 7 12 8 9 2 8 2 6 4 3 7 7 6 2 5 9 5 6
139 45 12 16 32 3 24 28 18 23 11 24 24 10 5 5 8 10 21 2 16 18 12 16 8 17 16 7 4 4
140 29 8 7 6 2 17 14 3 16 5 10 7 6 18 1 6 5 5 2 12 9 2 11 4 7 5 4 13 1
141 211 6 5 137 100 49 130 10 28 83 15 132 114 36 87 5 4 94 67 35 79 7 19 58 11 87 75 22 60
142 193 103 59 96 69 70 74 81 78 139 116 104 141 76 146 64 37 64 45 49 49 57 49 91 77 70 90 49 93
143 87 26 5 30 62 22 11 37 52 43 48 22 57 47 21 17 4 21 43 15 8 25 34 27 33 15 39 30 15
144 233 29 169 154 35 10 153 18 155 140 127 157 121 60 59 21 110 100 23 7 104 12 102 95 78 104 78 42 37
145 100000 52 33 119 79 50 53 44 65 86 42 80 74 78 95 100000 23 77 51 100000 100000 31 100000 54 28 52 100000 50 100000
146 85 58 8 55 50 34 61 50 12 24 8 48 56 56 64 36 6 35 33 22 41 32 8 17 6 31 34 34 44
147 100000 20 33 63 3 65 23 4 71 14 23 42 59 74 35 14 21 40 100000 100000 100000 3 100000 10 15 29 40 50 23
148 103 42 61 14 40 74 52 2 13 1 54 29 1 39 62 26 43 10 27 50 34 2 10 1 38 20 1 26 41
<posture of tasks>
1 1
2 0
3 1
4 1
5 1
6 1
7 1
8 0
9 1
10 0
11 1
12 1
13 1
14 1
15 1
16 0
17 1
18 1
19 0
20 1
21 1
22 0
23 1
24 0
25 1
26 1
27 1
28 0
29 1
30 1
31 1
32 1
33 1
34 1
35 0
36 1
37 1
38 1
39 1
40 1
41 1
42 1
43 1
44 1
45 1
46 1
47 1
48 1
49 1
50 1
51 1
52 1
53 0
54 0
55 1
56 0
57 1
58 0
59 1
60 1
61 1
62 1
63 1
64 0
65 1
66 1
67 1
68 0
69 1
70 1
71 1
72 1
73 1
74 1
75 1
76 1
77 1
78 0
79 1
80 1
81 1
82 1
83 1
84 0
85 1
86 1
87 1
88 1
89 1
90 0
91 0
92 1
93 0
94 1
95 1
96 1
97 1
98 1
99 1
100 1
101 1
102 1
103 1
104 1
105 1
106 1
107 1
108 0
109 1
110 1
111 1
112 1
113 1
114 1
115 0
116 1
117 1
118 1
119 1
120 0
121 1
122 1
123 1
124 1
125 1
126 1
127 1
128 1
129 1
130 1
131 1
132 1
133 1
134 0
135 1
136 1
137 0
138 1
139 1
140 1
141 0
142 1
143 1
144 0
145 0
146 1
147 1
148 0
<max energy cosumption of alternatives>
1 100000.00
2 4.15
3 4.56
4 4.09
5 2.70
6 4.22
7 2.25
8 2.71
9 5.05
10 2.78
11 4.18
12 5.10
13 2.38
14 2.81
15 4.75
<energy cosumption of alternatives>
1 100000.00 0.20 0.30 0.27 0.31 0.05 0.31 0.09 0.39 0.09 0.14 0.45 0.12 0.03 0.24 0.12 0.20 0.08 0.12 0.04 0.17 0.03 0.09 0.04 0.08 0.10 0.07 0.02 0.14
2 100000.00 0.41 0.20 0.18 0.41 0.11 0.14 0.23 0.11 0.51 0.11 0.37 0.18 0.30 0.41 0.15 0.05 0.10 0.19 0.05 0.09 0.09 0.06 0.11 0.06 0.13 0.09 0.08 0.20
3 100000.00 0.06 0.12 0.18 0.07 0.18 0.15 0.07 0.21 0.19 0.21 0.09 0.12 0.16 0.24 0.03 0.02 0.10 0.02 0.09 0.09 0.02 0.13 0.10 0.11 0.04 0.08 0.04 0.13
4 100000.00 0.78 1.26 1.23 0.24 0.33 0.55 0.61 1.05 0.49 0.75 1.30 0.85 0.49 0.08 0.21 0.87 0.78 0.13 0.09 0.26 0.22 0.50 0.27 0.18 0.85 0.21 0.34 0.03
5 100000.00 0.83 0.56 0.62 0.38 0.52 0.29 0.48 0.74 0.57 0.56 0.83 0.20 0.57 0.99 0.44 0.33 0.39 0.24 0.30 0.20 0.17 0.33 0.13 0.16 0.29 0.13 0.40 0.54
6 100000.00 0.21 0.21 0.06 0.21 0.12 0.18 0.15 0.05 0.21 0.15 0.24 0.15 0.12 0.09 0.11 0.13 0.01 100000.00 0.06 100000.00 0.07 0.03 0.07 0.06 0.15 100000.00 0.07 0.03
7 100000.00 0.39 0.39 0.42 0.94 0.24 0.40 0.49 1.20 0.31 0.85 1.20 0.97 0.97 0.27 100000.00 0.22 100000.00 0.25 100000.00 0.12 100000.00 100000.00 100000.00 0.37 0.42 0.25 0.27 100000.00
8 100000.00 0.28 0.92 0.61 0.26 0.58 0.26 0.75 0.10 0.45 0.12 0.33 0.28 0.73 0.92 0.12 0.24 0.42 0.05 0.31 0.06 0.29 0.04 0.26 0.03 0.18 0.19 0.38 0.39
9 100000.00 0.41 0.35 0.56 0.78 1.04 0.84 0.88 0.60 0.24 0.29 0.17 0.52 0.27 0.63 100000.00 0.10 0.34 100000.00 0.27 0.44 0.21 100000.00 0.05 0.08 0.09 0.16 0.08 100000.00
10 100000.00 0.34 0.13 0.66 0.46 0.11 0.50 0.41 0.27 0.32 0.13 0.81 0.32 0.23 0.09 0.12 100000.00 100000.00 0.21 0.04 100000.00 0.25 0.15 0.19 0.04 0.40 0.17 100000.00 0.05
11 100000.00 0.45 0.09 0.46 0.28 0.33 0.03 0.15 0.54 0.21 0.36 0.49 0.16 0.37 0.09 0.29 0.03 0.10 0.07 0.14 0.01 0.05 0.21 0.08 0.13 0.16 0.09 0.22 0.06
12 100000.00 0.12 0.18 0.34 0.04 0.31 0.29 0.22 0.37 0.22 0.12 0.18 0.19 0.07 0.06 100000.00 100000.00 0.22 0.01 0.09 0.06 100000.00 0.16 100000.00 0.05 100000.00 100000.00 0.03 100000.00
13 100000.00 0.71 1.12 1.01 0.23 0.90 0.67 0.51 1.10 0.18 0.29 0.80 0.23 0.64 0.11 0.23 0.31 0.60 0.09 0.40 0.29 0.36 0.28 0.04 0.09 0.48 0.10 0.32 0.05
14 100000.00 0.41 0.08 0.14 0.15 0.53 0.18 0.24 0.20 0.14 0.08 0.45 0.14 0.18 0.20 0.16 0.04 0.04 0.08 0.24 0.04 0.11 0.07 0.06 0.05 0.25 0.03 0.11 0.09
15 100000.00 0.61 1.69 0.67 1.31 1.59 0.57 0.10 0.52 0.60 0.34 0.25 0.85 0.41 1.69 0.33 0.85 0.25 100000.00 0.95 100000.00 0.03 0.33 0.28 0.12 100000.00 0.31 0.10 0.67
16 100000.00 0.64 0.36 1.10 0.11 0.61 0.94 0.80 0.80 0.50 0.36 0.89 0.07 0.04 0.66 100000.00 0.18 0.24 0.04 0.27 100000.00 0.30 100000.00 0.12 0.09 0.18 0.01 100000.00 100000.00
17 100000.00 0.09 0.21 0.28 0.12 0.09 0.15 0.15 0.24 0.06 0.18 0.21 0.09 0.12 0.24 0.04 0.05 0.07 0.04 0.04 0.05 0.03 0.06 0.04 0.06 0.12 0.05 0.05 0.07
18 100000.00 0.17 0.35 0.38 0.45 0.26 0.05 0.42 0.72 0.55 0.14 0.29 0.55 0.08 0.78 0.04 0.23 0.21 0.18 0.09 0.03 0.17 0.38 0.19 0.08 0.12 0.16 0.04 0.32
19 100000.00 0.57 0.57 0.13 0.16 0.06 0.48 0.22 0.36 0.39 0.50 0.59 0.06 0.11 0.45 0.27 0.18 0.05 0.05 0.03 0.32 0.13 0.22 0.25 0.25 0.31 0.01 0.04 0.12
20 100000.00 0.07 0.10 0.13 0.23 0.19 0.11 0.08 0.16 0.05 0.10 0.26 0.05 0.05 0.10 0.05 0.05 0.04 0.12 0.12 0.03 0.05 0.06 0.02 0.06 0.16 0.01 0.02 0.04
21 100000.00 0.14 0.23 0.23 0.08 0.14 0.11 0.08 0.17 0.05 0.26 0.23 0.05 0.05 0.08 0.06 0.16 0.15 0.04 0.05 0.03 0.05 100000.00 0.02 0.14 0.14 100000.00 0.02 0.04
22 100000.00 0.20 0.18 0.18 0.19 0.18 0.16 0.05 0.14 0.14 0.11 0.11 0.19 0.16 0.20 0.11 0.10 100000.00 0.12 0.06 100000.00 0.01 0.05 100000.00 0.04 0.07 100000.00 100000.00 0.07
23 100000.00 0.20 0.20 0.33 0.09 0.08 0.33 0.06 0.20 0.37 0.23 0.23 0.34 0.37 0.44 0.11 0.11 100000.00 100000.00 0.03 0.11 100000.00 0.08 100000.00 0.12 100000.00 0.20 100000.00 0.15
24 100000.00 0.06 0.22 0.34 0.09 0.29 0.20 0.20 0.29 0.25 0.13 0.20 0.20 0.11 0.27 0.03 0.12 0.17 0.05 0.06 0.14 100000.00 100000.00 100000.00 0.04 0.05 0.05 100000.00 100000.00
25 100000.00 0.08 0.14 0.14 0.24 0.14 0.27 0.18 0.20 0.15 0.14 0.11 0.15 0.18 0.26 0.02 0.06 0.05 0.07 0.03 0.06 0.06 0.06 0.06 0.09 0.05 0.09 0.11 0.18
26 100000.00 0.19 0.29 0.65 0.14 0.56 0.60 0.11 0.62 0.32 0.29 0.59 0.17 0.08 0.38 0.13 0.16 0.37 0.04 0.37 0.25 0.06 0.35 0.15 0.08 0.19 0.10 0.04 0.17
27 100000.00 0.09 0.37 0.22 0.28 0.06 0.16 0.07 0.06 0.13 0.12 0.09 0.04 0.26 0.31 0.06 0.13 0.10 0.18 0.04 0.10 0.02 0.03 0.05 0.06 0.06 0.02 0.12 0.16
28 100000.00 0.40 0.42 0.35 0.31 0.33 0.38 0.33 0.14 0.40 0.37 0.42 0.29 0.24 0.35 0.23 0.13 0.19 0.13 0.11 0.14 0.18 0.06 0.15 0.12 0.20 0.11 0.06 0.15
29 100000.00 0.32 0.32 0.08 0.18 0.29 0.18 0.06 0.17 0.11 0.26 0.38 0.27 0.21 0.20 100000.00 0.15 100000.00 100000.00 100000.00 0.08 100000.00 0.08 0.07 0.12 100000.00 0.10 100000.00 0.06
30 100000.00 0.61 0.79 0.25 0.56 0.34 0.25 0.50 0.21 0.53 0.06 0.88 0.22 0.77 0.12 0.14 0.46 0.05 0.32 0.08 0.15 0.26 0.06 0.17 0.04 0.28 0.09 0.33 0.03
31 100000.00 0.70 0.71 0.19 0.04 0.70 0.04 0.54 0.16 0.22 0.31 0.16 0.07 0.10 0.58 100000.00 100000.00 0.13 0.02 0.20 100000.00 100000.00 0.08 0.07 0.17 0.05 0.04 0.05 0.33
32 100000.00 0.35 0.14 0.14 0.06 0.23 0.17 0.21 0.17 0.24 0.14 0.17 0.11 0.11 0.14 0.18 0.08 0.03 0.02 100000.00 100000.00 100000.00 0.06 0.11 0.07 0.04 0.08 0.05 0.06
33 100000.00 0.44 0.20 0.17 0.23 0.23 0.21 0.11 0.38 0.05 0.08 0.20 0.08 0.33 0.38 100000.00 0.05 100000.00 100000.00 100000.00 0.13 100000.00 0.21 0.02 0.02 0.06 0.02 0.08 0.10
34 100000.00 1.33 0.72 0.71 0.24 1.14 0.64 0.83 0.97 0.36 0.53 0.74 0.24 0.61 0.53 0.37 0.22 0.48 0.13 0.51 0.37 0.34 0.26 0.23 0.20 0.19 0.10 0.36 0.32
35 100000.00 0.46 0.84 0.35 0.19 0.86 0.30 0.49 0.12 0.60 0.93 0.58 0.63 0.74 0.14 0.23 0.24 0.20 0.11 0.34 0.20 0.32 0.03 0.23 0.39 0.36 0.25 0.31 0.08
36 100000.00 1.14 1.05 0.22 0.88 0.52 1.22 0.38 0.10 0.14 1.29 0.31 0.88 0.69 0.56 0.50 0.30 0.12 0.43 0.18 0.67 0.26 0.02 0.04 0.37 0.08 0.22 0.44 0.36
37 100000.00 0.25 0.22 0.13 0.14 0.26 0.17 0.14 0.07 0.05 0.16 0.16 0.11 0.14 0.10 0.06 0.05 0.08 0.05 0.18 0.12 0.09 0.04 0.03 0.11 0.08 0.05 0.04 0.03
38 100000.00 0.20 2.56 1.20 0.64 2.38 1.40 1.61 2.38 0.37 2.20 0.17 0.52 0.58 0.57 0.05 1.53 0.28 0.34 1.63 0.39 0.77 1.50 0.25 0.81 0.04 0.15 0.14 0.17
39 100000.00 0.08 0.23 0.26 0.15 0.23 0.17 0.06 0.08 0.18 0.08 0.23 0.09 0.09 0.26 0.02 0.09 0.13 0.08 0.07 0.07 0.04 0.02 0.09 0.05 0.16 0.05 0.03 0.11
40 100000.00 1.02 0.50 0.32 0.26 0.38 0.60 0.42 0.40 0.11 1.14 0.41 0.79 0.79 0.40 0.28 0.30 0.16 0.12 0.13 0.13 0.23 0.10 0.07 0.23 0.28 0.40 0.51 0.24
41 100000.00 1.35 1.39 0.06 0.04 0.76 0.44 0.44 0.06 1.14 0.18 0.88 0.73 0.26 0.36 0.83 0.29 0.03 0.02 0.17 0.27 0.26 0.04 0.72 0.09 0.21 0.28 0.17 0.08
42 100000.00 0.27 0.21 0.21 0.22 0.09 0.09 0.31 0.12 0.15 0.51 0.18 0.06 0.06 0.36 0.17 0.13 100000.00 0.11 100000.00 100000.00 100000.00 0.03 0.04 0.25 100000.00 0.02 0.03 0.14
43 100000.00 0.55 0.52 0.89 0.23 0.22 0.69 0.04 0.16 0.81 0.43 0.34 0.22 0.78 0.31 0.37 0.28 0.33 0.10 0.06 0.29 0.01 0.07 0.32 0.15 0.10 0.08 0.41 0.08
44 100000.00 0.19 0.59 0.53 0.87 1.42 1.45 1.35 0.20 1.49 1.39 1.51 0.77 0.52 0.80 0.08 0.18 0.16 0.20 0.55 0.37 0.43 0.10 0.49 0.45 0.87 0.27 0.23 0.36
45 100000.00 1.82 1.27 1.64 0.52 2.20 1.50 0.30 1.16 1.84 1.70 0.29 1.59 1.12 1.16 0.57 0.64 0.56 0.24 0.97 0.57 0.13 0.79 0.73 0.96 0.19 0.44 0.48 0.53
46 100000.00 0.07 0.20 0.20 0.05 0.07 0.21 0.08 0.13 0.18 0.20 0.20 0.14 0.08 0.07 0.02 100000.00 0.05 0.01 100000.00 0.07 0.03 0.06 0.09 0.04 100000.00 100000.00 0.06 0.04
47 100000.00 0.42 1.02 0.64 0.16 1.24 1.07 0.82 0.30 0.79 1.36 0.43 0.62 0.59 0.64 0.28 100000.00 0.22 100000.00 100000.00 0.24 0.44 100000.00 0.30 0.38 100000.00 100000.00 0.25 100000.00
48 100000.00 0.35 0.36 0.11 0.24 0.14 0.27 0.27 0.39 0.33 0.45 0.33 0.06 0.06 0.17 0.20 0.24 100000.00 100000.00 0.06 100000.00 100000.00 0.10 0.22 0.24 0.19 100000.00 0.03 0.04
49 100000.00 1.11 0.68 1.08 0.51 1.63 0.94 0.29 0.28 0.39 0.32 0.71 0.95 1.13 1.21 0.37 0.29 0.37 0.27 0.56 0.32 0.10 0.12 0.27 0.10 0.22 0.57 0.37 0.36
50 100000.00 0.12 0.98 0.37 0.59 1.16 0.37 0.16 1.10 0.83 0.49 0.58 0.07 0.59 0.12 0.04 0.48 0.14 0.12 0.30 0.08 0.08 0.73 0.48 0.19 0.23 0.02 0.16 0.09
51 100000.00 0.86 0.99 0.44 0.36 0.32 0.29 0.82 0.44 0.64 1.11 0.59 0.42 0.51 0.96 0.58 0.26 0.17 0.13 0.10 0.16 0.43 0.27 0.20 0.63 0.20 0.24 0.18 0.41
52 100000.00 0.07 0.35 0.10 0.20 0.35 0.29 0.20 0.31 0.17 0.25 0.07 0.29 0.17 0.13 100000.00 0.20 100000.00 0.05 0.12 0.12 0.08 0.21 0.04 0.09 0.04 100000.00 0.06 0.08
53 100000.00 0.38 0.45 2.98 0.85 2.71 2.04 0.10 0.99 1.64 0.40 2.03 0.94 0.38 0.45 0.20 0.10 0.68 0.38 1.24 1.38 0.04 0.64 0.95 0.24 0.89 0.61 0.19 0.20
54 100000.00 0.09 0.36 0.25 0.44 0.55 0.44 0.44 0.13 0.12 0.32 0.59 0.16 0.07 0.20 0.06 0.09 0.17 0.09 0.21 0.14 0.26 0.04 0.03 0.11 0.33 0.04 0.02 0.09
55 100000.00 0.18 0.06 0.21 0.18 0.24 0.19 0.12 0.09 0.09 0.15 0.21 0.09 0.12 0.12 100000.00 0.02 100000.00 0.07 0.09 0.08 0.04 0.02 0.06 0.05 0.13 100000.00 0.04 0.08
56 100000.00 0.34 0.13 0.62 0.37 0.52 0.41 0.50 0.59 0.25 0.52 0.55 0.37 0.37 0.48 0.23 0.06 0.14 0.24 0.16 0.18 0.27 0.19 0.05 0.13 0.34 0.15 0.09 0.25
57 100000.00 0.21 0.24 0.31 0.19 0.21 0.25 0.16 0.27 0.12 0.27 0.06 0.13 0.10 0.24 0.09 0.10 0.21 0.06 0.10 0.05 0.08 0.16 0.08 0.09 0.02 0.03 0.06 0.10
58 100000.00 0.43 0.27 0.52 0.48 0.32 0.44 0.76 0.59 0.85 0.64 1.03 0.18 0.30 0.22 0.13 0.19 0.17 0.28 0.21 0.28 0.40 0.39 0.17 0.42 0.62 0.07 0.14 0.14
59 100000.00 0.15 0.09 0.33 0.25 0.24 0.15 0.12 0.45 0.09 0.18 0.30 0.03 0.31 0.21 100000.00 0.03 0.09 100000.00 0.11 0.04 0.07 100000.00 0.02 100000.00 0.20 0.02 0.17 0.11
60 100000.00 0.12 0.06 0.06 0.07 0.06 0.04 0.07 0.09 0.07 0.09 0.12 0.04 0.04 0.12 0.04 0.03 0.04 0.04 0.04 0.01 0.04 0.05 0.03 0.06 0.04 0.02 0.02 0.04
61 100000.00 0.09 0.06 0.12 0.07 0.09 0.10 0.07 0.06 0.07 0.06 0.12 0.10 0.07 0.12 0.04 0.04 0.07 0.03 0.06 0.03 0.02 0.04 0.03 0.01 0.03 0.04 0.05 0.04
62 100000.00 0.27 0.12 0.12 0.07 0.09 0.07 0.04 0.28 0.16 0.22 0.06 0.10 0.19 0.24 0.15 0.07 0.03 0.01 0.06 0.05 0.01 0.08 0.08 0.09 0.04 0.06 0.13 0.14
63 100000.00 0.47 0.32 0.26 0.15 0.53 0.36 0.43 0.17 0.40 0.23 0.33 0.33 0.36 0.54 0.10 0.09 0.18 0.03 0.21 0.11 0.13 0.11 0.17 0.13 0.12 0.09 0.14 0.31
64 100000.00 0.35 0.63 0.89 0.08 0.12 0.60 0.45 0.42 0.31 0.73 0.22 0.08 0.31 0.45 0.19 0.14 0.26 100000.00 0.04 0.20 0.21 0.29 0.15 0.23 100000.00 100000.00 0.10 100000.00
65 100000.00 0.17 0.14 0.17 0.18 0.17 0.15 0.18 0.20 0.15 0.11 0.11 0.09 0.09 0.08 0.11 0.08 0.11 0.06 0.06 0.09 0.06 0.08 0.06 0.05 0.06 0.04 0.04 0.04
66 100000.00 0.52 0.09 0.52 0.31 0.15 0.28 0.41 0.43 0.40 0.18 0.37 0.09 0.28 0.18 0.18 0.05 0.12 0.21 0.05 0.10 0.21 0.25 0.09 0.06 0.22 0.06 0.12 0.04
67 100000.00 0.35 0.26 0.20 0.24 0.08 0.24 0.09 0.23 0.24 0.08 0.11 0.21 0.08 0.11 0.11 0.14 0.04 0.10 0.02 0.09 0.05 0.08 0.13 0.03 0.07 0.12 0.04 0.04
68 100000.00 0.23 0.21 0.32 0.21 0.14 0.23 0.17 0.11 0.17 0.09 0.32 0.26 0.26 0.11 0.14 100000.00 0.07 0.06 0.04 0.07 0.10 0.04 0.09 0.03 0.08 0.11 0.16 0.04
69 100000.00 0.85 0.55 0.82 0.03 0.12 0.16 0.40 0.70 0.16 0.76 0.55 0.12 0.50 0.76 0.45 0.36 0.17 0.02 0.04 0.05 0.10 0.43 0.07 0.21 0.11 0.05 100000.00 0.30
70 100000.00 0.34 0.34 0.13 0.11 0.10 0.14 0.20 0.19 0.17 0.22 0.07 0.23 0.08 0.16 0.17 0.12 0.03 0.02 0.02 0.04 0.09 0.11 0.04 0.08 0.03 0.11 0.04 0.05
71 100000.00 1.36 1.42 0.38 0.42 3.66 1.22 1.16 2.90 0.51 2.53 2.53 2.35 1.13 2.56 0.38 0.76 0.22 0.13 1.00 0.33 0.66 0.64 100000.00 1.68 100000.00 0.48 0.60 100000.00
72 100000.00 0.70 0.37 0.22 0.56 0.22 0.04 0.13 0.37 0.28 0.64 0.15 0.44 0.38 0.06 0.43 0.12 0.07 100000.00 0.12 0.01 0.08 0.08 100000.00 100000.00 0.09 0.22 0.26 100000.00
73 100000.00 0.30 0.58 0.61 0.16 1.00 0.13 0.66 0.94 0.89 0.12 0.18 0.62 0.31 0.09 0.06 0.19 0.23 0.04 0.26 0.06 0.34 0.43 0.29 0.05 0.10 0.25 0.15 0.02
74 100000.00 1.33 0.38 1.30 0.95 0.83 0.24 0.17 0.41 0.46 1.27 1.39 0.15 0.93 1.21 0.75 0.19 0.91 0.53 0.26 0.14 0.11 0.12 0.27 0.57 0.44 0.08 0.60 0.84
75 100000.00 0.97 2.08 2.06 0.96 1.40 1.75 1.75 2.20 0.78 1.25 2.17 1.15 0.18 0.72 100000.00 100000.00 1.16 100000.00 100000.00 1.22 100000.00 0.83 0.38 0.35 100000.00 0.28 0.08 100000.00
76 100000.00 0.15 0.06 0.06 0.13 0.13 0.16 0.07 0.16 0.04 0.09 0.19 0.13 0.13 0.09 0.09 0.02 0.04 0.07 0.05 0.07 0.04 0.06 0.02 0.02 0.04 0.08 0.06 0.06
77 100000.00 0.39 0.58 0.63 0.34 0.79 0.12 0.40 0.24 0.09 0.51 0.45 0.50 0.18 0.54 0.25 0.32 0.26 0.11 0.51 0.03 0.15 0.10 0.03 0.34 0.25 0.26 0.04 0.23
78 100000.00 0.13 0.22 0.15 0.11 0.06 0.09 0.16 0.08 0.06 0.13 0.15 0.06 0.11 0.06 100000.00 0.12 0.09 0.03 0.01 100000.00 0.05 0.05 100000.00 0.03 100000.00 100000.00 100000.00 0.02
79 100000.00 4.86 8.47 1.25 5.92 3.25 1.97 6.25 7.87 4.36 6.22 5.86 6.20 3.71 1.74 1.21 4.25 0.46 2.58 100000.00 0.89 2.67 4.96 1.05 100000.00 2.26 2.43 1.71 100000.00
80 100000.00 0.20 0.14 0.20 0.14 0.11 0.15 0.17 0.11 0.14 0.17 0.08 0.11 0.12 0.08 0.08 0.04 0.07 100000.00 0.04 100000.00 0.09 0.06 0.09 0.09 0.03 0.05 0.03 0.04
81 100000.00 0.12 0.77 0.06 0.04 0.09 0.07 0.41 0.12 0.04 0.06 0.70 0.44 0.38 0.34 0.08 0.22 0.03 0.02 0.04 0.04 0.15 0.06 0.01 0.04 0.29 0.09 0.21 0.21
82 100000.00 0.35 0.23 0.23 0.14 0.16 0.08 0.14 0.07 0.08 0.07 0.16 0.23 0.08 0.29 100000.00 0.15 100000.00 0.10 0.11 0.04 100000.00 0.03 0.02 0.02 0.04 0.13 0.03 0.18
83 100000.00 0.50 0.35 0.11 0.15 0.17 0.33 0.54 0.35 0.49 0.69 0.68 0.21 0.06 0.20 0.23 0.19 0.07 0.10 0.05 0.07 0.19 0.20 0.18 0.22 0.31 0.14 0.02 0.11
84 100000.00 0.19 0.38 0.56 0.10 0.51 0.22 0.33 0.10 0.10 0.21 0.26 0.29 0.22 0.44 0.11 0.17 0.16 100000.00 100000.00 100000.00 100000.00 100000.00 0.05 0.08 0.09 0.08 100000.00 0.21
85 100000.00 0.23 0.42 0.48 0.43 0.39 0.12 0.37 0.54 0.33 0.11 0.17 0.27 0.18 0.30 0.07 0.16 0.28 0.12 0.27 0.06 0.15 0.27 0.16 0.04 0.11 0.14 0.10 0.17
86 100000.00 0.07 0.19 0.25 0.35 0.10 0.26 0.13 0.40 0.32 0.68 0.53 0.23 0.54 0.68 0.03 0.11 0.16 0.11 0.03 0.16 0.07 0.17 0.08 0.24 0.23 0.06 0.15 0.47
87 100000.00 1.09 0.16 0.83 0.05 1.27 0.60 0.98 1.36 0.36 1.24 0.50 0.27 0.17 0.74 0.42 0.04 0.44 0.01 0.30 0.39 0.51 0.30 0.19 0.52 0.11 0.14 0.08 0.34
88 100000.00 0.38 0.72 0.08 0.33 0.14 0.43 0.48 0.71 0.15 0.08 0.38 0.58 0.36 0.44 0.17 0.47 0.02 0.22 0.05 0.29 0.21 0.23 0.03 0.05 0.23 0.25 0.25 0.11
89 100000.00 0.21 0.19 0.40 0.04 0.09 0.04 0.07 0.06 0.25 0.19 0.25 0.16 0.16 0.21 0.11 0.09 0.28 0.03 0.03 0.02 0.04 0.02 0.06 0.08 0.10 0.06 0.06 0.08
90 100000.00 0.42 0.38 0.35 0.33 0.44 0.29 0.22 0.44 0.03 0.17 0.12 0.31 0.33 0.33 0.11 0.24 0.20 0.23 0.24 0.12 0.09 0.11 0.01 0.06 0.03 0.20 0.19 0.15
91 100000.00 0.19 1.85 2.01 0.38 2.04 1.43 2.24 1.31 0.33 1.76 1.90 1.92 0.67 0.63 0.08 100000.00 100000.00 0.17 100000.00 0.53 0.77 100000.00 100000.00 100000.00 0.63 100000.00 0.22 0.33
92 100000.00 0.49 0.74 0.22 0.75 1.02 0.83 0.78 0.37 0.50 0.31 0.43 0.56 0.13 0.98 0.11 0.50 0.06 0.38 0.41 0.41 0.36 0.22 0.27 0.14 0.15 0.25 0.03 0.24
93 100000.00 0.46 0.25 0.20 0.28 0.37 0.37 0.30 0.09 0.44 0.27 0.57 0.19 0.23 0.41 0.28 100000.00 100000.00 0.15 0.20 100000.00 0.09 100000.00 100000.00 0.10 100000.00 0.04 0.10 0.25
94 100000.00 0.12 0.09 0.34 0.25 1.27 0.31 0.65 0.55 0.56 0.52 1.18 0.59 0.47 0.67 100000.00 0.04 0.20 0.09 100000.00 100000.00 0.30 100000.00 100000.00 100000.00 0.75 0.37 0.11 0.38
95 100000.00 0.23 0.66 0.45 0.08 0.36 0.49 0.36 0.38 0.46 0.66 0.57 0.08 0.45 0.17 0.14 0.13 0.23 0.03 0.20 0.33 0.22 0.11 0.10 0.17 0.22 0.04 0.12 0.10
96 100000.00 0.37 0.83 0.22 0.20 1.10 0.54 0.14 0.83 0.63 0.47 0.77 0.14 0.26 0.86 0.12 0.55 0.08 0.14 0.58 0.34 0.08 0.36 0.22 0.16 0.24 0.07 0.18 0.28
97 100000.00 0.28 0.37 0.13 0.20 0.28 0.50 0.45 0.34 0.42 0.16 0.41 0.10 0.17 0.10 0.19 0.15 0.06 0.08 0.14 0.30 0.12 0.23 0.28 0.11 0.15 0.03 0.09 0.06
98 100000.00 0.19 0.74 0.10 0.07 0.80 0.81 0.53 0.43 0.59 0.13 0.59 0.56 0.14 0.46 0.05 0.36 0.04 0.04 0.19 0.36 0.19 0.20 0.22 0.06 0.20 0.16 0.08 0.23
99 100000.00 0.37 0.86 0.22 1.19 0.74 0.91 1.00 1.10 0.97 1.68 1.32 0.05 1.28 1.29 0.14 0.21 0.07 0.51 0.51 0.31 0.40 0.48 0.62 0.81 0.49 0.02 0.70 0.45
100 100000.00 0.45 1.16 0.24 0.15 0.36 0.52 0.27 0.66 0.22 0.21 1.01 0.15 0.34 1.22 0.23 0.38 0.14 0.08 0.23 0.21 0.11 0.23 0.06 0.12 0.41 0.08 0.13 0.66
101 100000.00 0.48 0.45 0.79 0.75 0.24 0.68 0.27 0.39 0.58 0.12 0.69 0.56 0.46 0.82 0.15 0.26 0.44 0.45 0.06 0.35 0.08 0.16 0.25 0.04 0.33 0.39 0.22 0.26
102 100000.00 0.35 0.14 0.36 0.65 0.81 0.24 0.37 0.48 0.37 0.17 0.39 0.06 0.06 0.11 0.08 0.05 0.08 0.18 0.24 0.17 0.20 0.25 0.09 0.11 0.16 0.03 0.03 0.05
103 100000.00 0.35 0.13 0.20 0.33 0.41 0.18 0.30 0.41 0.24 0.35 0.13 0.11 0.24 0.13 100000.00 0.03 0.09 100000.00 100000.00 100000.00 100000.00 100000.00 0.09 100000.00 100000.00 100000.00 100000.00 100000.00
104 100000.00 0.53 1.01 0.48 0.24 0.78 0.48 0.18 0.47 0.33 0.98 1.04 0.64 0.87 1.25 0.12 0.54 0.20 0.10 0.45 0.30 0.07 0.31 0.22 0.35 0.55 0.34 0.36 0.68
105 100000.00 1.87 0.51 1.84 1.24 1.34 0.24 1.12 0.51 1.41 0.24 1.58 0.15 0.93 1.16 0.45 0.35 1.02 0.52 0.58 0.06 0.58 0.32 0.44 0.12 0.36 0.08 0.59 0.25
106 100000.00 0.82 0.58 0.79 0.50 0.21 0.03 0.53 0.36 0.53 0.79 0.55 0.53 0.52 0.51 0.23 0.29 0.21 0.17 0.13 0.02 0.12 0.20 0.18 0.32 0.36 0.15 0.33 0.15
107 100000.00 0.09 0.15 0.28 0.22 0.19 0.16 0.16 0.25 0.19 0.28 0.12 0.19 0.07 0.28 100000.00 100000.00 0.17 0.06 0.10 0.08 0.10 0.13 0.13 100000.00 100000.00 0.10 0.02 0.08
108 100000.00 7.70 1.56 5.19 4.26 6.00 4.25 0.07 4.32 6.80 2.17 6.63 5.73 6.08 5.28 100000.00 0.54 2.64 2.61 3.18 100000.00 0.02 100000.00 2.08 0.91 2.03 2.55 1.23 1.27
109 100000.00 1.19 0.80 0.10 0.66 0.16 1.02 0.69 0.83 0.93 0.96 0.49 0.32 0.65 1.17 0.73 0.44 0.06 0.24 0.06 0.67 0.41 0.29 0.50 0.32 0.17 0.09 0.31 0.75
110 100000.00 1.13 0.57 0.23 0.78 1.13 0.09 0.87 0.08 0.52 0.84 0.75 0.40 0.94 0.20 100000.00 100000.00 0.16 100000.00 0.58 0.03 100000.00 100000.00 0.27 100000.00 100000.00 0.14 100000.00 0.05
111 100000.00 0.65 0.59 0.16 0.08 0.41 0.51 0.26 0.74 0.39 0.19 0.41 0.51 0.48 0.38 0.14 0.40 0.05 0.06 100000.00 0.27 0.10 100000.00 0.15 100000.00 0.18 0.26 0.27 0.15
112 100000.00 4.49 4.96 2.39 3.04 2.54 3.62 3.65 1.56 1.18 4.21 2.00 3.04 0.09 0.29 1.92 2.79 0.66 1.63 100000.00 0.85 100000.00 100000.00 0.68 100000.00 1.15 1.22 100000.00 0.12
113 100000.00 0.12 0.31 0.31 0.04 0.28 0.12 0.19 0.37 0.25 0.21 0.31 0.28 0.04 0.31 0.04 100000.00 0.08 0.02 0.08 0.03 0.04 0.08 100000.00 0.13 0.18 0.16 0.01 0.08
114 100000.00 0.55 0.19 0.61 0.32 0.43 0.28 0.41 0.09 0.07 0.43 0.55 0.41 0.10 0.09 0.25 0.09 0.19 0.15 0.20 0.09 0.11 0.02 0.04 0.23 0.13 0.08 0.04 0.06
115 100000.00 0.13 0.24 0.27 0.22 0.27 0.13 0.22 0.27 0.25 0.29 0.20 0.20 0.06 0.17 0.03 0.11 0.16 0.05 0.08 0.03 0.14 0.06 0.10 0.14 0.07 0.11 0.02 0.08
116 100000.00 0.36 0.49 0.33 0.41 0.27 0.15 0.09 0.93 0.49 0.12 0.73 0.73 0.06 0.93 0.13 100000.00 0.11 0.10 0.10 100000.00 0.05 100000.00 0.23 100000.00 0.16 100000.00 100000.00 0.26
117 100000.00 0.05 0.66 0.69 0.03 0.51 0.06 0.21 0.05 0.64 1.00 0.27 0.46 0.58 0.27 0.02 100000.00 0.19 100000.00 100000.00 100000.00 0.13 0.01 100000.00 0.33 100000.00 0.21 100000.00 0.11
118 100000.00 0.61 0.50 0.10 0.26 0.55 0.10 0.66 0.37 0.20 0.74 0.70 0.42 0.20 0.07 0.23 0.31 0.04 0.18 0.32 0.04 0.19 0.13 0.14 0.27 0.32 0.27 0.07 0.02
119 100000.00 0.86 1.29 1.11 1.20 1.44 0.05 0.86 0.41 0.57 0.62 0.13 0.23 0.11 0.38 0.33 0.33 0.75 0.53 0.72 0.01 0.56 0.14 0.36 0.23 0.08 0.12 0.03 0.14
120 100000.00 0.36 0.56 0.36 0.27 0.79 0.50 0.13 0.17 0.38 0.56 0.40 0.38 0.24 0.31 0.18 0.12 0.23 0.09 0.33 0.15 0.03 0.12 0.22 0.35 0.23 0.09 0.12 0.10
121 100000.00 0.22 0.52 0.83 0.16 0.89 0.62 0.13 0.52 0.59 0.86 1.04 0.22 0.32 0.49 0.07 0.17 0.26 0.08 0.43 0.22 0.07 0.12 0.19 0.26 0.51 0.14 0.21 0.10
122 100000.00 0.28 0.40 0.76 0.60 0.46 0.32 0.40 0.61 0.44 0.31 0.52 0.13 0.59 0.40 0.14 100000.00 100000.00 0.34 0.24 100000.00 0.22 100000.00 0.30 0.11 100000.00 100000.00 0.24 0.20
123 100000.00 0.54 0.30 0.30 0.46 0.57 0.25 0.43 0.42 0.31 0.27 0.18 0.31 0.37 0.58 0.23 0.08 0.10 0.16 0.34 0.10 0.13 0.13 0.09 0.17 0.08 0.17 0.21 0.37
124 100000.00 0.45 0.27 0.24 0.34 0.37 0.15 0.03 0.39 0.09 0.06 0.27 0.16 0.22 0.15 0.16 0.14 0.08 0.12 0.09 0.08 0.01 0.12 0.03 0.03 0.09 0.04 0.10 0.08
125 100000.00 0.28 0.31 0.13 0.14 0.13 0.26 0.17 0.28 0.17 0.59 0.56 0.26 0.11 0.25 0.12 0.18 100000.00 0.08 100000.00 0.07 100000.00 0.07 100000.00 100000.00 100000.00 0.06 100000.00 100000.00
126 100000.00 1.08 0.48 0.81 0.67 1.62 1.00 1.07 0.54 0.61 1.44 0.23 1.13 1.01 0.69 0.62 0.23 0.31 0.16 1.06 0.52 100000.00 0.22 100000.00 100000.00 0.08 100000.00 0.60 0.34
127 100000.00 0.12 0.43 1.39 0.13 0.82 0.95 0.79 1.24 0.98 0.73 0.25 0.13 0.29 0.79 0.06 0.29 0.77 0.04 0.33 0.37 0.32 0.52 0.53 0.50 0.08 0.09 0.11 0.51
128 100000.00 0.28 0.22 0.28 0.19 0.10 0.10 0.13 0.28 0.10 0.22 0.19 0.16 0.04 0.13 0.19 0.05 0.17 0.07 0.04 0.03 0.04 0.15 0.03 0.09 0.04 0.09 0.01 0.05
129 100000.00 0.20 0.26 0.36 0.15 0.08 0.30 0.12 0.17 0.12 0.32 0.17 0.18 0.06 0.11 0.13 0.14 0.25 0.06 0.04 0.07 0.07 0.07 0.05 0.18 0.05 0.09 0.02 0.05
130 100000.00 0.19 0.77 0.52 0.50 0.47 0.44 0.50 0.65 0.51 0.28 0.59 0.29 0.60 0.65 0.10 0.50 0.22 0.23 0.28 0.28 0.34 0.43 0.35 0.07 0.34 0.14 0.31 0.44
131 100000.00 0.06 0.09 0.31 0.13 0.28 0.40 0.34 0.09 0.22 0.52 0.34 0.41 0.31 0.27 0.04 0.05 0.10 0.06 0.07 0.26 0.17 0.05 0.16 0.26 0.09 0.28 0.19 0.06
132 100000.00 0.49 0.34 0.71 0.47 0.19 0.66 0.16 0.96 0.60 0.59 0.83 0.85 0.79 1.17 0.33 0.08 0.43 0.14 0.10 0.38 0.06 0.27 0.17 0.24 0.53 0.48 0.24 0.30
133 100000.00 0.57 0.67 0.24 0.46 0.12 0.52 0.46 0.64 0.25 0.18 0.12 0.28 0.43 0.61 0.25 0.34 0.07 0.19 0.07 0.11 0.26 0.29 0.11 0.04 0.03 0.16 0.22 0.36
134 100000.00 0.14 0.33 0.07 0.21 0.51 0.15 0.26 0.14 0.05 0.19 0.07 0.12 0.40 0.21 0.09 0.22 0.02 0.11 0.12 0.10 0.07 0.03 0.03 0.09 0.03 0.04 0.09 0.05
135 100000.00 0.12 0.18 1.20 0.12 1.42 0.91 1.00 0.42 0.41 0.64 1.27 0.56 1.13 1.02 0.07 100000.00 0.67 0.03 100000.00 100000.00 100000.00 0.10 100000.00 0.24 0.65 0.15 0.27 0.45
136 100000.00 1.62 1.75 1.32 1.13 1.80 0.15 0.91 2.13 1.37 0.45 0.45 0.94 1.67 0.57 1.12 100000.00 0.66 0.60 100000.00 100000.00 0.38 100000.00 0.44 0.19 0.14 100000.00 0.67 0.19
137 100000.00 0.40 0.06 0.06 0.08 0.11 0.31 0.40 0.45 0.06 0.50 0.40 0.17 0.04 0.27 100000.00 0.04 0.04 0.04 100000.00 0.16 0.22 100000.00 100000.00 100000.00 0.14 0.06 0.01 0.18
138 100000.00 0.10 0.37 0.10 0.23 0.19 0.14 0.29 0.37 0.23 0.10 0.25 0.32 0.23 0.31 0.05 0.08 0.06 0.05 0.12 0.07 0.07 0.12 0.07 0.04 0.08 0.14 0.07 0.07
139 100000.00 0.40 0.52 1.12 0.10 0.79 0.77 0.47 0.73 0.29 0.77 0.79 0.26 0.14 0.19 0.24 0.20 0.50 0.02 0.16 0.22 0.29 0.36 0.16 0.18 0.45 0.05 0.08 0.08
140 100000.00 0.29 0.27 0.24 0.09 0.60 0.40 0.12 0.54 0.15 0.36 0.27 0.18 0.49 0.08 0.14 0.08 0.14 0.05 0.38 0.23 0.05 0.12 0.03 0.14 0.10 0.10 0.21 0.02
141 100000.00 0.17 0.15 3.64 1.94 1.29 2.66 0.22 0.74 1.64 0.38 3.45 2.22 0.74 2.24 0.04 0.05 0.95 0.72 0.70 0.78 0.15 0.25 0.99 0.23 1.41 0.78 0.31 1.22
142 100000.00 3.35 1.98 3.32 1.72 2.41 1.96 2.12 2.56 3.52 3.90 3.53 3.56 1.97 4.84 2.07 0.84 1.05 1.19 0.75 0.69 1.24 1.52 0.80 1.42 1.04 1.51 1.03 2.26
143 100000.00 0.84 0.20 1.10 1.64 0.75 0.30 1.03 1.71 1.12 1.62 0.75 1.51 1.25 0.69 0.41 0.06 0.66 0.66 0.49 0.10 0.30 1.12 0.66 0.75 0.36 0.87 0.50 0.27
144 100000.00 0.74 4.31 4.04 0.67 0.26 3.05 0.35 3.87 2.65 3.23 4.04 2.27 1.19 1.48 0.34 1.61 2.62 0.28 0.17 1.81 0.20 2.54 1.49 1.06 2.59 1.25 0.31 0.79
145 100000.00 1.33 0.92 3.29 1.57 1.36 1.10 0.94 1.74 1.77 1.12 2.15 1.48 1.62 2.51 100000.00 0.33 0.93 0.45 100000.00 100000.00 0.31 100000.00 0.85 0.55 0.77 100000.00 1.13 100000.00
146 100000.00 1.94 0.29 1.90 1.26 1.20 1.67 1.35 0.41 0.60 0.29 1.63 1.48 1.52 2.15 1.12 0.06 1.08 0.45 0.51 0.90 0.47 0.27 0.39 0.12 0.77 0.94 0.61 1.28
147 100000.00 0.65 1.14 2.22 0.10 2.28 0.60 0.14 2.37 0.35 0.74 1.45 1.53 1.94 1.18 0.32 0.53 0.79 100000.00 100000.00 100000.00 0.07 100000.00 0.15 0.20 0.81 0.72 0.51 0.57
148 100000.00 1.05 1.60 0.35 0.77 1.95 1.03 0.05 0.33 0.03 1.35 0.78 0.03 0.77 1.60 0.24 0.44 0.09 0.30 0.53 0.32 0.03 0.09 0.01 0.80 0.45 0.01 0.41 0.91
<task rigidity>
1 7
2 1
3 4
4 6
5 1
6 2
7 5
8 3
9 5
10 8
11 2
12 3
13 9
14 3
15 2
16 6
17 1
18 4
19 10
20 3
21 1
22 2
23 3
24 9
25 1
26 7
27 5
28 6
29 10
30 1
31 9
32 10
33 1
34 2
35 7
36 6
37 8
38 10
39 7
40 5
41 6
42 3
43 7
44 2
45 3
46 2
47 6
48 6
49 9
50 7
51 7
52 1
53 9
54 2
55 3
56 10
57 8
58 10
59 6
60 7
61 3
62 3
63 1
64 8
65 3
66 1
67 2
68 2
69 8
70 7
71 6
72 2
73 3
74 5
75 4
76 8
77 2
78 4
79 1
80 7
81 7
82 5
83 5
84 3
85 8
86 7
87 1
88 2
89 5
90 2
91 3
92 6
93 10
94 7
95 1
96 1
97 6
98 8
99 3
100 5
101 10
102 2
103 4
104 5
105 4
106 2
107 2
108 4
109 2
110 4
111 2
112 4
113 6
114 4
115 6
116 9
117 10
118 2
119 5
120 2
121 4
122 8
123 1
124 5
125 4
126 4
127 1
128 9
129 8
130 4
131 1
132 10
133 2
134 1
135 3
136 5
137 7
138 6
139 10
140 1
141 5
142 8
143 8
144 9
145 2
146 3
147 10
148 1
<precedence relations>
1,5
1,6
1,7
1,8
2,3
3,4
3,5
3,6
3,7
4,8
5,14
6,9
7,14
8,10
9,14
10,14
11,12
12,13
14,15
14,16
15,17
16,17
17,18
17,19
18,20
19,20
20,21
20,22
20,23
20,24
21,25
21,26
21,27
21,28
22,25
22,26
22,27
22,28
23,25
23,26
23,27
23,28
24,25
24,26
24,27
24,28
25,29
26,29
27,29
28,29
29,31
31,36
32,34
33,35
34,36
35,36
36,37
37,38
37,45
38,39
39,40
40,41
40,48
40,54
42,43
43,44
45,46
46,47
47,48
47,49
47,54
50,51
51,53
51,69
52,53
54,55
54,72
54,76
54,89
54,90
55,133
56,73
57,82
58,86
58,88
59,75
59,89
61,62
62,63
63,67
64,65
64,71
64,72
65,66
65,99
66,67
67,68
68,95
68,98
69,79
70,71
72,134
73,86
73,88
73,89
73,90
73,96
74,75
75,90
75,97
76,77
77,78
78,82
79,80
79,85
79,143
79,146
80,81
81,82
82,83
83,84
84,106
86,87
90,111
91,105
92,135
95,101
96,104
98,101
99,100
100,101
101,102
101,103
102,127
103,127
105,119
106,107
107,108
108,109
109,110
111,112
112,113
113,114
113,116
113,120
113,123
113,128
114,115
115,125
116,117
117,118
118,126
120,121
121,122
122,126
123,124
124,125
128,129
129,130
130,131
130,137
132,135
133,135
134,135
135,136
138,139
139,140
141,142
142,143
142,146
142,147
142,148
144,145
145,147
145,148
<end>