<number of tasks>
148
<number of stations>
11
<number of workers>
11
<type of the robots>
1
<limit of the robots>
3
<task times>
1 22 6 12 13 6 7 14 12 12 10 3 5 4 9 9 5 5 9 8 8 7 2 4
2 42 30 15 4 19 21 11 22 18 30 4 7 20 11 3 13 13 7 14 13 20 3 5
3 9 1 2 5 3 6 4 5 1 6 2 7 1 2 4 3 5 3 4 1 5 2 5
4 62 41 17 23 16 12 28 30 41 14 45 40 28 11 16 11 9 18 20 27 10 32 27
5 100000 11 13 23 23 28 26 14 10 11 27 17 7 100000 100000 100000 18 17 9 7 100000 18 11
6 100000 8 8 2 2 3 3 6 5 1 3 2 5 6 2 100000 2 2 4 4 1 3 100000
7 53 35 14 12 12 34 7 35 34 22 37 4 24 9 8 8 22 5 24 21 14 25 3
8 51 28 4 18 23 23 6 6 29 19 12 33 18 3 12 15 16 4 4 20 13 9 23
9 100000 5 12 25 22 6 25 29 2 20 23 28 4 100000 17 100000 100000 100000 100000 2 14 16 100000
10 38 22 14 11 21 26 2 19 7 26 17 17 14 10 7 15 17 2 12 5 18 12 11
11 23 15 8 7 17 13 17 2 16 8 11 4 10 6 5 12 9 12 2 11 6 8 3
12 14 1 8 4 5 3 4 9 3 10 9 8 1 6 3 4 3 3 6 3 7 6 5
13 43 9 25 14 11 31 7 2 5 26 24 25 7 16 10 8 21 5 2 4 18 16 17
14 100000 6 5 12 13 7 10 4 14 9 15 8 100000 4 8 9 100000 100000 3 9 7 10 6
15 74 28 27 42 25 27 6 39 4 32 11 35 19 17 27 18 17 4 25 3 23 7 24
16 68 37 23 6 18 11 49 19 36 33 18 40 25 15 4 12 8 31 13 23 22 12 26
17 10 2 6 4 4 3 1 6 6 1 4 2 2 5 3 3 2 1 4 4 1 3 2
18 100000 7 12 19 17 4 19 20 4 8 5 8 5 8 13 11 100000 13 13 3 5 100000 5
19 100000 15 6 18 18 14 12 24 22 19 22 6 10 5 11 12 100000 8 100000 16 12 100000 4
20 100000 3 3 5 2 1 5 5 5 6 2 7 2 100000 4 2 1 4 4 4 4 2 100000
21 9 2 5 2 7 5 1 2 6 5 3 1 2 4 2 5 4 1 2 5 4 3 1
22 10 4 8 2 8 4 2 4 5 3 1 2 3 6 2 6 3 2 3 4 2 1 2
23 100000 7 14 5 2 6 11 5 1 10 8 10 100000 9 100000 100000 5 7 100000 1 7 100000 7
24 100000 13 10 1 11 1 10 5 5 13 3 4 100000 7 1 8 100000 100000 4 4 8 2 3
25 14 3 10 6 2 10 10 3 3 1 3 10 3 7 4 2 7 7 2 3 1 2 7
26 100000 12 16 4 17 25 11 2 11 16 8 21 8 11 100000 11 18 100000 100000 8 11 6 14
27 14 2 7 9 2 1 5 11 11 4 1 1 2 5 6 2 1 4 8 8 3 1 1
28 35 21 3 23 19 23 15 6 6 20 21 5 15 2 16 13 15 10 4 5 13 14 4
29 15 3 6 11 10 1 3 10 11 7 6 3 2 4 7 7 1 2 7 8 5 4 2
30 37 14 5 23 3 28 9 5 6 26 16 19 10 4 15 2 18 6 4 5 18 11 12
31 35 3 9 19 22 4 12 17 16 8 18 25 3 6 13 14 3 8 12 10 6 12 16
32 14 3 6 8 9 10 2 5 10 7 8 4 2 5 5 6 7 2 4 7 5 6 3
33 100000 13 13 10 10 4 8 12 14 10 12 8 100000 100000 7 7 100000 5 8 100000 7 9 6
34 53 13 13 41 4 11 8 36 32 31 29 28 9 9 26 3 8 6 26 20 21 20 18
35 100000 40 26 19 22 19 17 36 11 38 30 24 100000 17 100000 100000 13 12 100000 7 24 19 17
36 100000 26 8 44 30 11 18 38 29 43 43 34 16 100000 31 100000 8 13 26 100000 27 26 23
37 9 3 1 2 7 7 4 4 7 1 7 2 3 1 2 5 5 3 3 5 1 5 2
38 100000 49 47 32 37 52 24 7 71 25 34 73 31 29 100000 100000 33 17 100000 50 17 22 45
39 9 7 5 7 6 5 4 1 1 7 1 1 5 4 5 5 4 3 1 1 5 1 1
40 53 16 1 29 8 23 36 22 11 16 41 40 11 1 20 6 15 25 15 8 11 26 25
41 62 1 47 32 30 37 41 26 34 3 9 45 1 29 22 20 23 28 17 24 3 6 31
42 22 15 16 6 7 10 16 11 5 10 6 2 10 11 5 5 7 10 8 4 7 5 2
43 100000 28 4 2 24 4 1 23 17 1 20 30 20 3 2 100000 100000 1 16 12 1 14 100000
44 92 46 24 47 3 29 59 56 26 32 12 29 29 16 31 2 20 36 36 18 22 8 19
45 100000 1 53 16 11 19 63 72 8 55 66 45 1 100000 11 7 13 44 44 6 35 44 31
46 9 4 1 4 1 2 5 2 4 7 2 4 3 1 3 1 2 4 2 3 5 2 3
47 53 3 25 1 18 24 29 22 1 23 7 2 2 16 1 12 16 18 15 1 16 5 2
48 100000 10 8 9 10 13 8 3 10 11 11 3 7 6 100000 7 9 100000 2 7 100000 100000 100000
49 64 27 31 29 23 30 26 34 14 25 32 29 17 20 20 14 20 17 23 10 17 22 19
50 43 9 25 5 23 6 30 12 17 23 23 15 6 17 4 16 4 21 8 11 15 17 10
51 45 26 33 31 6 20 10 20 11 25 17 16 17 23 19 5 13 7 14 8 17 11 12
52 14 1 2 4 7 6 2 3 11 4 6 5 1 2 3 5 5 2 3 8 3 4 4
53 100000 107 60 28 98 96 81 94 60 96 55 97 72 41 20 61 64 56 63 100000 59 100000 62
54 100000 20 24 9 21 14 23 2 16 1 12 20 13 17 7 14 9 16 2 11 100000 100000 13
55 9 4 4 5 4 2 2 4 3 5 1 7 3 3 4 3 2 2 3 2 4 1 5
56 100000 14 14 18 19 3 7 12 18 20 21 17 10 9 13 13 2 5 100000 100000 100000 15 11
57 100000 2 3 3 12 8 11 5 7 4 7 1 100000 2 3 100000 100000 8 4 100000 100000 100000 1
58 72 12 28 7 16 31 48 43 41 28 45 37 8 19 5 11 21 32 27 28 18 32 24
59 100000 6 6 4 9 2 9 9 14 7 6 7 4 5 3 100000 100000 7 6 9 100000 5 5
60 100000 2 1 1 3 1 2 1 3 1 2 3 100000 1 1 100000 1 100000 1 2 1 2 100000
61 100000 2 3 1 1 2 2 1 3 3 3 1 2 3 1 100000 2 2 1 3 2 2 1
62 11 6 5 4 1 1 5 1 6 4 8 3 4 4 3 1 1 4 1 4 3 6 2
63 100000 4 12 13 10 8 13 4 6 3 13 4 3 8 100000 7 100000 100000 3 4 2 9 100000
64 100000 33 20 15 8 6 32 19 8 19 22 1 23 13 100000 6 4 22 100000 100000 12 14 100000
65 100000 7 5 3 3 7 3 6 2 8 1 1 5 4 3 2 5 3 4 100000 6 1 1
66 25 8 16 10 18 2 18 9 15 18 12 10 6 10 7 13 2 12 6 10 12 9 7
67 100000 10 2 7 6 7 2 4 10 4 1 8 100000 100000 5 4 5 2 3 7 3 1 6
68 100000 1 13 13 4 5 9 6 10 11 3 4 1 10 100000 3 4 7 4 7 8 2 100000
69 100000 13 28 25 1 19 21 3 7 23 20 28 9 18 100000 100000 13 100000 3 5 100000 13 20
70 100000 4 6 3 5 8 4 7 8 1 6 7 3 100000 3 100000 6 3 100000 100000 1 4 100000
71 153 83 70 52 83 66 110 103 106 91 82 56 55 48 33 52 44 73 65 72 60 52 39
72 100000 18 5 16 19 13 16 2 8 15 1 1 12 4 100000 100000 8 11 2 100000 11 1 1
73 55 27 38 32 28 30 28 37 39 36 9 33 18 25 22 19 21 20 23 26 23 6 22
74 53 12 33 29 9 18 2 3 33 5 13 19 8 21 20 7 12 2 3 22 4 9 13
75 133 82 50 64 98 9 68 55 19 11 19 44 55 32 40 65 6 42 37 13 8 14 27
76 100000 1 5 2 1 5 4 4 3 4 3 3 1 100000 2 1 100000 3 3 2 3 2 2
77 100000 6 21 18 14 28 3 19 9 9 7 14 100000 14 13 10 18 2 14 7 100000 5 10
78 11 4 1 7 4 4 1 5 8 5 7 5 3 1 5 3 3 1 4 6 4 5 4
79 365 135 175 154 223 122 140 79 126 207 227 252 90 111 102 143 74 88 50 80 128 148 169
80 9 6 5 2 1 1 1 6 1 1 7 2 4 4 2 1 1 1 5 1 1 5 2
81 100000 15 6 19 3 3 18 15 12 16 2 5 10 4 14 3 3 12 11 100000 11 2 4
82 100000 4 9 10 1 10 3 3 9 4 8 4 100000 100000 7 1 7 3 2 6 3 5 3
83 100000 4 7 18 4 13 9 16 12 8 11 17 3 5 13 100000 100000 6 11 8 100000 8 12
84 33 9 16 23 19 11 18 22 2 11 25 17 6 12 16 12 7 12 16 2 7 18 11
85 100000 6 16 12 6 7 2 7 15 4 5 11 100000 11 9 4 100000 100000 5 10 3 4 8
86 28 8 9 3 6 12 4 10 7 14 14 13 6 7 3 5 8 3 7 5 9 10 9
87 100000 40 17 5 41 10 6 6 22 23 18 8 100000 11 4 26 7 4 4 15 100000 100000 100000
88 100000 4 18 22 9 1 23 19 8 7 8 12 100000 100000 14 100000 100000 100000 13 100000 5 6 8
89 100000 10 13 7 2 7 2 5 2 4 13 8 7 9 100000 2 5 2 100000 100000 3 100000 6
90 25 8 14 5 7 12 4 9 1 3 4 18 6 10 4 5 8 3 7 1 2 3 13
91 150 19 29 87 46 84 101 88 34 31 106 110 13 20 55 29 58 68 57 24 20 69 71
92 100000 22 31 28 27 12 20 25 8 21 32 22 15 22 100000 18 100000 14 16 6 13 20 14
93 35 14 22 22 3 6 18 5 13 2 23 5 10 15 14 3 4 13 4 9 2 15 4
94 59 43 28 11 1 37 23 10 12 43 5 31 27 18 8 1 24 14 7 9 27 4 20
95 26 19 18 8 20 17 18 14 8 12 20 10 13 12 6 13 12 12 10 6 8 13 7
96 100000 13 16 20 9 20 11 20 15 18 11 6 9 11 14 6 100000 8 13 10 12 8 100000
97 100000 9 9 6 18 12 8 2 16 6 1 2 6 100000 100000 100000 100000 100000 2 100000 100000 1 2
98 47 14 25 7 8 21 32 5 20 31 27 10 9 16 5 6 14 23 4 13 22 19 7
99 67 1 47 33 38 6 26 12 4 37 29 13 1 32 23 25 4 16 9 3 26 20 9
100 54 26 16 5 27 34 4 12 3 9 31 22 19 11 4 17 21 3 9 2 6 20 14
101 100000 17 8 1 8 20 24 5 12 16 25 19 11 5 1 100000 13 17 4 9 11 100000 13
102 33 3 3 13 19 5 4 11 13 5 14 9 2 2 9 14 4 3 7 9 4 10 6
103 100000 11 12 4 10 11 7 11 8 11 5 10 100000 100000 3 7 8 100000 8 6 100000 100000 100000
104 59 45 36 16 43 18 40 38 2 39 42 16 28 23 10 27 13 26 26 2 27 28 11
105 75 39 34 43 24 7 55 16 49 14 48 28 26 24 26 16 5 34 11 33 9 32 20
106 100000 13 1 5 8 13 23 21 12 26 1 3 100000 1 100000 100000 100000 15 15 8 17 100000 100000
107 100000 7 1 2 5 2 6 6 5 7 8 6 5 1 2 4 2 4 100000 4 5 100000 5
108 521 143 124 256 229 243 253 354 68 127 173 370 89 82 157 141 157 166 237 46 78 111 241
109 52 36 16 24 12 12 11 35 8 33 37 38 22 12 17 8 9 8 25 6 23 24 24
110 100000 7 13 24 11 16 30 15 28 18 3 17 5 100000 16 8 11 21 100000 18 12 100000 100000
111 100000 1 9 21 21 12 21 9 7 6 23 20 1 100000 100000 100000 8 15 6 100000 4 100000 100000
112 220 132 63 50 91 27 74 57 133 102 109 128 87 44 33 58 18 48 39 92 68 69 88
113 100000 2 8 10 11 11 3 1 4 2 7 9 2 5 7 7 8 2 100000 3 2 100000 100000
114 100000 2 9 15 17 8 16 19 14 13 8 5 2 6 10 11 6 11 12 10 8 6 4
115 100000 1 14 3 12 13 10 12 3 9 9 7 1 100000 2 100000 10 7 100000 2 100000 100000 5
116 100000 19 5 9 30 9 1 4 28 24 5 3 13 100000 100000 20 6 1 3 18 17 4 2
117 100000 9 22 11 12 17 26 31 11 9 26 28 100000 15 8 8 100000 100000 19 8 6 18 18
118 34 6 14 10 2 3 14 5 7 15 26 7 4 9 7 2 2 10 4 5 10 17 5
119 100000 50 51 44 7 26 36 29 16 13 24 11 31 100000 29 5 17 100000 100000 11 9 100000 8
120 100000 26 2 13 30 10 26 31 23 17 7 26 17 100000 100000 19 100000 17 22 14 12 100000 100000
121 42 27 21 26 5 5 27 24 20 17 12 9 18 14 16 4 4 18 17 13 12 9 6
122 36 14 20 10 14 1 17 14 7 10 19 18 10 14 7 10 1 12 10 5 7 13 13
123 25 7 14 5 8 10 18 4 7 1 4 14 5 9 4 5 7 12 3 5 1 3 9
124 100000 3 7 14 12 6 8 8 12 10 7 2 3 5 100000 100000 100000 6 6 9 100000 100000 2
125 100000 6 8 19 1 17 8 18 17 11 6 15 4 100000 13 100000 12 5 13 100000 8 5 11
126 64 1 38 15 33 41 41 26 27 31 1 9 1 26 10 23 28 27 17 17 19 1 6
127 100000 39 42 14 52 49 30 12 23 38 24 13 26 28 9 35 33 21 8 14 100000 100000 100000
128 100000 8 2 4 7 5 4 5 7 5 7 8 6 2 3 100000 4 3 4 5 4 5 100000
129 14 4 7 8 10 1 5 7 1 11 7 1 3 5 6 7 1 4 5 1 8 5 1
130 37 25 6 13 7 15 21 24 20 6 25 22 17 5 9 5 11 13 17 14 4 16 14
131 24 3 1 10 6 4 6 6 15 15 1 12 2 1 7 4 3 4 4 10 11 1 9
132 47 36 23 26 8 27 18 15 27 1 11 24 25 16 18 6 17 12 10 19 1 8 16
133 29 8 13 9 16 4 9 7 17 20 4 3 5 9 6 11 3 7 5 11 14 3 3
134 28 17 11 9 20 5 15 17 4 9 17 1 12 8 7 14 4 11 11 3 6 11 1
135 100000 38 40 24 45 40 26 6 45 26 32 19 24 100000 16 32 27 18 4 100000 18 100000 14
136 83 39 25 40 8 28 30 5 12 41 47 54 24 16 25 6 19 19 4 8 27 32 35
137 29 4 13 11 16 7 7 10 6 10 20 6 3 9 8 12 5 5 7 5 7 13 5
138 20 8 2 3 5 15 10 10 6 2 13 5 6 2 2 4 11 7 7 5 2 9 4
139 45 16 5 17 33 5 10 16 29 8 27 10 11 4 11 21 4 7 10 19 6 18 7
140 28 18 3 18 6 15 6 19 22 12 2 14 13 2 12 4 10 5 12 15 8 2 9
141 100000 144 39 14 54 32 52 91 151 43 127 97 89 25 9 37 22 35 100000 104 100000 84 60
142 100000 106 139 107 59 128 51 96 137 64 139 15 100000 93 72 38 100000 100000 100000 100000 100000 84 11
143 100000 16 46 48 31 30 48 38 11 54 51 45 100000 32 32 21 20 100000 26 8 100000 36 100000
144 100000 86 18 36 96 99 15 43 153 69 97 96 100000 12 25 66 68 100000 29 104 46 100000 62
145 100000 43 19 48 46 35 114 19 86 71 71 122 27 12 100000 100000 22 100000 100000 100000 44 100000 100000
146 88 64 34 40 41 40 7 38 23 33 14 22 44 22 25 28 26 5 23 16 22 10 14
147 100000 50 49 44 76 45 25 66 63 35 27 2 32 34 27 46 28 100000 100000 100000 22 19 2
148 106 14 20 75 19 46 57 34 18 17 12 40 9 14 50 12 31 35 22 11 12 8 28
<posture of tasks>
1 1
2 1
3 1
4 1
5 0
6 1
7 1
8 0
9 0
10 1
11 1
12 1
13 0
14 1
15 1
16 1
17 1
18 1
19 1
20 1
21 1
22 1
23 1
24 1
25 0
26 1
27 1
28 1
29 0
30 0
31 1
32 1
33 0
34 0
35 1
36 0
37 1
38 1
39 1
40 0
41 0
42 0
43 1
44 1
45 1
46 1
47 1
48 1
49 1
50 1
51 1
52 1
53 0
54 0
55 1
56 1
57 1
58 0
59 1
60 0
61 1
62 1
63 1
64 1
65 1
66 1
67 1
68 1
69 1
70 1
71 1
72 0
73 0
74 1
75 1
76 1
77 1
78 0
79 1
80 0
81 1
82 1
83 1
84 1
85 1
86 0
87 1
88 1
89 0
90 0
91 1
92 0
93 1
94 1
95 1
96 1
97 1
98 0
99 1
100 1
101 1
102 0
103 1
104 1
105 1
106 1
107 1
108 1
109 1
110 0
111 0
112 0
113 1
114 1
115 1
116 1
117 1
118 0
119 1
120 1
121 0
122 1
123 1
124 1
125 1
126 1
127 1
128 1
129 1
130 0
131 1
132 1
133 1
134 1
135 1
136 1
137 0
138 1
139 1
140 1
141 0
142 1
143 1
144 1
145 1
146 1
147 1
148 1
<max energy cosumption of alternatives>
1 100000.00
2 3.00
3 5.56
4 4.52
5 5.24
6 5.21
7 5.41
8 4.29
9 5.10
10 2.81
11 4.59
12 5.15
<energy cosumption of alternatives>
1 100000.00 0.16 0.40 0.43 0.21 0.25 0.46 0.40 0.40 0.25 0.12 0.19 0.11 0.18 0.28 0.12 0.05 0.20 0.23 0.08 0.17 0.06 0.06
2 100000.00 0.83 0.50 0.17 0.62 0.71 0.38 0.74 0.59 0.83 0.17 0.26 0.42 0.16 0.04 0.14 0.49 0.10 0.38 0.37 0.43 0.05 0.06
3 100000.00 0.04 0.09 0.18 0.12 0.21 0.15 0.18 0.06 0.16 0.09 0.25 0.02 0.05 0.05 0.02 0.12 0.06 0.08 0.04 0.08 0.03 0.14
4 100000.00 1.11 0.56 0.77 0.53 0.41 0.97 1.06 1.37 0.36 1.49 1.40 0.52 0.22 0.17 0.34 0.14 0.45 0.25 0.85 0.19 0.63 0.34
5 100000.00 0.23 0.34 0.59 0.57 0.79 0.64 0.36 0.27 0.23 0.66 0.46 0.07 100000.00 100000.00 100000.00 0.36 0.20 0.21 0.09 100000.00 0.24 0.16
6 100000.00 0.23 0.29 0.10 0.10 0.14 0.13 0.23 0.19 0.05 0.13 0.10 0.13 0.16 0.06 100000.00 0.06 0.07 0.10 0.12 0.03 0.03 100000.00
7 100000.00 0.92 0.46 0.40 0.40 1.18 0.24 1.18 1.12 0.54 1.21 0.16 0.59 0.17 0.11 0.20 0.50 0.10 0.31 0.73 0.18 0.53 0.11
8 100000.00 0.61 0.14 0.48 0.58 0.60 0.18 0.18 0.79 0.37 0.32 0.93 0.42 0.09 0.10 0.14 0.35 0.05 0.10 0.18 0.11 0.18 0.41
9 100000.00 0.11 0.31 0.63 0.54 0.17 0.61 0.79 0.08 0.38 0.56 0.76 0.07 100000.00 0.30 100000.00 100000.00 100000.00 100000.00 0.03 0.13 0.24 100000.00
10 100000.00 0.57 0.47 0.38 0.68 0.86 0.10 0.62 0.26 0.64 0.56 0.59 0.29 0.23 0.20 0.22 0.56 0.07 0.41 0.16 0.20 0.14 0.20
11 100000.00 0.39 0.29 0.26 0.56 0.44 0.56 0.11 0.53 0.23 0.38 0.17 0.11 0.13 0.16 0.15 0.12 0.37 0.02 0.11 0.07 0.22 0.06
12 100000.00 0.04 0.28 0.16 0.18 0.12 0.15 0.31 0.12 0.25 0.31 0.28 0.02 0.07 0.05 0.12 0.08 0.08 0.10 0.07 0.10 0.14 0.17
13 100000.00 0.20 0.64 0.36 0.29 0.87 0.20 0.09 0.16 0.48 0.59 0.64 0.10 0.19 0.23 0.12 0.37 0.13 0.06 0.09 0.14 0.25 0.28
14 100000.00 0.17 0.19 0.41 0.43 0.25 0.34 0.16 0.47 0.24 0.50 0.28 100000.00 0.11 0.10 0.19 100000.00 100000.00 0.03 0.28 0.11 0.30 0.13
15 100000.00 0.79 0.90 1.47 0.81 0.90 0.23 1.35 0.17 0.88 0.38 1.26 0.48 0.62 0.36 0.45 0.53 0.09 0.40 0.10 0.56 0.21 0.74
16 100000.00 0.93 0.75 0.21 0.57 0.36 1.55 0.60 1.15 0.83 0.57 1.33 0.65 0.34 0.07 0.26 0.10 0.68 0.13 0.72 0.27 0.31 0.63
17 100000.00 0.08 0.22 0.16 0.16 0.13 0.07 0.22 0.22 0.05 0.16 0.10 0.05 0.12 0.04 0.11 0.04 0.04 0.05 0.14 0.03 0.04 0.04
18 100000.00 0.21 0.41 0.65 0.56 0.17 0.62 0.68 0.17 0.23 0.20 0.29 0.12 0.10 0.35 0.34 100000.00 0.41 0.34 0.05 0.16 100000.00 0.14
19 100000.00 0.37 0.21 0.60 0.57 0.45 0.39 0.78 0.69 0.46 0.69 0.21 0.11 0.06 0.35 0.21 100000.00 0.24 100000.00 0.35 0.13 100000.00 0.06
20 100000.00 0.12 0.14 0.20 0.11 0.08 0.20 0.20 0.20 0.18 0.11 0.26 0.03 100000.00 0.12 0.04 0.02 0.05 0.10 0.05 0.04 0.07 100000.00
21 100000.00 0.07 0.19 0.10 0.25 0.19 0.06 0.10 0.22 0.13 0.13 0.07 0.04 0.06 0.04 0.10 0.11 0.03 0.03 0.13 0.06 0.04 0.02
22 100000.00 0.13 0.28 0.09 0.27 0.15 0.09 0.15 0.18 0.10 0.06 0.09 0.03 0.16 0.03 0.07 0.07 0.03 0.07 0.06 0.04 0.02 0.03
23 100000.00 0.20 0.46 0.19 0.10 0.22 0.37 0.19 0.07 0.26 0.28 0.34 100000.00 0.24 100000.00 100000.00 0.10 0.14 100000.00 0.03 0.09 100000.00 0.18
24 100000.00 0.34 0.33 0.06 0.36 0.06 0.33 0.18 0.18 0.31 0.12 0.15 100000.00 0.12 0.02 0.17 100000.00 100000.00 0.11 0.04 0.21 0.07 0.10
25 100000.00 0.08 0.26 0.17 0.08 0.26 0.26 0.10 0.10 0.03 0.10 0.26 0.04 0.08 0.05 0.05 0.11 0.14 0.05 0.03 0.02 0.02 0.10
26 100000.00 0.33 0.54 0.17 0.57 0.84 0.38 0.11 0.38 0.43 0.29 0.72 0.09 0.36 100000.00 0.12 0.17 100000.00 100000.00 0.22 0.26 0.17 0.24
27 100000.00 0.07 0.25 0.31 0.10 0.07 0.19 0.37 0.37 0.13 0.07 0.07 0.05 0.08 0.14 0.06 0.02 0.07 0.17 0.08 0.09 0.03 0.04
28 100000.00 0.53 0.13 0.77 0.61 0.77 0.49 0.22 0.22 0.50 0.68 0.19 0.23 0.08 0.32 0.40 0.45 0.12 0.10 0.14 0.10 0.26 0.10
29 100000.00 0.09 0.18 0.30 0.27 0.07 0.11 0.27 0.30 0.16 0.18 0.11 0.06 0.07 0.10 0.10 0.03 0.04 0.16 0.12 0.07 0.12 0.03
30 100000.00 0.26 0.14 0.58 0.09 0.74 0.23 0.14 0.16 0.46 0.39 0.49 0.06 0.05 0.16 0.03 0.32 0.11 0.05 0.04 0.27 0.12 0.25
31 100000.00 0.11 0.31 0.65 0.71 0.16 0.40 0.56 0.53 0.23 0.59 0.83 0.03 0.15 0.42 0.17 0.11 0.24 0.29 0.33 0.06 0.30 0.48
32 100000.00 0.09 0.21 0.28 0.30 0.34 0.09 0.18 0.34 0.19 0.27 0.15 0.02 0.04 0.11 0.14 0.23 0.05 0.09 0.08 0.10 0.07 0.07
33 100000.00 0.28 0.34 0.27 0.27 0.14 0.23 0.32 0.36 0.21 0.32 0.23 100000.00 100000.00 0.17 0.11 100000.00 0.13 0.21 100000.00 0.05 0.10 0.13
34 100000.00 0.26 0.33 1.08 0.12 0.28 0.21 0.94 0.82 0.61 0.75 0.76 0.08 0.14 0.65 0.05 0.13 0.10 0.49 0.38 0.40 0.29 0.16
35 100000.00 1.05 0.85 0.64 0.70 0.64 0.55 1.21 0.37 0.98 1.00 0.79 100000.00 0.45 100000.00 100000.00 0.39 0.13 100000.00 0.09 0.29 0.59 0.55
36 100000.00 0.49 0.22 1.15 0.78 0.28 0.44 0.99 0.75 0.82 1.08 0.92 0.15 100000.00 0.80 100000.00 0.19 0.18 0.33 100000.00 0.54 0.75 0.31
37 100000.00 0.12 0.08 0.11 0.26 0.26 0.17 0.17 0.26 0.06 0.26 0.11 0.04 0.04 0.07 0.07 0.18 0.05 0.08 0.12 0.04 0.08 0.04
38 100000.00 1.27 1.58 1.12 1.22 1.76 0.76 0.25 2.34 0.63 1.13 2.49 0.71 1.03 100000.00 100000.00 0.59 0.47 100000.00 0.88 0.27 0.24 1.31
39 100000.00 0.19 0.19 0.25 0.22 0.19 0.16 0.07 0.06 0.19 0.06 0.07 0.11 0.07 0.11 0.11 0.12 0.08 0.01 0.02 0.07 0.02 0.02
40 100000.00 0.32 0.06 0.79 0.22 0.59 0.93 0.57 0.29 0.31 1.04 1.07 0.18 0.04 0.41 0.13 0.31 0.31 0.24 0.13 0.20 0.39 0.50
41 100000.00 0.04 1.23 0.88 0.79 1.00 1.04 0.66 0.88 0.08 0.24 1.21 0.01 0.34 0.57 0.34 0.57 0.28 0.38 0.48 0.05 0.07 0.42
42 100000.00 0.30 0.41 0.18 0.20 0.27 0.41 0.29 0.15 0.21 0.18 0.09 0.19 0.15 0.08 0.11 0.08 0.11 0.15 0.04 0.09 0.08 0.02
43 100000.00 0.75 0.16 0.10 0.77 0.16 0.07 0.76 0.55 0.05 0.65 1.07 0.35 0.11 0.03 100000.00 100000.00 0.02 0.23 0.35 0.02 0.40 100000.00
44 100000.00 1.25 0.81 1.66 0.14 1.06 2.02 2.00 0.84 0.88 0.42 1.06 0.62 0.26 1.06 0.05 0.62 0.61 1.08 0.53 0.20 0.22 0.72
45 100000.00 0.05 1.78 0.56 0.37 0.65 2.09 2.45 0.28 1.43 2.21 1.56 0.03 100000.00 0.32 0.24 0.21 0.96 1.20 0.17 0.60 0.64 0.76
46 100000.00 0.14 0.08 0.17 0.07 0.11 0.20 0.11 0.17 0.21 0.11 0.17 0.04 0.03 0.10 0.02 0.05 0.06 0.03 0.07 0.13 0.05 0.07
47 100000.00 0.09 0.81 0.06 0.57 0.79 0.95 0.72 0.06 0.56 0.24 0.09 0.06 0.54 0.02 0.34 0.40 0.20 0.39 0.02 0.13 0.09 0.06
48 100000.00 0.26 0.28 0.31 0.34 0.43 0.28 0.13 0.34 0.28 0.37 0.13 0.16 0.12 100000.00 0.21 0.24 100000.00 0.05 0.07 100000.00 100000.00 100000.00
49 100000.00 0.69 1.07 1.01 0.73 1.07 0.82 1.16 0.46 0.63 1.07 1.01 0.18 0.65 0.70 0.47 0.39 0.22 0.44 0.23 0.35 0.72 0.53
50 100000.00 0.27 0.84 0.21 0.75 0.24 1.05 0.42 0.57 0.59 0.75 0.54 0.14 0.44 0.14 0.41 0.14 0.70 0.19 0.24 0.31 0.28 0.28
51 100000.00 0.66 1.14 1.10 0.22 0.67 0.34 0.67 0.37 0.62 0.55 0.55 0.43 0.34 0.72 0.15 0.41 0.17 0.44 0.25 0.17 0.34 0.35
52 100000.00 0.04 0.09 0.16 0.25 0.22 0.09 0.13 0.37 0.13 0.22 0.19 0.03 0.05 0.07 0.09 0.08 0.05 0.04 0.08 0.08 0.09 0.12
53 100000.00 2.12 1.61 0.76 2.47 2.57 2.02 2.47 1.56 1.89 1.39 2.59 1.32 0.98 0.23 0.87 1.39 1.28 1.39 100000.00 0.41 100000.00 0.98
54 100000.00 0.38 0.61 0.24 0.52 0.35 0.56 0.08 0.40 0.04 0.31 0.52 0.25 0.25 0.10 0.15 0.19 0.19 0.04 0.25 100000.00 100000.00 0.19
55 100000.00 0.13 0.16 0.19 0.16 0.10 0.10 0.16 0.13 0.14 0.06 0.25 0.06 0.09 0.12 0.06 0.02 0.03 0.04 0.07 0.08 0.03 0.06
56 100000.00 0.37 0.47 0.62 0.62 0.14 0.26 0.41 0.59 0.52 0.68 0.59 0.08 0.12 0.34 0.24 0.09 0.07 100000.00 100000.00 100000.00 0.35 0.27
57 100000.00 0.08 0.14 0.14 0.41 0.29 0.38 0.20 0.26 0.14 0.26 0.08 100000.00 0.09 0.07 100000.00 100000.00 0.11 0.05 100000.00 100000.00 100000.00 0.05
58 100000.00 0.24 0.75 0.19 0.40 0.84 1.18 1.12 1.02 0.56 1.12 0.98 0.13 0.24 0.09 0.20 0.39 0.35 0.41 0.66 0.35 0.77 0.29
59 100000.00 0.18 0.23 0.17 0.32 0.11 0.32 0.33 0.48 0.21 0.23 0.26 0.05 0.11 0.09 100000.00 100000.00 0.21 0.18 0.21 100000.00 0.11 0.09
60 100000.00 0.05 0.05 0.05 0.09 0.05 0.07 0.05 0.09 0.02 0.07 0.09 100000.00 0.02 0.03 100000.00 0.02 100000.00 0.01 0.06 0.01 0.03 100000.00
61 100000.00 0.07 0.13 0.07 0.07 0.10 0.10 0.07 0.13 0.10 0.13 0.07 0.02 0.04 0.02 100000.00 0.04 0.05 0.04 0.08 0.04 0.09 0.03
62 100000.00 0.17 0.19 0.16 0.07 0.07 0.19 0.07 0.22 0.13 0.28 0.13 0.09 0.11 0.06 0.01 0.04 0.07 0.02 0.15 0.07 0.18 0.05
63 100000.00 0.14 0.41 0.44 0.35 0.29 0.44 0.17 0.23 0.11 0.44 0.17 0.03 0.17 100000.00 0.08 100000.00 100000.00 0.09 0.15 0.07 0.29 100000.00
64 100000.00 0.85 0.66 0.51 0.27 0.21 1.05 0.61 0.27 0.47 0.70 0.06 0.21 0.34 100000.00 0.14 0.09 0.37 100000.00 100000.00 0.25 0.16 100000.00
65 100000.00 0.20 0.19 0.13 0.13 0.25 0.13 0.22 0.10 0.22 0.06 0.07 0.10 0.12 0.05 0.09 0.05 0.05 0.12 100000.00 0.13 0.02 0.03
66 100000.00 0.23 0.53 0.35 0.59 0.10 0.59 0.32 0.50 0.45 0.41 0.35 0.09 0.24 0.10 0.30 0.05 0.31 0.08 0.26 0.32 0.12 0.17
67 100000.00 0.26 0.10 0.25 0.22 0.25 0.10 0.16 0.34 0.13 0.07 0.28 100000.00 100000.00 0.12 0.06 0.13 0.05 0.07 0.09 0.09 0.02 0.14
68 100000.00 0.06 0.45 0.45 0.17 0.21 0.32 0.24 0.36 0.31 0.14 0.17 0.03 0.22 100000.00 0.11 0.10 0.15 0.16 0.08 0.19 0.05 100000.00
69 100000.00 0.35 0.99 0.83 0.07 0.64 0.67 0.13 0.25 0.57 0.65 0.99 0.23 0.65 100000.00 100000.00 0.29 100000.00 0.07 0.16 100000.00 0.28 0.42
70 100000.00 0.13 0.22 0.13 0.19 0.28 0.16 0.25 0.28 0.04 0.22 0.25 0.04 100000.00 0.08 100000.00 0.09 0.06 100000.00 100000.00 0.02 0.14 100000.00
71 100000.00 2.19 2.35 1.75 2.71 2.26 3.55 3.46 3.44 2.32 2.65 1.93 1.29 1.54 0.78 0.88 0.84 1.95 1.22 1.27 0.92 1.66 1.09
72 100000.00 0.38 0.16 0.44 0.48 0.35 0.42 0.09 0.23 0.31 0.07 0.07 0.12 0.07 100000.00 100000.00 0.11 0.27 0.04 100000.00 0.12 0.05 0.02
73 100000.00 0.52 0.99 0.88 0.74 0.83 0.74 0.97 0.99 0.72 0.24 0.90 0.29 0.38 0.61 0.42 0.33 0.41 0.58 0.44 0.30 0.06 0.58
74 100000.00 0.31 1.11 0.99 0.30 0.61 0.09 0.12 1.08 0.13 0.42 0.64 0.21 0.65 0.63 0.20 0.17 0.03 0.07 0.33 0.03 0.13 0.32
75 100000.00 2.12 1.67 2.21 3.18 0.31 2.21 1.85 0.61 0.28 0.61 1.49 0.58 0.83 1.06 0.94 0.18 1.30 0.87 0.27 0.06 0.35 0.38
76 100000.00 0.05 0.19 0.10 0.07 0.19 0.16 0.16 0.13 0.13 0.13 0.13 0.02 100000.00 0.04 0.02 100000.00 0.10 0.07 0.06 0.07 0.07 0.03
77 100000.00 0.18 0.71 0.62 0.47 1.00 0.13 0.62 0.32 0.24 0.26 0.47 100000.00 0.37 0.22 0.18 0.24 0.06 0.42 0.22 100000.00 0.06 0.28
78 100000.00 0.11 0.06 0.20 0.13 0.13 0.06 0.15 0.22 0.11 0.20 0.15 0.05 0.04 0.09 0.07 0.07 0.02 0.10 0.09 0.04 0.10 0.03
79 100000.00 3.61 6.08 5.42 7.46 4.31 4.70 2.70 4.25 5.48 7.68 8.90 1.77 3.86 2.76 2.38 2.61 1.36 0.63 1.25 2.44 4.98 3.08
80 100000.00 0.12 0.14 0.07 0.05 0.05 0.05 0.16 0.05 0.03 0.19 0.07 0.07 0.09 0.02 0.02 0.01 0.01 0.07 0.02 0.02 0.08 0.02
81 100000.00 0.39 0.23 0.65 0.13 0.13 0.59 0.50 0.41 0.42 0.10 0.20 0.23 0.08 0.35 0.08 0.06 0.40 0.19 100000.00 0.21 0.03 0.09
82 100000.00 0.14 0.32 0.35 0.07 0.35 0.13 0.13 0.32 0.14 0.29 0.17 100000.00 100000.00 0.12 0.03 0.20 0.05 0.07 0.22 0.06 0.18 0.07
83 100000.00 0.13 0.25 0.61 0.16 0.44 0.31 0.53 0.40 0.23 0.37 0.58 0.05 0.14 0.14 100000.00 100000.00 0.21 0.36 0.14 100000.00 0.18 0.14
84 100000.00 0.27 0.54 0.78 0.63 0.39 0.60 0.75 0.11 0.30 0.81 0.59 0.12 0.16 0.43 0.31 0.13 0.33 0.50 0.02 0.09 0.23 0.14
85 100000.00 0.16 0.52 0.40 0.21 0.25 0.09 0.25 0.49 0.13 0.18 0.37 100000.00 0.31 0.15 0.10 100000.00 100000.00 0.16 0.24 0.08 0.10 0.25
86 100000.00 0.18 0.25 0.11 0.18 0.32 0.13 0.27 0.20 0.27 0.36 0.34 0.07 0.16 0.03 0.08 0.18 0.08 0.09 0.13 0.10 0.22 0.11
87 100000.00 1.05 0.55 0.19 1.34 0.34 0.21 0.22 0.70 0.56 0.58 0.28 100000.00 0.33 0.11 0.50 0.19 0.06 0.09 0.16 100000.00 100000.00 100000.00
88 100000.00 0.14 0.59 0.74 0.31 0.07 0.74 0.62 0.28 0.20 0.28 0.41 100000.00 100000.00 0.20 100000.00 100000.00 100000.00 0.21 100000.00 0.10 0.06 0.17
89 100000.00 0.19 0.33 0.20 0.08 0.20 0.08 0.15 0.08 0.10 0.33 0.22 0.11 0.18 100000.00 0.05 0.13 0.05 100000.00 100000.00 0.05 100000.00 0.09
90 100000.00 0.17 0.35 0.15 0.19 0.31 0.12 0.24 0.05 0.08 0.12 0.47 0.04 0.08 0.04 0.13 0.07 0.06 0.13 0.02 0.04 0.08 0.25
91 100000.00 0.49 1.04 3.08 1.52 2.98 3.35 3.08 1.16 0.84 3.54 3.86 0.12 0.34 0.75 0.80 1.77 2.14 2.09 0.75 0.28 2.47 1.48
92 100000.00 0.45 0.87 0.80 0.67 0.33 0.51 0.65 0.23 0.42 0.87 0.58 0.17 0.30 100000.00 0.16 100000.00 0.30 0.26 0.08 0.23 0.33 0.34
93 100000.00 0.36 0.74 0.74 0.13 0.23 0.59 0.20 0.44 0.08 0.74 0.20 0.09 0.19 0.44 0.06 0.08 0.22 0.11 0.16 0.06 0.48 0.09
94 100000.00 1.13 0.99 0.38 0.07 1.30 0.74 0.34 0.40 1.10 0.19 1.11 0.28 0.32 0.26 0.05 0.90 0.16 0.24 0.21 0.61 0.11 0.49
95 100000.00 0.49 0.60 0.29 0.65 0.59 0.59 0.47 0.29 0.33 0.65 0.35 0.19 0.38 0.06 0.25 0.19 0.28 0.27 0.09 0.15 0.31 0.23
96 100000.00 0.36 0.53 0.68 0.31 0.68 0.37 0.68 0.50 0.45 0.38 0.23 0.21 0.18 0.45 0.11 100000.00 0.11 0.38 0.15 0.17 0.21 100000.00
97 100000.00 0.27 0.32 0.23 0.59 0.42 0.29 0.11 0.54 0.18 0.08 0.11 0.10 100000.00 100000.00 100000.00 100000.00 100000.00 0.07 100000.00 100000.00 0.04 0.05
98 100000.00 0.27 0.63 0.20 0.22 0.54 0.83 0.15 0.50 0.63 0.66 0.27 0.08 0.23 0.06 0.14 0.21 0.23 0.06 0.17 0.27 0.32 0.08
99 100000.00 0.06 1.61 1.18 1.28 0.23 0.83 0.41 0.17 0.99 1.01 0.44 0.04 0.58 0.69 0.34 0.07 0.31 0.20 0.11 0.47 0.68 0.12
100 100000.00 0.66 0.53 0.19 0.86 1.21 0.16 0.41 0.13 0.23 1.06 0.74 0.23 0.12 0.12 0.35 0.25 0.08 0.28 0.07 0.14 0.54 0.35
101 100000.00 0.43 0.28 0.06 0.27 0.67 0.76 0.18 0.40 0.40 0.79 0.64 0.17 0.06 0.04 100000.00 0.32 0.36 0.07 0.11 0.22 100000.00 0.17
102 100000.00 0.07 0.09 0.32 0.46 0.14 0.12 0.28 0.32 0.10 0.35 0.23 0.05 0.05 0.22 0.24 0.08 0.07 0.13 0.17 0.03 0.13 0.08
103 100000.00 0.30 0.41 0.17 0.35 0.38 0.26 0.38 0.29 0.30 0.20 0.35 100000.00 100000.00 0.08 0.09 0.18 100000.00 0.15 0.14 100000.00 100000.00 100000.00
104 100000.00 1.18 1.23 0.55 1.41 0.61 1.32 1.29 0.10 1.00 1.38 0.55 0.38 0.26 0.27 0.77 0.21 0.44 0.90 0.06 0.35 0.61 0.19
105 100000.00 1.02 1.16 1.46 0.76 0.25 1.79 0.52 1.59 0.35 1.56 0.98 0.60 0.33 0.43 0.20 0.07 0.88 0.15 0.76 0.10 0.67 0.41
106 100000.00 0.35 0.07 0.19 0.28 0.44 0.74 0.71 0.41 0.64 0.07 0.13 100000.00 0.02 100000.00 100000.00 100000.00 0.41 0.33 0.22 0.34 100000.00 100000.00
107 100000.00 0.19 0.07 0.10 0.19 0.10 0.22 0.22 0.19 0.19 0.28 0.22 0.05 0.03 0.04 0.11 0.04 0.05 100000.00 0.07 0.13 100000.00 0.07
108 100000.00 3.92 4.34 9.12 7.70 8.60 8.52 12.36 2.32 3.38 5.89 13.14 1.99 2.02 3.91 4.93 3.84 5.16 6.92 0.64 2.29 3.52 3.12
109 100000.00 0.98 0.53 0.80 0.41 0.41 0.38 1.22 0.29 0.89 1.25 1.34 0.30 0.17 0.30 0.17 0.27 0.19 0.65 0.10 0.31 0.40 0.82
110 100000.00 0.15 0.33 0.61 0.29 0.42 0.78 0.38 0.74 0.33 0.10 0.45 0.08 100000.00 0.23 0.10 0.14 0.29 100000.00 0.24 0.12 100000.00 100000.00
111 100000.00 0.03 0.24 0.54 0.51 0.31 0.51 0.24 0.19 0.12 0.56 0.51 0.01 100000.00 100000.00 100000.00 0.14 0.15 0.13 100000.00 0.08 100000.00 100000.00
112 100000.00 2.62 1.67 1.31 2.30 0.68 1.85 1.51 3.37 1.99 2.74 3.40 1.27 0.93 0.75 0.83 0.36 0.40 0.80 2.28 0.88 1.57 2.12
113 100000.00 0.07 0.27 0.34 0.36 0.37 0.12 0.06 0.15 0.07 0.24 0.31 0.04 0.17 0.16 0.20 0.11 0.06 100000.00 0.03 0.02 100000.00 100000.00
114 100000.00 0.07 0.31 0.52 0.55 0.28 0.52 0.62 0.46 0.32 0.28 0.19 0.05 0.12 0.30 0.36 0.11 0.16 0.14 0.20 0.21 0.10 0.08
115 100000.00 0.04 0.46 0.13 0.40 0.43 0.34 0.40 0.13 0.23 0.31 0.25 0.02 100000.00 0.08 100000.00 0.10 0.21 100000.00 0.07 100000.00 100000.00 0.15
116 100000.00 0.48 0.19 0.31 1.01 0.31 0.07 0.16 0.96 0.60 0.19 0.13 0.19 100000.00 100000.00 0.55 0.11 0.04 0.05 0.35 0.40 0.06 0.08
117 100000.00 0.27 0.75 0.39 0.41 0.60 0.84 1.11 0.38 0.25 0.84 1.02 100000.00 0.24 0.11 0.25 100000.00 100000.00 0.44 0.17 0.10 0.59 0.26
118 100000.00 0.12 0.35 0.26 0.07 0.10 0.35 0.14 0.19 0.29 0.63 0.19 0.04 0.22 0.15 0.02 0.05 0.16 0.07 0.08 0.17 0.27 0.07
119 100000.00 1.30 1.70 1.49 0.25 0.86 1.18 1.00 0.52 0.32 0.76 0.37 0.72 100000.00 0.91 0.10 0.58 100000.00 100000.00 0.13 0.22 100000.00 0.25
120 100000.00 0.66 0.10 0.44 1.01 0.34 0.83 1.07 0.74 0.44 0.25 0.86 0.21 100000.00 100000.00 0.41 100000.00 0.46 0.26 0.38 0.13 100000.00 100000.00
121 100000.00 0.52 0.54 0.66 0.15 0.15 0.66 0.61 0.49 0.33 0.31 0.24 0.14 0.23 0.44 0.09 0.08 0.32 0.41 0.19 0.12 0.13 0.16
122 100000.00 0.34 0.66 0.33 0.45 0.05 0.54 0.45 0.24 0.25 0.60 0.60 0.18 0.37 0.07 0.30 0.04 0.14 0.20 0.09 0.15 0.17 0.20
123 100000.00 0.18 0.45 0.18 0.26 0.33 0.57 0.14 0.24 0.03 0.14 0.45 0.09 0.27 0.08 0.06 0.19 0.20 0.09 0.09 0.01 0.08 0.13
124 100000.00 0.09 0.24 0.46 0.39 0.21 0.27 0.27 0.39 0.25 0.24 0.09 0.03 0.12 100000.00 100000.00 100000.00 0.13 0.08 0.25 100000.00 100000.00 0.04
125 100000.00 0.18 0.29 0.65 0.08 0.59 0.29 0.60 0.56 0.30 0.23 0.53 0.09 100000.00 0.36 100000.00 0.13 0.09 0.41 100000.00 0.07 0.05 0.23
126 100000.00 0.03 1.25 0.51 1.06 1.37 1.31 0.84 0.84 0.78 0.05 0.30 0.02 0.63 0.22 0.45 0.86 0.87 0.25 0.41 0.41 0.02 0.14
127 100000.00 1.04 1.45 0.47 1.69 1.69 1.02 0.41 0.74 1.01 0.77 0.44 0.67 0.96 0.23 0.42 0.83 0.41 0.25 0.22 100000.00 100000.00 100000.00
128 100000.00 0.22 0.09 0.15 0.24 0.18 0.15 0.18 0.24 0.13 0.24 0.27 0.10 0.02 0.08 100000.00 0.08 0.06 0.06 0.09 0.04 0.07 100000.00
129 100000.00 0.12 0.24 0.27 0.33 0.06 0.18 0.24 0.06 0.28 0.24 0.06 0.04 0.10 0.18 0.13 0.04 0.07 0.05 0.02 0.15 0.15 0.03
130 100000.00 0.48 0.17 0.34 0.20 0.40 0.52 0.61 0.50 0.13 0.61 0.57 0.21 0.04 0.08 0.08 0.16 0.18 0.26 0.32 0.05 0.26 0.16
131 100000.00 0.10 0.06 0.34 0.22 0.16 0.22 0.22 0.49 0.38 0.06 0.40 0.04 0.04 0.11 0.10 0.05 0.07 0.12 0.14 0.19 0.04 0.24
132 100000.00 0.92 0.75 0.84 0.26 0.87 0.57 0.48 0.84 0.03 0.36 0.78 0.37 0.19 0.55 0.16 0.25 0.34 0.21 0.40 0.01 0.22 0.44
133 100000.00 0.23 0.44 0.31 0.52 0.16 0.31 0.25 0.56 0.51 0.16 0.13 0.08 0.29 0.11 0.25 0.11 0.13 0.09 0.26 0.31 0.10 0.08
134 100000.00 0.44 0.37 0.31 0.64 0.19 0.49 0.56 0.16 0.23 0.56 0.07 0.17 0.18 0.06 0.38 0.13 0.10 0.19 0.04 0.10 0.31 0.02
135 100000.00 0.99 1.36 0.79 1.45 1.36 0.82 0.22 1.46 0.63 1.06 0.64 0.20 100000.00 0.39 0.53 0.73 0.51 0.05 100000.00 0.27 100000.00 0.20
136 100000.00 1.05 0.83 1.39 0.29 1.00 1.03 0.20 0.41 1.08 1.55 1.85 0.43 0.39 0.64 0.06 0.47 0.60 0.06 0.23 0.38 0.60 0.41
137 100000.00 0.12 0.35 0.30 0.42 0.21 0.21 0.28 0.19 0.22 0.51 0.19 0.05 0.09 0.18 0.12 0.09 0.14 0.18 0.10 0.14 0.28 0.05
138 100000.00 0.23 0.10 0.13 0.19 0.53 0.34 0.35 0.22 0.08 0.44 0.19 0.06 0.05 0.05 0.05 0.19 0.13 0.21 0.05 0.04 0.09 0.09
139 100000.00 0.42 0.19 0.58 1.10 0.19 0.34 0.53 0.99 0.23 0.86 0.35 0.21 0.11 0.29 0.23 0.10 0.20 0.13 0.45 0.12 0.46 0.13
140 100000.00 0.46 0.12 0.61 0.21 0.52 0.21 0.61 0.70 0.31 0.09 0.46 0.26 0.06 0.13 0.11 0.13 0.05 0.23 0.17 0.10 0.03 0.30
141 100000.00 3.08 1.07 0.38 1.39 0.93 1.34 2.53 4.05 0.88 3.40 2.71 1.55 0.75 0.20 0.57 0.23 0.40 100000.00 1.86 100000.00 1.09 0.86
142 100000.00 2.80 4.77 3.69 1.96 4.43 1.65 3.27 4.52 1.69 4.65 0.52 100000.00 2.21 1.12 1.26 100000.00 100000.00 100000.00 100000.00 100000.00 1.09 0.33
143 100000.00 0.43 1.58 1.67 1.07 1.10 1.58 1.31 0.38 1.40 1.68 1.58 100000.00 0.83 0.70 0.47 0.66 100000.00 0.80 0.16 100000.00 0.92 100000.00
144 100000.00 2.34 0.60 1.28 3.20 3.47 0.50 1.49 5.15 1.81 3.26 3.38 100000.00 0.36 0.33 2.10 1.40 100000.00 0.67 1.32 1.11 100000.00 1.37
145 100000.00 1.14 0.63 1.67 1.52 1.25 3.82 0.63 2.92 1.86 2.39 4.30 0.57 0.30 100000.00 100000.00 0.67 100000.00 100000.00 100000.00 0.58 100000.00 100000.00
146 100000.00 1.72 1.17 1.38 1.35 1.38 0.25 1.29 0.74 0.88 0.47 0.74 0.81 0.52 0.88 0.38 0.73 0.05 0.81 0.47 0.29 0.26 0.45
147 100000.00 1.32 1.66 1.51 2.49 1.57 0.80 2.28 2.13 0.92 0.86 0.10 0.87 1.12 0.96 0.80 0.53 100000.00 100000.00 100000.00 0.42 0.24 0.05
148 100000.00 0.37 0.68 2.63 0.62 1.61 1.94 1.19 0.59 0.45 0.41 1.40 0.11 0.27 0.80 0.23 1.03 1.10 0.34 0.39 0.26 0.09 0.79
<task rigidity>
1 6
2 2
3 4
4 3
5 2
6 5
7 1
8 3
9 7
10 4
11 5
12 1
13 4
14 5
15 3
16 7
17 9
18 2
19 2
20 3
21 4
22 3
23 8
24 3
25 6
26 10
27 6
28 8
29 10
30 10
31 3
32 1
33 5
34 4
35 4
36 1
37 1
38 6
39 4
40 7
41 7
42 6
43 4
44 8
45 6
46 10
47 7
48 5
49 9
50 1
51 1
52 4
53 2
54 4
55 1
56 10
57 2
58 8
59 2
60 2
61 5
62 4
63 9
64 3
65 7
66 3
67 4
68 9
69 2
70 9
71 5
72 4
73 10
74 4
75 9
76 2
77 7
78 9
79 2
80 1
81 5
82 1
83 6
84 8
85 7
86 1
87 5
88 7
89 6
90 6
91 5
92 8
93 2
94 3
95 9
96 4
97 2
98 5
99 6
100 9
101 6
102 5
103 8
104 4
105 4
106 2
107 6
108 6
109 6
110 7
111 6
112 6
113 5
114 4
115 6
116 10
117 4
118 9
119 6
120 10
121 2
122 9
123 6
124 4
125 1
126 3
127 4
128 5
129 5
130 6
131 5
132 6
133 7
134 3
135 4
136 9
137 2
138 3
139 9
140 6
141 10
142 3
143 3
144 7
145 1
146 6
147 4
148 3
<precedence relations>
1,5
1,6
1,7
1,8
2,3
3,4
3,5
3,6
3,7
4,8
5,14
6,9
7,14
8,10
9,14
10,14
11,12
12,13
14,15
14,16
15,17
16,17
17,18
17,19
18,20
19,20
20,21
20,22
20,23
20,24
21,25
21,26
21,27
21,28
22,25
22,26
22,27
22,28
23,25
23,26
23,27
23,28
24,25
24,26
24,27
24,28
25,29
26,29
27,29
28,29
29,31
31,36
32,34
33,35
34,36
35,36
36,37
37,38
37,45
38,39
39,40
40,41
40,48
40,54
42,43
43,44
45,46
46,47
47,48
47,49
47,54
50,51
51,53
51,69
52,53
54,55
54,72
54,76
54,89
54,90
55,133
56,73
57,82
58,86
58,88
59,75
59,89
61,62
62,63
63,67
64,65
64,71
64,72
65,66
65,99
66,67
67,68
68,95
68,98
69,79
70,71
72,134
73,86
73,88
73,89
73,90
73,96
74,75
75,90
75,97
76,77
77,78
78,82
79,80
79,85
79,143
79,146
80,81
81,82
82,83
83,84
84,106
86,87
90,111
91,105
92,135
95,101
96,104
98,101
99,100
100,101
101,102
101,103
102,127
103,127
105,119
106,107
107,108
108,109
109,110
111,112
112,113
113,114
113,116
113,120
113,123
113,128
114,115
115,125
116,117
117,118
118,126
120,121
121,122
122,126
123,124
124,125
128,129
129,130
130,131
130,137
132,135
133,135
134,135
135,136
138,139
139,140
141,142
142,143
142,146
142,147
142,148
144,145
145,147
145,148
<end>