<number of tasks>
148
<number of stations>
5
<number of workers>
5
<type of the robots>
1
<limit of the robots>
3
<task times>
1 22 10 13 3 14 8 7 9 2 10 6
2 39 24 17 23 2 4 16 12 15 2 3
3 9 6 6 1 1 6 5 4 1 1 4
4 100000 2 38 31 43 41 100000 27 21 100000 100000
5 100000 29 10 5 6 1 100000 7 4 5 100000
6 100000 7 6 1 5 3 100000 100000 1 100000 2
7 100000 25 38 17 19 28 16 26 11 13 20
8 100000 2 12 32 36 5 2 8 22 23 100000
9 41 17 17 27 11 12 12 11 17 8 8
10 100000 24 27 12 24 21 100000 17 9 17 14
11 22 16 1 10 4 7 10 1 7 3 5
12 15 6 10 7 8 10 4 7 5 6 7
13 43 26 13 1 4 13 18 9 1 3 8
14 21 2 13 10 2 12 2 9 7 2 9
15 100000 10 16 38 41 35 7 10 25 26 100000
16 71 16 32 33 48 49 10 21 24 30 31
17 11 8 7 4 2 5 6 5 3 2 4
18 100000 17 2 7 19 3 11 2 5 12 2
19 100000 15 18 14 8 21 11 12 10 6 14
20 10 2 4 8 3 4 2 3 6 2 3
21 100000 3 5 3 2 3 2 4 100000 2 100000
22 11 7 3 2 1 4 5 3 2 1 3
23 100000 12 6 11 14 11 100000 5 100000 9 8
24 17 12 9 13 6 6 8 6 9 4 5
25 100000 5 8 5 7 4 4 6 100000 5 3
26 32 11 24 23 17 16 8 16 16 11 11
27 100000 6 11 2 4 10 100000 8 2 3 7
28 32 21 19 15 23 7 15 13 10 16 5
29 14 1 7 6 5 11 1 5 5 4 7
30 37 5 21 5 8 21 4 15 4 6 14
31 35 18 7 11 7 9 12 5 8 5 6
32 13 1 7 9 9 4 1 5 6 6 3
33 19 14 12 2 9 3 10 8 2 7 2
34 100000 5 23 23 20 14 100000 100000 15 13 9
35 100000 22 20 25 4 7 14 14 16 100000 5
36 100000 43 12 1 43 40 28 8 1 29 25
37 100000 1 7 4 2 6 1 100000 100000 2 4
38 108 65 46 32 15 79 45 31 21 10 49
39 9 5 2 5 1 6 4 2 4 1 5
40 100000 24 31 11 15 5 15 22 7 100000 4
41 65 5 21 38 13 26 4 14 25 8 17
42 20 2 11 16 3 14 2 8 10 2 10
43 100000 28 32 23 24 4 20 22 16 16 3
44 87 47 48 64 41 4 31 30 41 26 3
45 110 76 62 76 5 79 47 40 50 4 48
46 100000 7 7 3 7 4 100000 5 2 5 3
47 100000 23 21 41 19 18 100000 14 27 13 13
48 16 11 10 5 5 12 8 7 4 4 8
49 61 10 17 12 41 29 7 12 8 28 18
50 44 20 24 10 24 13 14 16 7 16 8
51 100000 24 11 29 10 12 100000 7 19 7 8
52 15 2 6 2 7 11 2 4 2 5 7
53 164 77 37 82 38 24 54 24 53 27 15
54 100000 24 18 2 11 15 16 100000 2 8 11
55 9 7 4 4 6 4 5 3 3 4 3
56 39 4 18 1 24 22 3 12 1 15 14
57 100000 10 10 3 1 11 100000 7 2 100000 100000
58 71 30 47 17 24 4 20 32 12 15 3
59 18 8 11 8 4 9 6 7 6 3 7
60 4 1 1 1 1 2 1 1 1 1 2
61 3 3 1 2 2 2 2 1 2 2 2
62 100000 6 4 4 7 5 4 3 3 5 4
63 100000 15 15 7 8 16 100000 100000 5 100000 11
64 100000 29 25 5 25 12 20 100000 100000 18 8
65 11 6 5 5 7 7 4 4 4 5 5
66 25 11 3 12 15 8 7 2 9 10 5
67 13 10 1 6 8 3 7 1 4 6 2
68 19 2 9 13 1 13 2 7 9 1 8
69 100000 1 26 10 9 15 1 16 7 6 11
70 100000 2 1 3 11 10 2 1 2 100000 7
71 163 55 112 70 36 37 36 75 48 23 25
72 100000 4 23 17 21 6 3 15 11 15 4
73 100000 31 34 25 28 34 100000 100000 16 19 23
74 100000 10 29 37 1 28 7 19 24 1 100000
75 100000 1 85 38 80 29 1 100000 24 50 21
76 6 2 1 5 2 3 2 1 4 2 2
77 100000 5 7 27 4 10 4 5 17 3 7
78 100000 5 7 7 4 3 100000 5 5 100000 2
79 389 204 228 31 6 243 127 155 20 4 170
80 9 2 3 6 3 4 2 3 4 2 3
81 35 22 9 9 24 8 15 6 6 17 5
82 13 4 5 3 1 5 3 4 3 1 4
83 28 12 3 8 2 8 8 2 6 2 6
84 34 22 10 11 9 17 15 7 7 6 12
85 100000 10 18 5 7 15 7 12 4 100000 10
86 29 1 21 8 5 20 1 13 6 4 14
87 62 3 7 35 1 4 2 5 23 1 3
88 29 5 22 11 7 15 4 14 7 5 11
89 100000 5 5 8 12 10 4 4 6 8 7
90 100000 10 3 9 18 5 7 3 100000 13 100000
91 100000 65 33 25 33 55 40 21 16 100000 100000
92 45 9 13 28 33 35 6 9 20 22 24
93 35 24 3 6 7 2 15 3 4 5 2
94 64 18 15 27 46 44 12 11 19 31 28
95 100000 4 16 20 15 11 100000 11 100000 100000 8
96 43 4 23 27 4 27 3 16 17 3 19
97 24 4 14 8 11 11 3 10 6 8 8
98 47 13 32 20 15 25 9 20 14 10 16
99 71 10 11 23 36 21 7 8 16 24 13
100 53 27 24 18 16 33 19 16 12 11 23
101 100000 8 18 11 19 14 6 100000 100000 100000 10
102 34 7 10 17 3 22 5 7 11 2 15
103 100000 11 4 11 8 6 100000 3 7 5 4
104 58 15 5 26 21 29 10 4 17 13 20
105 81 46 35 25 31 57 30 24 17 22 39
106 100000 3 8 9 20 5 2 6 100000 13 4
107 11 6 4 3 3 6 4 3 2 2 5
108 527 26 203 305 84 377 17 136 184 54 233
109 53 17 11 39 28 31 11 8 26 20 22
110 46 1 23 15 7 28 1 15 11 5 17
111 31 18 19 22 15 17 13 14 16 11 11
112 100000 31 77 77 44 87 22 53 51 100000 53
113 14 2 7 8 10 7 2 5 5 7 5
114 100000 5 1 17 4 12 4 1 11 3 100000
115 19 6 11 9 9 14 4 7 6 6 10
116 41 30 27 6 15 30 20 17 4 10 21
117 100000 31 27 32 25 11 100000 100000 20 17 100000
118 100000 20 18 26 18 9 14 12 100000 12 6
119 100000 1 24 8 19 8 1 100000 6 13 100000
120 100000 9 29 2 22 15 6 18 100000 100000 10
121 41 32 6 21 20 24 20 5 13 13 16
122 35 14 6 6 16 6 10 4 4 12 4
123 26 18 7 7 12 3 13 5 5 9 3
124 19 9 10 4 2 5 6 7 3 2 4
125 25 11 17 16 5 16 7 12 10 4 10
126 100000 16 46 38 8 34 100000 29 26 6 23
127 74 14 55 23 26 8 9 38 16 16 6
128 100000 1 3 4 8 1 1 100000 3 100000 1
129 100000 8 3 11 11 8 5 100000 8 8 100000
130 100000 26 19 18 26 5 18 100000 12 17 100000
131 100000 5 18 4 5 13 4 12 3 100000 100000
132 50 4 23 35 14 3 3 15 23 9 2
133 100000 6 23 8 3 14 5 17 100000 100000 9
134 100000 11 11 13 4 14 8 8 100000 3 100000
135 64 2 28 46 2 28 2 19 31 2 18
136 100000 15 14 40 46 5 10 10 26 30 4
137 100000 4 10 9 2 18 3 100000 6 2 12
138 100000 1 10 12 4 6 100000 7 8 3 5
139 44 27 10 27 7 11 17 7 17 5 8
140 100000 17 6 6 1 17 11 4 100000 1 11
141 100000 146 8 42 59 4 100000 6 29 39 3
142 100000 138 13 40 98 73 90 9 100000 66 48
143 83 15 59 29 13 51 11 37 21 9 33
144 100000 46 143 47 132 10 29 100 31 100000 7
145 187 108 27 78 20 118 73 18 50 14 81
146 89 24 37 23 28 62 16 25 16 18 38
147 102 25 14 19 54 13 18 10 13 35 9
148 100000 20 65 78 5 55 14 100000 100000 4 100000
<posture of tasks>
1 1
2 1
3 1
4 1
5 1
6 0
7 1
8 1
9 1
10 1
11 1
12 0
13 0
14 0
15 1
16 1
17 0
18 1
19 1
20 1
21 1
22 1
23 1
24 1
25 1
26 1
27 1
28 1
29 0
30 1
31 0
32 1
33 1
34 1
35 1
36 1
37 1
38 1
39 0
40 1
41 1
42 1
43 1
44 1
45 1
46 1
47 1
48 1
49 1
50 1
51 1
52 1
53 1
54 1
55 1
56 1
57 0
58 1
59 1
60 0
61 1
62 0
63 1
64 1
65 1
66 1
67 1
68 1
69 1
70 0
71 1
72 1
73 1
74 1
75 1
76 1
77 0
78 0
79 1
80 1
81 0
82 1
83 1
84 1
85 1
86 1
87 1
88 1
89 1
90 1
91 1
92 1
93 1
94 1
95 1
96 0
97 1
98 1
99 1
100 1
101 1
102 0
103 1
104 1
105 1
106 1
107 1
108 1
109 1
110 1
111 1
112 1
113 0
114 1
115 0
116 0
117 1
118 1
119 1
120 1
121 0
122 0
123 1
124 1
125 1
126 1
127 1
128 0
129 1
130 1
131 0
132 1
133 1
134 1
135 1
136 1
137 0
138 0
139 1
140 0
141 1
142 1
143 1
144 1
145 1
146 1
147 0
148 1
<max energy cosumption of alternatives>
1 100000.00
2 5.28
3 5.01
4 2.58
5 2.73
6 2.87
<energy cosumption of alternatives>
1 100000.00 0.33 0.43 0.10 0.35 0.22 0.11 0.30 0.03 0.19 0.11
2 100000.00 0.78 0.57 0.64 0.09 0.15 0.17 0.23 0.39 0.06 0.07
3 100000.00 0.21 0.21 0.04 0.04 0.16 0.06 0.15 0.02 0.01 0.08
4 100000.00 0.10 1.30 0.88 1.10 1.07 100000.00 0.86 0.50 100000.00 100000.00
5 100000.00 0.97 0.34 0.16 0.16 0.04 100000.00 0.07 0.10 0.10 100000.00
6 100000.00 0.20 0.18 0.05 0.12 0.09 100000.00 100000.00 0.02 100000.00 0.02
7 100000.00 0.81 1.31 0.48 0.48 0.77 0.20 0.53 0.29 0.23 0.46
8 100000.00 0.11 0.42 0.94 0.98 0.15 0.06 0.27 0.54 0.28 100000.00
9 100000.00 0.56 0.56 0.72 0.29 0.32 0.21 0.36 0.36 0.10 0.16
10 100000.00 0.78 0.89 0.35 0.61 0.54 100000.00 0.22 0.25 0.33 0.35
11 100000.00 0.54 0.08 0.30 0.14 0.21 0.29 0.05 0.14 0.08 0.04
12 100000.00 0.18 0.28 0.17 0.19 0.21 0.10 0.10 0.04 0.07 0.08
13 100000.00 0.64 0.34 0.05 0.11 0.25 0.23 0.12 0.03 0.06 0.09
14 100000.00 0.08 0.33 0.22 0.05 0.24 0.02 0.18 0.12 0.02 0.07
15 100000.00 0.35 0.54 1.09 1.09 0.94 0.09 0.36 0.26 0.56 100000.00
16 100000.00 0.52 1.09 0.92 1.21 1.24 0.33 0.70 0.34 0.46 0.27
17 100000.00 0.21 0.19 0.10 0.05 0.10 0.06 0.13 0.06 0.02 0.05
18 100000.00 0.57 0.11 0.21 0.49 0.12 0.37 0.03 0.14 0.26 0.04
19 100000.00 0.50 0.60 0.39 0.24 0.55 0.31 0.15 0.19 0.15 0.24
20 100000.00 0.10 0.16 0.23 0.11 0.14 0.06 0.08 0.11 0.04 0.04
21 100000.00 0.14 0.20 0.12 0.09 0.12 0.03 0.13 100000.00 0.03 100000.00
22 100000.00 0.24 0.11 0.06 0.03 0.12 0.06 0.07 0.02 0.02 0.07
23 100000.00 0.41 0.23 0.33 0.36 0.30 100000.00 0.12 100000.00 0.21 0.07
24 100000.00 0.40 0.31 0.35 0.16 0.16 0.16 0.09 0.18 0.04 0.07
25 100000.00 0.18 0.27 0.15 0.18 0.12 0.08 0.15 100000.00 0.05 0.08
26 100000.00 0.37 0.79 0.62 0.44 0.41 0.14 0.20 0.20 0.18 0.10
27 100000.00 0.23 0.38 0.09 0.14 0.27 100000.00 0.24 0.05 0.06 0.08
28 100000.00 0.68 0.62 0.42 0.57 0.20 0.21 0.19 0.26 0.23 0.13
29 100000.00 0.06 0.20 0.15 0.11 0.22 0.01 0.08 0.07 0.05 0.12
30 100000.00 0.20 0.72 0.18 0.24 0.55 0.11 0.34 0.09 0.12 0.31
31 100000.00 0.44 0.19 0.24 0.14 0.17 0.19 0.04 0.15 0.05 0.09
32 100000.00 0.06 0.25 0.26 0.23 0.13 0.01 0.06 0.15 0.11 0.07
33 100000.00 0.48 0.42 0.09 0.25 0.12 0.26 0.27 0.02 0.14 0.04
34 100000.00 0.17 0.75 0.61 0.49 0.34 100000.00 100000.00 0.23 0.23 0.10
35 100000.00 0.71 0.68 0.67 0.14 0.20 0.24 0.15 0.40 100000.00 0.11
36 100000.00 1.45 0.41 0.05 1.11 1.04 0.47 0.18 0.01 0.74 0.44
37 100000.00 0.08 0.26 0.15 0.09 0.18 0.03 100000.00 100000.00 0.03 0.09
38 100000.00 2.18 1.54 0.89 0.38 1.99 1.23 0.47 0.49 0.10 1.32
39 100000.00 0.14 0.08 0.13 0.03 0.12 0.04 0.04 0.07 0.01 0.03
40 100000.00 0.78 1.12 0.34 0.40 0.16 0.32 0.69 0.22 100000.00 0.08
41 100000.00 0.19 0.70 1.05 0.32 0.63 0.08 0.47 0.31 0.19 0.37
42 100000.00 0.09 0.37 0.44 0.10 0.35 0.05 0.15 0.20 0.03 0.10
43 100000.00 1.00 1.15 0.64 0.61 0.15 0.48 0.79 0.28 0.39 0.04
44 100000.00 1.56 1.62 1.80 1.07 0.14 0.42 0.38 0.80 0.30 0.08
45 100000.00 2.59 2.19 2.15 0.15 2.07 0.92 1.37 0.66 0.07 0.80
46 100000.00 0.27 0.27 0.12 0.22 0.15 100000.00 0.10 0.07 0.08 0.09
47 100000.00 0.74 0.71 1.16 0.48 0.45 100000.00 0.49 0.73 0.32 0.13
48 100000.00 0.37 0.34 0.16 0.13 0.31 0.25 0.09 0.05 0.05 0.12
49 100000.00 0.34 0.55 0.34 1.05 0.77 0.16 0.38 0.23 0.69 0.37
50 100000.00 0.66 0.81 0.30 0.61 0.34 0.38 0.19 0.12 0.19 0.13
51 100000.00 0.78 0.39 0.88 0.28 0.34 100000.00 0.15 0.34 0.16 0.19
52 100000.00 0.09 0.22 0.07 0.19 0.28 0.03 0.15 0.03 0.13 0.10
53 100000.00 2.56 1.25 2.25 1.00 0.60 1.00 0.27 1.28 0.41 0.12
54 100000.00 0.78 0.60 0.09 0.31 0.40 0.35 100000.00 0.02 0.15 0.10
55 100000.00 0.27 0.18 0.15 0.19 0.15 0.16 0.08 0.08 0.05 0.09
56 100000.00 0.16 0.59 0.05 0.61 0.55 0.06 0.34 0.02 0.30 0.18
57 100000.00 0.26 0.26 0.08 0.03 0.22 100000.00 0.08 0.04 100000.00 100000.00
58 100000.00 1.09 1.64 0.49 0.62 0.15 0.44 0.60 0.34 0.36 0.06
59 100000.00 0.29 0.38 0.24 0.14 0.24 0.17 0.22 0.09 0.07 0.15
60 100000.00 0.07 0.07 0.05 0.05 0.07 0.03 0.01 0.02 0.03 0.03
61 100000.00 0.14 0.08 0.09 0.09 0.09 0.08 0.04 0.05 0.06 0.05
62 100000.00 0.17 0.12 0.10 0.15 0.10 0.08 0.05 0.04 0.08 0.07
63 100000.00 0.51 0.51 0.21 0.24 0.42 100000.00 100000.00 0.11 100000.00 0.27
64 100000.00 1.01 0.83 0.17 0.64 0.33 0.53 100000.00 100000.00 0.33 0.18
65 100000.00 0.21 0.18 0.15 0.18 0.18 0.08 0.07 0.05 0.07 0.08
66 100000.00 0.36 0.12 0.34 0.37 0.22 0.13 0.06 0.14 0.25 0.14
67 100000.00 0.33 0.06 0.18 0.22 0.09 0.13 0.02 0.12 0.11 0.02
68 100000.00 0.09 0.31 0.35 0.04 0.32 0.06 0.18 0.17 0.01 0.22
69 100000.00 0.07 0.86 0.29 0.23 0.38 0.04 0.40 0.16 0.14 0.09
70 100000.00 0.09 0.06 0.09 0.23 0.20 0.05 0.02 0.04 100000.00 0.06
71 100000.00 1.79 3.74 1.89 0.90 0.93 0.90 1.81 0.89 0.51 0.26
72 100000.00 0.16 0.76 0.47 0.53 0.16 0.11 0.31 0.24 0.23 0.09
73 100000.00 1.09 1.18 0.66 0.76 0.91 100000.00 100000.00 0.23 0.32 0.48
74 100000.00 0.35 1.05 1.06 0.06 0.79 0.16 0.25 0.44 0.03 100000.00
75 100000.00 0.06 2.92 1.05 2.03 0.77 0.04 100000.00 0.53 0.94 0.32
76 100000.00 0.10 0.07 0.17 0.08 0.11 0.04 0.04 0.11 0.04 0.06
77 100000.00 0.15 0.19 0.54 0.10 0.20 0.03 0.07 0.23 0.03 0.07
78 100000.00 0.15 0.19 0.15 0.10 0.08 100000.00 0.09 0.08 100000.00 0.04
79 100000.00 6.80 7.73 0.87 0.16 6.22 4.71 5.31 0.47 0.11 2.42
80 100000.00 0.11 0.14 0.20 0.11 0.14 0.06 0.03 0.12 0.07 0.05
81 100000.00 0.55 0.25 0.21 0.46 0.19 0.26 0.14 0.05 0.32 0.13
82 100000.00 0.17 0.20 0.11 0.05 0.15 0.08 0.07 0.04 0.03 0.04
83 100000.00 0.40 0.13 0.23 0.07 0.22 0.19 0.06 0.12 0.04 0.07
84 100000.00 0.71 0.34 0.32 0.23 0.44 0.22 0.11 0.16 0.08 0.30
85 100000.00 0.34 0.59 0.16 0.20 0.38 0.23 0.26 0.08 100000.00 0.23
86 100000.00 0.06 0.70 0.22 0.13 0.50 0.01 0.28 0.15 0.08 0.28
87 100000.00 0.13 0.25 0.99 0.04 0.13 0.03 0.12 0.56 0.01 0.08
88 100000.00 0.19 0.73 0.32 0.20 0.38 0.07 0.44 0.21 0.05 0.21
89 100000.00 0.19 0.19 0.22 0.31 0.26 0.08 0.12 0.05 0.18 0.17
90 100000.00 0.36 0.15 0.28 0.47 0.16 0.24 0.09 100000.00 0.27 100000.00
91 100000.00 2.22 1.15 0.67 0.89 1.44 0.52 0.54 0.14 100000.00 100000.00
92 100000.00 0.32 0.44 0.83 0.89 0.93 0.06 0.29 0.20 0.46 0.49
93 100000.00 0.78 0.14 0.21 0.21 0.09 0.54 0.07 0.05 0.08 0.03
94 100000.00 0.59 0.50 0.73 1.20 1.14 0.24 0.21 0.21 0.26 0.54
95 100000.00 0.16 0.52 0.53 0.38 0.29 100000.00 0.22 100000.00 100000.00 0.09
96 100000.00 0.13 0.59 0.55 0.11 0.50 0.05 0.40 0.15 0.06 0.27
97 100000.00 0.17 0.48 0.24 0.30 0.30 0.09 0.32 0.11 0.16 0.16
98 100000.00 0.45 1.14 0.55 0.40 0.64 0.17 0.29 0.32 0.21 0.28
99 100000.00 0.33 0.36 0.61 0.90 0.52 0.13 0.15 0.32 0.41 0.33
100 100000.00 0.86 0.79 0.50 0.41 0.87 0.32 0.51 0.27 0.16 0.52
101 100000.00 0.27 0.58 0.31 0.47 0.34 0.15 100000.00 100000.00 100000.00 0.24
102 100000.00 0.21 0.28 0.38 0.10 0.42 0.07 0.17 0.17 0.03 0.12
103 100000.00 0.37 0.15 0.31 0.22 0.16 100000.00 0.06 0.17 0.10 0.06
104 100000.00 0.48 0.18 0.68 0.52 0.75 0.22 0.06 0.44 0.34 0.23
105 100000.00 1.53 1.19 0.66 0.81 1.49 0.72 0.28 0.21 0.43 0.30
106 100000.00 0.12 0.28 0.25 0.50 0.13 0.05 0.18 100000.00 0.26 0.05
107 100000.00 0.21 0.15 0.10 0.10 0.16 0.11 0.08 0.03 0.06 0.09
108 100000.00 0.83 7.01 8.61 2.22 9.85 0.48 1.89 5.52 1.02 6.84
109 100000.00 0.55 0.36 1.06 0.73 0.79 0.35 0.22 0.43 0.17 0.33
110 100000.00 0.06 0.76 0.40 0.19 0.73 0.04 0.46 0.17 0.09 0.51
111 100000.00 0.58 0.61 0.59 0.37 0.43 0.32 0.28 0.29 0.09 0.28
112 100000.00 1.06 2.57 2.10 1.11 2.23 0.65 1.79 0.72 100000.00 1.52
113 100000.00 0.09 0.21 0.19 0.21 0.17 0.07 0.11 0.12 0.10 0.11
114 100000.00 0.19 0.07 0.47 0.14 0.32 0.10 0.02 0.17 0.03 100000.00
115 100000.00 0.18 0.29 0.20 0.18 0.27 0.09 0.14 0.10 0.12 0.11
116 100000.00 0.80 0.68 0.15 0.29 0.61 0.56 0.17 0.04 0.17 0.27
117 100000.00 1.07 0.88 0.90 0.62 0.29 100000.00 100000.00 0.22 0.26 100000.00
118 100000.00 0.65 0.59 0.70 0.45 0.24 0.40 0.35 100000.00 0.16 0.07
119 100000.00 0.06 0.79 0.22 0.47 0.22 0.03 100000.00 0.09 0.11 100000.00
120 100000.00 0.30 0.99 0.07 0.53 0.38 0.09 0.43 100000.00 100000.00 0.10
121 100000.00 0.85 0.17 0.43 0.39 0.45 0.28 0.09 0.23 0.24 0.18
122 100000.00 0.36 0.18 0.16 0.32 0.13 0.24 0.06 0.07 0.20 0.09
123 100000.00 0.59 0.25 0.20 0.32 0.11 0.37 0.13 0.14 0.08 0.05
124 100000.00 0.31 0.35 0.14 0.08 0.14 0.07 0.19 0.05 0.04 0.05
125 100000.00 0.38 0.56 0.45 0.15 0.42 0.15 0.21 0.14 0.07 0.13
126 100000.00 0.52 1.53 1.03 0.22 0.88 100000.00 0.69 0.25 0.08 0.46
127 100000.00 0.48 1.91 0.64 0.65 0.24 0.26 0.44 0.23 0.45 0.11
128 100000.00 0.05 0.10 0.10 0.17 0.03 0.01 100000.00 0.03 100000.00 0.02
129 100000.00 0.28 0.13 0.31 0.28 0.22 0.14 100000.00 0.08 0.17 100000.00
130 100000.00 0.83 0.62 0.50 0.63 0.14 0.43 100000.00 0.14 0.39 100000.00
131 100000.00 0.15 0.45 0.11 0.11 0.25 0.05 0.12 0.03 100000.00 100000.00
132 100000.00 0.17 0.77 1.02 0.36 0.11 0.08 0.27 0.61 0.14 0.05
133 100000.00 0.22 0.76 0.23 0.10 0.35 0.11 0.30 100000.00 100000.00 0.08
134 100000.00 0.36 0.36 0.34 0.12 0.34 0.10 0.19 100000.00 0.06 100000.00
135 100000.00 0.11 1.02 1.31 0.09 0.79 0.03 0.26 0.43 0.06 0.52
136 100000.00 0.50 0.48 1.15 1.21 0.15 0.29 0.32 0.38 0.26 0.08
137 100000.00 0.13 0.27 0.21 0.07 0.34 0.04 100000.00 0.10 0.02 0.20
138 100000.00 0.06 0.27 0.27 0.11 0.14 100000.00 0.10 0.17 0.04 0.06
139 100000.00 0.85 0.33 0.71 0.18 0.28 0.28 0.20 0.14 0.12 0.12
140 100000.00 0.44 0.18 0.17 0.05 0.35 0.18 0.07 100000.00 0.01 0.15
141 100000.00 4.99 0.29 1.20 1.59 0.14 100000.00 0.15 0.37 0.72 0.07
142 100000.00 4.67 0.43 1.11 2.53 1.86 3.22 0.20 100000.00 0.67 1.24
143 100000.00 0.51 2.09 0.88 0.34 1.35 0.13 1.38 0.43 0.13 0.34
144 100000.00 1.54 4.94 1.32 3.44 0.27 0.97 3.43 0.78 100000.00 0.14
145 100000.00 3.57 0.88 2.15 0.50 3.04 2.37 0.58 1.34 0.30 1.79
146 100000.00 0.78 1.28 0.64 0.78 1.65 0.20 0.48 0.36 0.28 0.40
147 100000.00 0.61 0.36 0.38 1.04 0.24 0.30 0.18 0.12 0.26 0.07
148 100000.00 0.66 2.30 2.23 0.16 1.47 0.27 100000.00 100000.00 0.10 100000.00
<task rigidity>
1 8
2 2
3 5
4 10
5 7
6 6
7 5
8 6
9 3
10 2
11 7
12 9
13 1
14 6
15 9
16 2
17 10
18 2
19 1
20 2
21 1
22 1
23 4
24 5
25 5
26 1
27 3
28 3
29 5
30 10
31 5
32 9
33 4
34 7
35 2
36 4
37 1
38 1
39 1
40 5
41 3
42 7
43 6
44 5
45 2
46 3
47 4
48 1
49 9
50 9
51 6
52 9
53 2
54 7
55 2
56 7
57 3
58 5
59 1
60 4
61 7
62 2
63 9
64 2
65 10
66 1
67 3
68 2
69 10
70 8
71 9
72 5
73 4
74 2
75 1
76 6
77 2
78 1
79 4
80 2
81 4
82 3
83 5
84 8
85 6
86 9
87 1
88 10
89 4
90 8
91 10
92 4
93 5
94 1
95 7
96 5
97 8
98 1
99 6
100 3
101 2
102 6
103 4
104 5
105 3
106 1
107 2
108 1
109 4
110 4
111 3
112 6
113 8
114 5
115 3
116 7
117 1
118 4
119 1
120 2
121 8
122 4
123 8
124 10
125 9
126 2
127 3
128 6
129 4
130 7
131 2
132 5
133 6
134 8
135 5
136 4
137 6
138 2
139 4
140 4
141 7
142 8
143 1
144 6
145 5
146 8
147 1
148 7
<precedence relations>
1,5
1,6
1,7
1,8
2,3
3,4
3,5
3,6
3,7
4,8
5,14
6,9
7,14
8,10
9,14
10,14
11,12
12,13
14,15
14,16
15,17
16,17
17,18
17,19
18,20
19,20
20,21
20,22
20,23
20,24
21,25
21,26
21,27
21,28
22,25
22,26
22,27
22,28
23,25
23,26
23,27
23,28
24,25
24,26
24,27
24,28
25,29
26,29
27,29
28,29
29,31
31,36
32,34
33,35
34,36
35,36
36,37
37,38
37,45
38,39
39,40
40,41
40,48
40,54
42,43
43,44
45,46
46,47
47,48
47,49
47,54
50,51
51,53
51,69
52,53
54,55
54,72
54,76
54,89
54,90
55,133
56,73
57,82
58,86
58,88
59,75
59,89
61,62
62,63
63,67
64,65
64,71
64,72
65,66
65,99
66,67
67,68
68,95
68,98
69,79
70,71
72,134
73,86
73,88
73,89
73,90
73,96
74,75
75,90
75,97
76,77
77,78
78,82
79,80
79,85
79,143
79,146
80,81
81,82
82,83
83,84
84,106
86,87
90,111
91,105
92,135
95,101
96,104
98,101
99,100
100,101
101,102
101,103
102,127
103,127
105,119
106,107
107,108
108,109
109,110
111,112
112,113
113,114
113,116
113,120
113,123
113,128
114,115
115,125
116,117
117,118
118,126
120,121
121,122
122,126
123,124
124,125
128,129
129,130
130,131
130,137
132,135
133,135
134,135
135,136
138,139
139,140
141,142
142,143
142,146
142,147
142,148
144,145
145,147
145,148
<end>