<number of tasks>
148
<number of stations>
8
<number of workers>
8
<type of the robots>
1
<limit of the robots>
2
<task times>
1 21 14 9 12 6 3 4 13 16 9 6 9 4 2 3 9 11
2 42 14 21 24 18 27 11 5 10 9 13 17 12 17 7 4 7
3 100000 5 6 5 6 5 4 2 6 100000 4 4 100000 100000 3 2 4
4 100000 28 15 36 32 29 17 45 28 20 11 23 100000 20 100000 31 100000
5 38 2 4 27 14 17 5 27 20 2 3 19 10 12 4 18 14
6 11 2 6 8 5 2 1 3 2 2 4 6 4 2 1 3 2
7 54 25 4 18 7 8 29 22 33 16 3 12 5 6 21 15 23
8 100000 19 14 7 13 29 10 34 32 100000 9 5 100000 18 7 23 22
9 44 3 14 30 16 20 8 24 3 2 9 20 10 13 6 16 2
10 100000 23 2 9 12 5 5 15 5 16 2 100000 100000 100000 100000 10 4
11 22 17 14 14 14 8 10 11 4 11 9 10 9 6 7 8 3
12 14 6 10 1 9 7 6 4 8 4 7 1 6 5 5 3 6
13 43 23 28 18 26 18 21 24 31 16 18 12 17 12 14 15 20
14 100000 5 12 9 6 10 12 2 9 4 8 100000 5 7 100000 100000 6
15 73 44 51 40 51 27 47 36 48 28 34 26 33 18 33 24 30
16 70 52 10 43 20 2 36 35 47 36 7 29 13 2 25 24 32
17 100000 6 6 7 4 8 6 5 1 5 5 5 3 6 5 4 1
18 32 1 6 20 23 19 17 14 22 1 4 13 15 14 12 10 14
19 32 13 7 4 1 8 1 14 4 9 5 3 1 6 1 10 3
20 11 1 2 8 6 3 5 4 4 1 2 6 4 2 4 3 3
21 100000 6 5 6 3 6 2 1 6 4 4 4 2 4 100000 100000 100000
22 10 6 2 8 8 7 6 1 7 4 2 5 6 5 4 1 5
23 100000 14 5 4 14 14 3 6 6 100000 4 3 100000 10 100000 4 100000
24 100000 6 2 8 7 3 13 6 13 100000 100000 6 5 2 9 4 100000
25 100000 8 4 10 1 1 1 9 7 6 3 7 1 1 100000 6 5
26 32 19 9 4 15 25 24 4 15 12 7 3 10 17 15 3 11
27 15 4 6 3 10 8 9 7 9 3 5 3 7 6 6 5 7
28 100000 17 2 14 11 13 3 17 19 100000 2 10 7 9 100000 100000 13
29 14 5 9 10 2 2 2 1 9 4 6 7 2 2 2 1 6
30 100000 3 13 27 16 15 28 7 19 100000 9 19 10 10 100000 5 13
31 35 1 20 25 14 2 7 25 9 1 14 16 9 2 5 17 6
32 100000 10 10 2 5 1 8 2 1 100000 7 2 4 1 5 2 1
33 18 3 13 7 4 2 5 8 3 3 9 5 3 2 4 6 3
34 53 22 14 33 17 34 13 2 3 14 9 23 11 23 9 2 2
35 100000 37 33 10 9 32 41 29 20 24 100000 7 7 100000 27 18 13
36 100000 16 33 5 6 16 19 30 34 11 21 4 4 10 100000 100000 23
37 9 7 5 6 2 1 5 3 6 5 4 4 2 1 4 3 4
38 100000 45 3 48 54 23 71 40 18 100000 100000 31 35 15 50 25 12
39 100000 5 1 6 2 3 2 3 7 100000 1 4 2 3 100000 100000 100000
40 55 41 35 18 34 32 35 15 41 27 24 12 23 23 24 10 27
41 65 43 31 42 14 36 45 26 30 29 21 30 10 25 30 18 20
42 21 4 13 9 12 2 14 6 16 3 8 6 9 2 9 4 10
43 100000 28 27 18 31 29 5 23 7 20 18 12 19 100000 4 16 5
44 87 42 29 48 15 1 4 23 47 27 21 33 10 1 3 15 31
45 109 73 42 57 53 32 25 42 22 50 26 38 36 22 18 30 14
46 9 5 3 6 6 1 3 1 2 4 3 4 5 1 2 1 2
47 100000 35 16 15 18 26 11 3 16 23 12 100000 13 18 7 2 11
48 100000 13 7 3 7 4 10 2 8 9 5 100000 5 3 7 100000 100000
49 62 24 32 3 33 9 1 1 7 16 21 2 22 7 1 1 5
50 45 14 32 33 1 22 3 1 26 10 23 24 1 15 2 1 17
51 100000 9 14 3 31 24 4 17 19 100000 10 2 100000 16 3 11 13
52 14 3 1 5 10 11 8 2 9 3 1 4 7 7 6 2 6
53 154 87 36 43 63 84 88 54 9 58 25 28 43 52 55 34 7
54 100000 15 24 25 15 3 5 20 12 100000 16 16 10 100000 4 100000 8
55 9 3 4 5 7 3 6 3 3 2 3 4 5 3 4 2 3
56 36 20 7 13 1 20 14 6 17 14 5 9 1 14 10 4 11
57 16 1 11 4 10 8 5 2 6 1 7 3 7 6 4 2 4
58 100000 24 48 4 19 31 35 36 43 17 100000 100000 12 20 22 23 26
59 19 14 3 5 4 8 13 10 9 10 2 4 3 5 9 7 6
60 100000 2 2 3 3 1 3 2 1 100000 2 100000 100000 1 2 2 1
61 4 1 2 3 2 1 3 1 1 1 2 3 2 1 3 1 1
62 100000 5 5 5 4 5 6 4 2 4 4 4 100000 4 100000 3 100000
63 100000 13 5 3 8 14 4 16 5 100000 100000 3 6 9 3 10 100000
64 45 4 28 23 15 15 4 30 32 3 19 15 10 10 3 19 22
65 11 7 5 2 7 4 7 8 6 5 4 2 5 3 5 6 5
66 25 11 1 16 1 14 5 3 6 8 1 11 1 9 4 3 4
67 13 8 6 3 1 4 2 10 9 5 4 2 1 3 2 7 6
68 100000 3 6 11 12 13 4 6 13 3 5 7 100000 10 3 5 9
69 100000 3 13 27 24 27 10 12 5 100000 8 17 100000 100000 7 100000 4
70 100000 5 10 5 7 5 10 2 7 100000 7 4 100000 100000 100000 2 5
71 163 29 25 80 111 7 97 95 93 21 16 55 74 5 61 63 64
72 32 15 3 19 8 6 19 5 5 10 2 13 6 5 14 4 4
73 54 9 30 10 35 4 36 3 36 7 19 7 24 3 25 3 24
74 54 25 20 16 35 12 34 16 20 16 14 11 24 8 24 11 14
75 131 87 15 73 11 18 82 61 45 58 10 48 7 12 53 40 32
76 100000 5 3 5 1 3 5 3 4 4 100000 4 1 2 4 3 100000
77 36 13 3 25 15 18 1 12 13 9 2 17 10 13 1 8 9
78 10 8 5 2 6 6 6 4 4 5 4 2 4 5 4 3 3
79 366 266 75 71 150 39 65 231 235 182 46 50 96 25 40 148 147
80 100000 1 2 2 2 7 1 7 2 100000 100000 2 100000 5 1 5 2
81 34 8 10 23 23 13 24 8 13 6 7 15 15 9 17 6 9
82 13 1 9 3 7 4 2 6 8 1 7 2 5 3 2 4 6
83 100000 3 12 1 2 11 8 4 16 2 100000 100000 2 8 6 100000 100000
84 100000 23 20 25 10 1 10 17 18 15 100000 100000 100000 1 7 12 13
85 100000 11 19 9 13 5 9 5 3 8 100000 7 9 100000 100000 4 2
86 27 16 20 11 3 6 8 16 20 11 14 8 2 4 6 10 14
87 100000 40 40 29 17 43 16 35 42 26 26 20 11 30 11 22 29
88 100000 23 17 1 16 11 20 19 16 15 11 100000 100000 100000 14 14 100000
89 17 2 13 12 5 3 6 4 13 2 9 9 4 3 5 3 8
90 100000 6 8 8 4 18 17 6 16 5 5 5 3 13 100000 4 10
91 100000 97 43 57 58 47 43 77 113 68 30 35 100000 31 28 50 100000
92 100000 5 9 8 18 23 31 10 22 100000 7 5 11 100000 20 7 100000
93 35 18 24 14 3 13 8 9 21 12 16 9 2 9 5 7 13
94 100000 2 16 36 42 23 4 10 15 100000 10 22 29 16 3 7 100000
95 100000 17 4 20 5 15 10 3 13 12 100000 14 4 100000 7 100000 8
96 41 29 6 6 16 15 28 23 24 20 4 4 12 10 18 15 16
97 24 3 1 17 10 19 13 9 16 2 1 11 7 13 9 6 11
98 100000 3 11 28 15 11 7 30 2 2 8 100000 10 8 5 21 2
99 100000 16 45 39 30 16 19 50 8 11 28 25 20 11 100000 100000 100000
100 50 31 28 29 6 38 20 20 2 22 20 19 4 24 13 13 2
101 100000 11 6 21 25 10 6 30 23 100000 100000 100000 18 100000 4 100000 16
102 34 5 18 17 1 6 13 17 1 4 12 11 1 4 9 11 1
103 16 10 10 9 12 12 1 10 6 7 7 6 8 8 1 7 4
104 60 23 45 34 2 23 22 22 26 15 31 22 2 15 15 14 18
105 100000 7 10 24 17 7 32 34 28 100000 7 17 12 5 22 23 100000
106 39 16 8 9 27 27 9 22 18 10 5 6 19 17 7 16 13
107 11 7 5 1 7 3 8 2 5 5 4 1 5 2 6 2 4
108 525 48 194 301 315 231 169 103 331 32 125 183 206 153 117 69 201
109 100000 11 28 3 11 4 9 8 23 7 18 100000 7 3 6 6 15
110 45 6 24 28 28 15 7 18 9 5 16 19 19 10 5 12 7
111 100000 19 19 21 12 7 3 22 22 13 100000 100000 100000 100000 3 15 14
112 223 126 61 34 161 54 7 99 132 85 38 22 98 33 5 62 82
113 15 8 5 7 9 6 5 8 4 5 4 5 7 4 4 6 3
114 25 1 12 15 17 12 7 15 4 1 8 10 11 8 5 11 3
115 100000 6 14 13 7 13 2 11 9 5 10 9 5 9 2 8 100000
116 43 27 9 22 7 23 29 6 7 19 6 15 5 16 19 4 5
117 41 32 21 29 15 17 13 3 31 20 13 20 10 12 9 2 20
118 100000 18 4 20 6 10 1 12 11 100000 100000 14 5 7 1 8 100000
119 100000 27 18 20 15 3 10 51 28 100000 13 13 10 100000 7 34 17
120 41 18 27 30 18 30 21 2 18 12 17 21 12 19 15 2 12
121 42 18 29 18 3 25 32 15 8 12 19 11 3 16 23 10 5
122 100000 24 9 4 21 14 12 11 3 17 7 3 13 9 8 7 2
123 26 18 12 5 15 11 16 18 5 12 9 4 10 8 10 11 4
124 19 14 11 11 5 7 8 8 9 10 7 8 4 5 6 6 7
125 25 19 16 5 17 15 15 3 10 14 11 4 11 11 10 2 7
126 100000 28 8 14 42 1 38 13 47 100000 100000 9 100000 100000 25 100000 31
127 100000 32 1 16 30 54 9 30 12 100000 100000 100000 100000 100000 6 19 100000
128 11 4 2 5 6 4 1 5 2 3 2 4 5 3 1 4 2
129 100000 11 6 7 11 10 10 5 9 7 5 5 8 100000 7 4 100000
130 37 21 18 24 27 17 7 2 1 13 12 15 17 12 5 2 1
131 24 1 3 15 14 14 12 14 8 1 2 11 10 9 8 9 6
132 48 5 31 1 18 28 27 29 31 4 20 1 13 17 19 21 20
133 100000 7 15 16 12 19 22 8 1 5 11 11 100000 14 16 5 1
134 100000 12 13 11 17 20 19 9 16 8 8 7 100000 100000 100000 6 11
135 59 39 5 23 14 3 20 30 35 24 4 14 9 2 14 20 23
136 88 18 10 31 1 2 64 59 16 13 7 21 1 2 39 36 11
137 30 1 9 12 5 18 1 7 13 1 7 9 4 13 1 5 9
138 100000 9 11 14 1 14 1 6 5 100000 100000 100000 1 9 100000 4 4
139 100000 30 34 34 23 10 24 14 32 100000 23 22 16 7 17 9 22
140 30 3 10 15 20 11 9 21 11 2 7 10 14 7 7 13 8
141 100000 138 52 1 35 4 43 62 60 100000 36 1 22 3 27 100000 40
142 100000 132 124 89 53 132 76 140 61 85 100000 61 100000 100000 48 91 41
143 83 7 33 26 21 11 45 49 27 5 23 17 13 7 30 31 19
144 226 165 71 47 156 136 77 105 39 115 44 32 108 94 53 73 25
145 189 18 54 35 108 77 91 46 15 12 36 22 67 53 56 29 10
146 87 33 39 8 34 22 48 49 29 21 25 6 24 16 33 30 19
147 100000 55 48 52 74 36 45 69 37 34 33 32 49 26 100000 44 26
148 105 6 7 48 6 9 50 20 74 4 5 32 5 6 33 14 46
<posture of tasks>
1 1
2 1
3 1
4 1
5 1
6 1
7 1
8 1
9 1
10 0
11 1
12 1
13 0
14 1
15 1
16 1
17 1
18 1
19 0
20 1
21 1
22 1
23 0
24 1
25 0
26 1
27 0
28 0
29 1
30 1
31 1
32 1
33 1
34 1
35 1
36 1
37 1
38 0
39 1
40 1
41 1
42 1
43 1
44 0
45 1
46 0
47 1
48 1
49 1
50 1
51 0
52 0
53 1
54 0
55 1
56 1
57 1
58 1
59 1
60 1
61 1
62 1
63 1
64 0
65 1
66 1
67 0
68 1
69 1
70 0
71 1
72 1
73 1
74 1
75 1
76 1
77 1
78 1
79 1
80 1
81 1
82 1
83 1
84 1
85 1
86 0
87 1
88 0
89 1
90 1
91 0
92 1
93 1
94 1
95 1
96 1
97 1
98 0
99 1
100 1
101 1
102 1
103 1
104 1
105 0
106 1
107 1
108 1
109 1
110 0
111 1
112 1
113 1
114 1
115 1
116 1
117 1
118 1
119 1
120 0
121 0
122 0
123 0
124 1
125 1
126 1
127 1
128 1
129 1
130 1
131 1
132 1
133 1
134 1
135 1
136 1
137 1
138 0
139 1
140 1
141 1
142 1
143 1
144 1
145 1
146 1
147 0
148 1
<max energy cosumption of alternatives>
1 100000.00
2 3.05
3 5.17
4 5.46
5 2.91
6 5.09
7 4.50
8 3.04
9 4.58
<energy cosumption of alternatives>
1 100000.00 0.35 0.31 0.40 0.19 0.13 0.16 0.35 0.52 0.18 0.19 0.11 0.13 0.06 0.06 0.16 0.31
2 100000.00 0.36 0.68 0.77 0.50 0.89 0.37 0.17 0.34 0.09 0.21 0.31 0.31 0.43 0.19 0.08 0.18
3 100000.00 0.12 0.20 0.17 0.18 0.18 0.14 0.06 0.20 100000.00 0.07 0.07 100000.00 100000.00 0.09 0.04 0.08
4 100000.00 0.76 0.50 1.21 0.92 1.03 0.56 1.25 0.96 0.47 0.23 0.47 100000.00 0.70 100000.00 0.51 100000.00
5 100000.00 0.07 0.15 0.85 0.37 0.57 0.18 0.71 0.64 0.04 0.03 0.21 0.18 0.36 0.09 0.28 0.36
6 100000.00 0.07 0.21 0.27 0.16 0.09 0.06 0.10 0.09 0.02 0.14 0.13 0.06 0.04 0.03 0.06 0.06
7 100000.00 0.59 0.15 0.57 0.19 0.27 0.96 0.59 1.08 0.41 0.03 0.34 0.07 0.18 0.41 0.34 0.38
8 100000.00 0.47 0.46 0.25 0.35 1.01 0.34 0.96 1.07 100000.00 0.17 0.05 100000.00 0.41 0.10 0.22 0.66
9 100000.00 0.11 0.46 1.01 0.44 0.68 0.28 0.66 0.13 0.05 0.26 0.28 0.18 0.19 0.14 0.40 0.03
10 100000.00 0.44 0.09 0.25 0.28 0.16 0.16 0.32 0.16 0.21 0.02 100000.00 100000.00 100000.00 100000.00 0.20 0.09
11 100000.00 0.43 0.47 0.47 0.39 0.29 0.35 0.33 0.17 0.14 0.21 0.16 0.27 0.14 0.16 0.12 0.07
12 100000.00 0.17 0.34 0.07 0.26 0.26 0.22 0.14 0.28 0.06 0.08 0.05 0.06 0.17 0.14 0.06 0.16
13 100000.00 0.42 0.72 0.44 0.52 0.47 0.51 0.49 0.79 0.14 0.19 0.12 0.31 0.28 0.19 0.34 0.25
14 100000.00 0.12 0.39 0.30 0.18 0.33 0.39 0.06 0.30 0.03 0.22 100000.00 0.10 0.11 100000.00 100000.00 0.19
15 100000.00 1.12 1.65 1.31 1.40 0.89 1.56 1.03 1.56 0.33 1.02 0.85 0.84 0.36 0.39 0.32 0.80
16 100000.00 1.31 0.34 1.41 0.54 0.10 1.23 1.00 1.53 0.62 0.07 0.88 0.16 0.02 0.75 0.37 0.31
17 100000.00 0.16 0.22 0.25 0.13 0.28 0.22 0.16 0.06 0.06 0.07 0.08 0.08 0.07 0.10 0.05 0.04
18 100000.00 0.06 0.23 0.66 0.64 0.66 0.57 0.40 0.72 0.02 0.15 0.43 0.35 0.17 0.40 0.15 0.46
19 100000.00 0.25 0.20 0.13 0.04 0.22 0.06 0.29 0.13 0.08 0.10 0.04 0.03 0.15 0.02 0.10 0.06
20 100000.00 0.04 0.09 0.28 0.19 0.13 0.19 0.13 0.15 0.01 0.05 0.14 0.11 0.08 0.07 0.08 0.08
21 100000.00 0.17 0.19 0.22 0.11 0.22 0.10 0.05 0.22 0.04 0.07 0.08 0.04 0.15 100000.00 100000.00 100000.00
22 100000.00 0.16 0.09 0.27 0.22 0.25 0.22 0.04 0.24 0.06 0.04 0.15 0.14 0.06 0.14 0.02 0.15
23 100000.00 0.28 0.16 0.14 0.30 0.37 0.11 0.16 0.18 100000.00 0.06 0.09 100000.00 0.25 100000.00 0.05 100000.00
24 100000.00 0.17 0.10 0.28 0.20 0.13 0.43 0.19 0.43 100000.00 100000.00 0.17 0.09 0.07 0.12 0.06 100000.00
25 100000.00 0.17 0.12 0.26 0.04 0.06 0.06 0.20 0.19 0.10 0.05 0.12 0.02 0.01 100000.00 0.12 0.08
26 100000.00 0.48 0.32 0.17 0.42 0.84 0.78 0.15 0.50 0.25 0.16 0.07 0.21 0.24 0.50 0.06 0.19
27 100000.00 0.10 0.17 0.10 0.22 0.22 0.24 0.15 0.24 0.07 0.05 0.03 0.09 0.05 0.09 0.05 0.06
28 100000.00 0.33 0.09 0.37 0.26 0.34 0.11 0.37 0.48 100000.00 0.05 0.22 0.07 0.07 100000.00 100000.00 0.12
29 100000.00 0.12 0.30 0.33 0.06 0.08 0.08 0.03 0.30 0.04 0.17 0.07 0.04 0.05 0.05 0.01 0.18
30 100000.00 0.11 0.44 0.86 0.45 0.53 0.97 0.21 0.62 100000.00 0.15 0.53 0.18 0.28 100000.00 0.10 0.18
31 100000.00 0.06 0.65 0.81 0.39 0.11 0.26 0.67 0.32 0.04 0.37 0.17 0.24 0.05 0.11 0.15 0.13
32 100000.00 0.25 0.33 0.09 0.16 0.06 0.28 0.07 0.06 100000.00 0.15 0.06 0.10 0.03 0.06 0.03 0.02
33 100000.00 0.11 0.43 0.25 0.14 0.10 0.19 0.23 0.13 0.04 0.13 0.08 0.06 0.06 0.11 0.07 0.07
34 100000.00 0.53 0.45 1.07 0.46 1.16 0.42 0.06 0.12 0.22 0.29 0.52 0.31 0.25 0.23 0.02 0.05
35 100000.00 0.94 1.10 0.34 0.26 1.13 1.38 0.84 0.64 0.52 100000.00 0.11 0.17 100000.00 0.92 0.25 0.23
36 100000.00 0.41 1.09 0.19 0.19 0.55 0.61 0.86 1.12 0.22 0.68 0.10 0.12 0.11 100000.00 100000.00 0.35
37 100000.00 0.19 0.19 0.22 0.07 0.06 0.19 0.10 0.22 0.06 0.11 0.14 0.05 0.02 0.06 0.06 0.09
38 100000.00 0.87 0.11 1.22 1.15 0.59 1.86 0.87 0.45 100000.00 100000.00 0.31 0.50 0.23 1.21 0.61 0.16
39 100000.00 0.15 0.08 0.23 0.09 0.14 0.11 0.12 0.26 100000.00 0.02 0.07 0.03 0.08 100000.00 100000.00 100000.00
40 100000.00 1.05 1.17 0.59 0.98 1.14 1.20 0.42 1.35 0.66 0.47 0.38 0.68 0.57 0.51 0.24 0.84
41 100000.00 1.08 1.03 1.36 0.38 1.24 1.49 0.68 1.00 0.25 0.27 0.32 0.09 0.31 0.34 0.31 0.64
42 100000.00 0.15 0.44 0.32 0.36 0.11 0.48 0.21 0.54 0.07 0.29 0.19 0.09 0.04 0.33 0.07 0.29
43 100000.00 0.74 0.85 0.58 0.86 1.00 0.18 0.62 0.24 0.45 0.30 0.16 0.27 100000.00 0.05 0.19 0.08
44 100000.00 0.81 0.77 1.20 0.31 0.06 0.13 0.48 1.18 0.47 0.43 0.82 0.19 0.02 0.04 0.27 0.36
45 100000.00 1.83 1.38 1.90 1.45 1.14 0.80 1.17 0.70 0.42 0.89 0.92 0.32 0.63 0.21 0.76 0.20
46 100000.00 0.11 0.11 0.18 0.16 0.06 0.11 0.04 0.08 0.05 0.04 0.09 0.07 0.03 0.05 0.02 0.05
47 100000.00 0.89 0.52 0.48 0.49 0.85 0.37 0.10 0.52 0.37 0.17 100000.00 0.15 0.49 0.20 0.03 0.22
48 100000.00 0.32 0.25 0.13 0.20 0.16 0.34 0.07 0.28 0.22 0.14 100000.00 0.10 0.05 0.19 100000.00 100000.00
49 100000.00 0.60 1.09 0.13 0.95 0.32 0.07 0.05 0.26 0.29 0.39 0.05 0.32 0.20 0.04 0.03 0.14
50 100000.00 0.34 1.04 1.07 0.03 0.72 0.12 0.03 0.81 0.15 0.35 0.39 0.02 0.44 0.03 0.01 0.18
51 100000.00 0.17 0.35 0.10 0.66 0.61 0.12 0.36 0.47 100000.00 0.08 0.02 100000.00 0.35 0.06 0.23 0.29
52 100000.00 0.07 0.05 0.14 0.21 0.28 0.21 0.05 0.23 0.03 0.01 0.08 0.12 0.12 0.11 0.02 0.15
53 100000.00 2.24 1.19 1.40 1.77 2.92 2.95 1.49 0.31 1.05 0.71 0.96 1.21 0.61 1.35 0.71 0.16
54 100000.00 0.29 0.59 0.61 0.32 0.11 0.15 0.41 0.31 100000.00 0.39 0.35 0.10 100000.00 0.08 100000.00 0.13
55 100000.00 0.11 0.17 0.20 0.21 0.14 0.23 0.11 0.14 0.07 0.07 0.09 0.11 0.07 0.05 0.06 0.06
56 100000.00 0.51 0.26 0.44 0.06 0.68 0.47 0.20 0.56 0.19 0.16 0.28 0.03 0.30 0.17 0.14 0.32
57 100000.00 0.04 0.36 0.15 0.28 0.28 0.18 0.07 0.21 0.01 0.22 0.09 0.16 0.10 0.08 0.02 0.15
58 100000.00 0.58 1.54 0.15 0.50 1.08 1.17 1.00 1.38 0.32 100000.00 100000.00 0.34 0.74 0.31 0.48 0.66
59 100000.00 0.36 0.13 0.20 0.14 0.29 0.44 0.30 0.32 0.13 0.09 0.06 0.08 0.15 0.13 0.17 0.17
60 100000.00 0.08 0.10 0.13 0.11 0.08 0.14 0.08 0.07 100000.00 0.07 100000.00 100000.00 0.04 0.09 0.04 0.05
61 100000.00 0.05 0.10 0.13 0.08 0.07 0.13 0.05 0.07 0.02 0.02 0.06 0.05 0.03 0.09 0.03 0.02
62 100000.00 0.13 0.18 0.18 0.13 0.19 0.22 0.13 0.09 0.04 0.06 0.05 100000.00 0.11 100000.00 0.04 100000.00
63 100000.00 0.31 0.18 0.12 0.22 0.45 0.15 0.43 0.18 100000.00 100000.00 0.07 0.13 0.13 0.03 0.26 100000.00
64 100000.00 0.10 0.72 0.56 0.31 0.40 0.12 0.65 0.82 0.06 0.22 0.23 0.14 0.19 0.06 0.24 0.34
65 100000.00 0.18 0.17 0.08 0.18 0.14 0.24 0.21 0.20 0.06 0.10 0.05 0.08 0.09 0.07 0.09 0.13
66 100000.00 0.29 0.07 0.52 0.05 0.47 0.19 0.10 0.22 0.10 0.02 0.22 0.02 0.32 0.09 0.03 0.05
67 100000.00 0.18 0.17 0.10 0.04 0.13 0.08 0.22 0.24 0.07 0.05 0.06 0.02 0.09 0.05 0.08 0.08
68 100000.00 0.10 0.22 0.37 0.34 0.44 0.16 0.19 0.43 0.02 0.07 0.21 100000.00 0.13 0.07 0.10 0.25
69 100000.00 0.09 0.42 0.84 0.64 0.87 0.33 0.33 0.17 100000.00 0.26 0.18 100000.00 100000.00 0.21 100000.00 0.05
70 100000.00 0.10 0.26 0.15 0.15 0.15 0.27 0.06 0.20 100000.00 0.06 0.06 100000.00 100000.00 100000.00 0.02 0.05
71 100000.00 0.75 0.79 2.58 3.10 0.25 3.25 2.64 3.04 0.21 0.46 1.23 1.87 0.10 0.81 1.00 1.13
72 100000.00 0.39 0.13 0.62 0.23 0.22 0.62 0.17 0.19 0.14 0.03 0.41 0.05 0.06 0.27 0.04 0.10
73 100000.00 0.23 1.01 0.34 0.99 0.16 1.22 0.10 1.19 0.12 0.21 0.11 0.53 0.07 0.41 0.05 0.27
74 100000.00 0.61 0.65 0.53 1.01 0.41 1.18 0.45 0.65 0.15 0.18 0.24 0.27 0.08 0.63 0.19 0.27
75 100000.00 2.24 0.49 2.38 0.32 0.61 2.71 1.71 1.47 1.24 0.12 0.56 0.12 0.42 1.67 1.04 0.46
76 100000.00 0.14 0.13 0.19 0.05 0.13 0.19 0.11 0.16 0.08 100000.00 0.07 0.02 0.09 0.12 0.06 100000.00
77 100000.00 0.34 0.14 0.81 0.42 0.62 0.08 0.36 0.44 0.19 0.08 0.24 0.25 0.41 0.03 0.17 0.12
78 100000.00 0.23 0.19 0.10 0.20 0.22 0.22 0.14 0.16 0.12 0.11 0.03 0.10 0.09 0.13 0.03 0.04
79 100000.00 6.97 2.51 2.39 4.33 1.39 2.27 6.65 7.91 3.16 1.51 0.58 2.61 0.42 0.50 2.50 2.92
80 100000.00 0.05 0.10 0.10 0.08 0.25 0.07 0.20 0.10 100000.00 100000.00 0.03 100000.00 0.12 0.04 0.12 0.04
81 100000.00 0.23 0.34 0.74 0.63 0.44 0.77 0.23 0.43 0.05 0.08 0.20 0.25 0.24 0.50 0.12 0.19
82 100000.00 0.06 0.32 0.14 0.21 0.17 0.11 0.21 0.29 0.02 0.19 0.05 0.08 0.08 0.05 0.13 0.14
83 100000.00 0.10 0.39 0.06 0.07 0.37 0.27 0.13 0.52 0.06 100000.00 100000.00 0.04 0.11 0.06 100000.00 100000.00
84 100000.00 0.56 0.64 0.79 0.28 0.06 0.34 0.46 0.58 0.29 100000.00 100000.00 100000.00 0.03 0.12 0.26 0.28
85 100000.00 0.29 0.61 0.31 0.35 0.19 0.31 0.17 0.13 0.20 100000.00 0.17 0.16 100000.00 100000.00 0.11 0.08
86 100000.00 0.33 0.51 0.30 0.10 0.18 0.23 0.35 0.51 0.16 0.33 0.20 0.03 0.10 0.12 0.17 0.26
87 100000.00 0.99 1.28 0.94 0.46 1.43 0.51 0.96 1.34 0.38 0.86 0.28 0.29 0.72 0.34 0.62 0.59
88 100000.00 0.42 0.41 0.05 0.33 0.28 0.48 0.37 0.39 0.27 0.14 100000.00 100000.00 100000.00 0.22 0.16 100000.00
89 100000.00 0.07 0.43 0.40 0.16 0.13 0.22 0.13 0.43 0.03 0.21 0.24 0.07 0.04 0.14 0.08 0.12
90 100000.00 0.18 0.29 0.29 0.15 0.62 0.56 0.20 0.53 0.10 0.10 0.16 0.07 0.27 100000.00 0.14 0.19
91 100000.00 1.92 1.11 1.51 1.30 1.27 1.13 1.67 2.95 0.76 0.74 0.70 100000.00 0.39 0.44 0.65 100000.00
92 100000.00 0.14 0.32 0.29 0.51 0.77 1.09 0.29 0.71 100000.00 0.20 0.19 0.30 100000.00 0.41 0.09 100000.00
93 100000.00 0.44 0.76 0.46 0.10 0.44 0.28 0.26 0.67 0.28 0.38 0.12 0.07 0.11 0.16 0.17 0.20
94 100000.00 0.07 0.52 1.18 1.16 0.76 0.15 0.28 0.48 100000.00 0.22 0.43 0.80 0.49 0.07 0.15 100000.00
95 100000.00 0.41 0.16 0.64 0.16 0.52 0.34 0.10 0.43 0.27 100000.00 0.15 0.06 100000.00 0.18 100000.00 0.24
96 100000.00 0.73 0.21 0.21 0.43 0.51 0.93 0.62 0.76 0.26 0.05 0.06 0.11 0.22 0.24 0.42 0.17
97 100000.00 0.11 0.07 0.56 0.29 0.65 0.44 0.26 0.53 0.05 0.04 0.27 0.07 0.40 0.09 0.12 0.28
98 100000.00 0.08 0.28 0.72 0.31 0.28 0.19 0.65 0.07 0.04 0.06 100000.00 0.14 0.17 0.07 0.45 0.03
99 100000.00 0.41 1.47 1.29 0.87 0.55 0.62 1.37 0.28 0.19 0.36 0.55 0.19 0.11 100000.00 100000.00 100000.00
100 100000.00 0.83 0.97 1.00 0.20 1.34 0.65 0.54 0.10 0.26 0.56 0.51 0.10 0.28 0.32 0.33 0.02
101 100000.00 0.28 0.21 0.67 0.65 0.34 0.21 0.85 0.73 100000.00 100000.00 100000.00 0.36 100000.00 0.11 100000.00 0.47
102 100000.00 0.15 0.59 0.56 0.06 0.23 0.44 0.48 0.08 0.09 0.39 0.31 0.03 0.06 0.10 0.20 0.05
103 100000.00 0.26 0.34 0.31 0.35 0.41 0.07 0.29 0.22 0.05 0.19 0.06 0.24 0.14 0.04 0.15 0.08
104 100000.00 0.56 1.45 1.12 0.07 0.76 0.70 0.59 0.82 0.36 0.36 0.56 0.04 0.50 0.31 0.40 0.47
105 100000.00 0.15 0.26 0.59 0.36 0.19 0.85 0.74 0.74 100000.00 0.10 0.39 0.21 0.09 0.43 0.32 100000.00
106 100000.00 0.42 0.29 0.32 0.73 0.90 0.32 0.61 0.59 0.12 0.17 0.11 0.26 0.60 0.17 0.32 0.33
107 100000.00 0.21 0.21 0.08 0.22 0.15 0.30 0.09 0.21 0.04 0.09 0.04 0.06 0.06 0.19 0.06 0.05
108 100000.00 1.21 6.35 9.78 8.74 7.98 5.68 2.83 10.82 0.30 3.53 3.81 1.78 4.04 2.14 0.71 5.73
109 100000.00 0.29 0.96 0.13 0.32 0.16 0.31 0.23 0.74 0.11 0.60 100000.00 0.19 0.07 0.09 0.12 0.31
110 100000.00 0.14 0.60 0.78 0.67 0.42 0.21 0.40 0.26 0.10 0.37 0.21 0.21 0.25 0.12 0.19 0.17
111 100000.00 0.47 0.61 0.67 0.35 0.25 0.13 0.59 0.71 0.14 100000.00 100000.00 100000.00 100000.00 0.03 0.20 0.22
112 100000.00 3.26 2.05 1.16 4.54 1.85 0.26 2.80 4.36 0.81 0.79 0.39 2.90 0.64 0.16 1.51 2.38
113 100000.00 0.22 0.18 0.24 0.25 0.22 0.18 0.22 0.15 0.15 0.11 0.11 0.10 0.09 0.13 0.06 0.07
114 100000.00 0.05 0.41 0.50 0.48 0.41 0.26 0.42 0.17 0.01 0.22 0.19 0.24 0.16 0.11 0.14 0.10
115 100000.00 0.17 0.46 0.43 0.20 0.44 0.10 0.32 0.31 0.12 0.20 0.11 0.06 0.29 0.04 0.19 100000.00
116 100000.00 0.66 0.31 0.71 0.20 0.77 0.99 0.20 0.25 0.46 0.08 0.48 0.14 0.45 0.41 0.13 0.13
117 100000.00 0.87 0.69 1.01 0.43 0.59 0.44 0.12 1.07 0.37 0.33 0.21 0.10 0.30 0.14 0.08 0.73
118 100000.00 0.43 0.15 0.63 0.18 0.33 0.05 0.33 0.36 100000.00 100000.00 0.19 0.11 0.08 0.01 0.16 100000.00
119 100000.00 0.67 0.60 0.66 0.43 0.14 0.35 1.43 0.99 100000.00 0.27 0.18 0.24 100000.00 0.09 0.59 0.52
120 100000.00 0.35 0.67 0.82 0.40 0.87 0.53 0.07 0.46 0.09 0.44 0.31 0.20 0.27 0.19 0.04 0.16
121 100000.00 0.33 0.76 0.45 0.08 0.63 0.86 0.31 0.22 0.23 0.44 0.28 0.06 0.18 0.31 0.17 0.10
122 100000.00 0.46 0.25 0.14 0.44 0.37 0.32 0.25 0.11 0.11 0.08 0.06 0.23 0.19 0.10 0.06 0.05
123 100000.00 0.33 0.31 0.15 0.31 0.29 0.40 0.38 0.15 0.14 0.13 0.08 0.13 0.19 0.22 0.25 0.08
124 100000.00 0.36 0.38 0.38 0.18 0.26 0.29 0.24 0.32 0.25 0.25 0.20 0.07 0.15 0.20 0.11 0.15
125 100000.00 0.47 0.52 0.18 0.46 0.52 0.49 0.10 0.34 0.13 0.14 0.09 0.28 0.15 0.33 0.07 0.07
126 100000.00 0.76 0.28 0.47 1.19 0.07 1.29 0.36 1.54 100000.00 100000.00 0.27 100000.00 100000.00 0.83 100000.00 0.56
127 100000.00 0.84 0.07 0.52 0.87 1.83 0.31 0.87 0.40 100000.00 100000.00 100000.00 100000.00 100000.00 0.14 0.48 100000.00
128 100000.00 0.12 0.09 0.18 0.18 0.15 0.06 0.15 0.09 0.07 0.02 0.07 0.04 0.08 0.03 0.09 0.05
129 100000.00 0.30 0.23 0.26 0.33 0.35 0.35 0.18 0.32 0.20 0.10 0.16 0.14 100000.00 0.08 0.11 100000.00
130 100000.00 0.50 0.58 0.76 0.71 0.58 0.25 0.07 0.06 0.29 0.24 0.25 0.46 0.25 0.10 0.05 0.04
131 100000.00 0.06 0.14 0.50 0.40 0.48 0.41 0.40 0.29 0.02 0.10 0.12 0.22 0.12 0.22 0.20 0.10
132 100000.00 0.14 1.05 0.07 0.51 0.99 0.86 0.85 1.05 0.08 0.60 0.05 0.26 0.30 0.19 0.55 0.34
133 100000.00 0.21 0.50 0.53 0.36 0.66 0.72 0.24 0.08 0.10 0.16 0.21 100000.00 0.33 0.43 0.08 0.04
134 100000.00 0.31 0.42 0.36 0.47 0.67 0.61 0.25 0.52 0.18 0.10 0.23 100000.00 100000.00 100000.00 0.11 0.13
135 100000.00 1.01 0.19 0.74 0.39 0.13 0.65 0.88 1.17 0.26 0.11 0.51 0.22 0.05 0.13 0.52 0.36
136 100000.00 0.44 0.34 1.04 0.05 0.10 2.17 1.67 0.52 0.12 0.14 0.39 0.01 0.02 0.45 0.52 0.15
137 100000.00 0.05 0.31 0.41 0.17 0.62 0.07 0.21 0.44 0.02 0.13 0.27 0.05 0.30 0.02 0.08 0.27
138 100000.00 0.18 0.29 0.36 0.04 0.36 0.06 0.15 0.15 100000.00 100000.00 100000.00 0.01 0.22 100000.00 0.08 0.09
139 100000.00 0.82 1.16 1.16 0.64 0.36 0.78 0.40 1.10 100000.00 0.70 0.27 0.21 0.22 0.38 0.11 0.73
140 100000.00 0.10 0.34 0.49 0.53 0.37 0.31 0.56 0.37 0.03 0.20 0.18 0.21 0.10 0.16 0.25 0.22
141 100000.00 3.50 1.67 0.06 0.98 0.16 1.43 1.72 1.98 100000.00 1.04 0.03 0.30 0.04 0.71 100000.00 1.13
142 100000.00 3.30 4.01 2.89 1.44 4.49 2.51 3.86 1.99 2.09 100000.00 0.74 100000.00 100000.00 1.66 2.57 0.70
143 100000.00 0.21 1.13 0.84 0.58 0.39 1.53 1.37 0.87 0.12 0.49 0.36 0.29 0.16 0.67 0.35 0.18
144 100000.00 4.06 2.27 1.50 4.24 4.60 2.52 2.83 1.25 1.92 1.47 0.63 2.04 2.05 1.34 1.17 0.49
145 100000.00 0.45 1.75 1.17 3.01 2.67 3.11 1.28 0.49 0.29 0.37 0.67 1.85 0.96 1.29 0.71 0.29
146 100000.00 0.82 1.26 0.27 0.94 0.73 1.56 1.31 0.95 0.52 0.25 0.14 0.23 0.27 0.43 0.54 0.54
147 100000.00 1.06 1.20 1.29 1.56 0.97 1.16 1.47 0.95 0.52 0.38 0.51 0.52 0.55 100000.00 0.42 0.43
148 100000.00 0.16 0.24 1.54 0.19 0.31 1.63 0.53 2.38 0.08 0.05 0.45 0.06 0.10 0.77 0.36 1.15
<task rigidity>
1 9
2 5
3 1
4 7
5 3
6 1
7 6
8 4
9 6
10 9
11 1
12 7
13 2
14 1
15 6
16 3
17 5
18 8
19 3
20 8
21 4
22 2
23 1
24 6
25 6
26 4
27 4
28 7
29 8
30 4
31 6
32 1
33 4
34 10
35 3
36 3
37 1
38 7
39 5
40 4
41 1
42 5
43 10
44 8
45 5
46 2
47 4
48 1
49 6
50 8
51 5
52 3
53 6
54 6
55 1
56 1
57 8
58 7
59 2
60 3
61 6
62 4
63 9
64 5
65 1
66 9
67 4
68 3
69 6
70 1
71 10
72 5
73 1
74 3
75 5
76 3
77 3
78 8
79 4
80 1
81 4
82 8
83 10
84 3
85 8
86 1
87 3
88 8
89 4
90 9
91 4
92 1
93 6
94 6
95 10
96 8
97 6
98 7
99 2
100 10
101 8
102 1
103 7
104 1
105 5
106 6
107 3
108 9
109 8
110 2
111 4
112 4
113 5
114 7
115 9
116 4
117 4
118 4
119 1
120 4
121 1
122 2
123 2
124 1
125 6
126 1
127 3
128 3
129 4
130 3
131 4
132 5
133 1
134 10
135 1
136 6
137 4
138 2
139 4
140 8
141 3
142 5
143 6
144 6
145 9
146 1
147 10
148 5
<precedence relations>
1,5
1,6
1,7
1,8
2,3
3,4
3,5
3,6
3,7
4,8
5,14
6,9
7,14
8,10
9,14
10,14
11,12
12,13
14,15
14,16
15,17
16,17
17,18
17,19
18,20
19,20
20,21
20,22
20,23
20,24
21,25
21,26
21,27
21,28
22,25
22,26
22,27
22,28
23,25
23,26
23,27
23,28
24,25
24,26
24,27
24,28
25,29
26,29
27,29
28,29
29,31
31,36
32,34
33,35
34,36
35,36
36,37
37,38
37,45
38,39
39,40
40,41
40,48
40,54
42,43
43,44
45,46
46,47
47,48
47,49
47,54
50,51
51,53
51,69
52,53
54,55
54,72
54,76
54,89
54,90
55,133
56,73
57,82
58,86
58,88
59,75
59,89
61,62
62,63
63,67
64,65
64,71
64,72
65,66
65,99
66,67
67,68
68,95
68,98
69,79
70,71
72,134
73,86
73,88
73,89
73,90
73,96
74,75
75,90
75,97
76,77
77,78
78,82
79,80
79,85
79,143
79,146
80,81
81,82
82,83
83,84
84,106
86,87
90,111
91,105
92,135
95,101
96,104
98,101
99,100
100,101
101,102
101,103
102,127
103,127
105,119
106,107
107,108
108,109
109,110
111,112
112,113
113,114
113,116
113,120
113,123
113,128
114,115
115,125
116,117
117,118
118,126
120,121
121,122
122,126
123,124
124,125
128,129
129,130
130,131
130,137
132,135
133,135
134,135
135,136
138,139
139,140
141,142
142,143
142,146
142,147
142,148
144,145
145,147
145,148
<end>