<number of tasks>
21
<number of stations>
6
<number of workers>
6
<type of the robots>
1
<limit of the robots>
3
<task times>
1 5 3 4 4 2 1 1 2 3 3 2 1 1
2 4 1 1 1 3 3 3 1 1 1 3 3 2
3 12 2 1 6 7 7 5 2 1 4 5 5 4
4 6 5 3 4 4 3 3 4 2 3 3 2 2
5 100000 8 5 1 2 2 9 100000 4 1 2 100000 100000
6 100000 3 4 2 2 1 1 2 3 100000 2 1 1
7 10 2 7 1 2 8 2 2 5 1 2 5 2
8 9 4 2 2 7 5 5 3 2 2 5 4 4
9 6 2 4 2 1 2 2 2 3 2 1 2 2
10 1 1 1 1 1 1 1 1 1 1 1 1 1
11 3 2 2 2 2 2 3 2 2 2 2 2 3
12 1 1 1 1 1 1 1 1 1 1 1 1 1
13 7 5 1 3 4 5 5 4 1 2 3 4 4
14 4 1 1 2 2 2 1 1 1 2 2 2 1
15 6 2 2 3 3 4 5 2 2 3 2 3 4
16 100000 1 2 2 3 2 3 1 2 2 2 2 100000
17 16 6 11 1 2 1 12 5 7 1 2 1 8
18 100000 1 3 3 1 2 1 1 2 100000 1 100000 1
19 100000 2 2 2 1 2 2 100000 2 100000 1 2 100000
20 4 2 3 2 1 3 1 2 2 2 1 2 1
21 9 1 1 2 2 6 3 1 1 2 2 5 3
<posture of tasks>
1 1
2 0
3 1
4 1
5 1
6 1
7 1
8 1
9 0
10 1
11 0
12 1
13 1
14 1
15 1
16 1
17 1
18 1
19 1
20 1
21 0
<max energy cosumption of alternatives>
1 100000.00
2 4.22
3 4.64
4 5.35
5 4.80
6 5.27
7 3.03
<energy cosumption of alternatives>
1 100000.00 0.12 0.15 0.15 0.09 0.06 0.04 0.04 0.04 0.03 0.03 0.01 0.01
2 100000.00 0.06 0.06 0.06 0.10 0.10 0.08 0.04 0.01 0.03 0.02 0.06 0.04
3 100000.00 0.10 0.07 0.22 0.26 0.25 0.17 0.04 0.03 0.11 0.11 0.10 0.05
4 100000.00 0.19 0.13 0.16 0.16 0.13 0.11 0.07 0.07 0.10 0.11 0.05 0.06
5 100000.00 0.29 0.19 0.07 0.10 0.10 0.26 100000.00 0.13 0.05 0.05 100000.00 100000.00
6 100000.00 0.13 0.16 0.10 0.10 0.06 0.04 0.07 0.06 100000.00 0.06 0.04 0.02
7 100000.00 0.09 0.24 0.06 0.09 0.27 0.07 0.03 0.09 0.02 0.03 0.06 0.03
8 100000.00 0.17 0.11 0.11 0.27 0.20 0.18 0.07 0.05 0.05 0.15 0.13 0.06
9 100000.00 0.08 0.13 0.08 0.06 0.08 0.06 0.05 0.05 0.04 0.03 0.02 0.03
10 100000.00 0.06 0.06 0.06 0.06 0.06 0.04 0.03 0.02 0.01 0.03 0.02 0.01
11 100000.00 0.07 0.07 0.07 0.07 0.07 0.07 0.04 0.04 0.04 0.04 0.04 0.04
12 100000.00 0.07 0.07 0.07 0.07 0.07 0.05 0.03 0.04 0.02 0.05 0.03 0.03
13 100000.00 0.18 0.06 0.12 0.15 0.18 0.15 0.08 0.03 0.06 0.05 0.06 0.04
14 100000.00 0.06 0.06 0.09 0.09 0.09 0.04 0.04 0.02 0.02 0.05 0.05 0.02
15 100000.00 0.10 0.10 0.13 0.14 0.16 0.17 0.05 0.07 0.07 0.06 0.07 0.07
16 100000.00 0.06 0.09 0.09 0.12 0.09 0.10 0.03 0.06 0.04 0.04 0.06 100000.00
17 100000.00 0.23 0.38 0.07 0.10 0.07 0.33 0.10 0.17 0.02 0.03 0.04 0.19
18 100000.00 0.06 0.12 0.12 0.06 0.09 0.04 0.02 0.04 100000.00 0.03 100000.00 0.01
19 100000.00 0.10 0.10 0.10 0.07 0.10 0.08 100000.00 0.06 100000.00 0.05 0.04 100000.00
20 100000.00 0.10 0.13 0.10 0.07 0.13 0.05 0.03 0.07 0.02 0.03 0.06 0.02
21 100000.00 0.06 0.06 0.09 0.09 0.18 0.09 0.04 0.04 0.04 0.05 0.06 0.06
<task rigidity>
1 10
2 6
3 5
4 9
5 3
6 10
7 4
8 2
9 1
10 5
11 4
12 7
13 1
14 8
15 4
16 9
17 10
18 3
19 1
20 4
21 5
<precedence relations>
1,2
1,3
2,21
3,4
4,5
4,21
5,6
5,7
6,8
7,8
7,14
8,9
9,10
9,11
9,12
9,13
10,15
11,15
12,15
13,17
13,18
14,19
15,16
15,18
16,17
17,20
18,19
<end>