<number of tasks>
21
<number of stations>
5
<number of workers>
5
<type of the robots>
1
<limit of the robots>
3
<task times>
1 5 4 2 3 2 4 3 2 2 2 3
2 4 2 3 1 3 3 2 2 1 2 2
3 100000 6 9 1 5 7 100000 6 1 100000 100000
4 7 2 4 1 3 5 2 3 1 3 4
5 12 6 3 5 6 6 4 2 4 5 4
6 100000 4 3 2 2 3 3 100000 100000 2 2
7 11 8 5 5 2 7 6 4 4 2 5
8 9 2 4 4 3 3 2 3 3 3 3
9 7 4 4 3 1 5 3 3 2 1 4
10 1 1 1 1 1 1 1 1 1 1 1
11 100000 2 1 2 3 3 2 100000 2 100000 2
12 1 1 1 1 1 1 1 1 1 1 1
13 6 1 3 4 3 4 1 3 3 2 3
14 4 1 3 3 2 2 1 2 2 2 2
15 7 3 4 4 5 2 3 3 3 4 2
16 100000 3 2 1 1 1 3 2 1 1 100000
17 100000 13 11 11 10 8 100000 7 8 7 6
18 7 4 4 3 5 4 3 3 2 4 3
19 100000 1 1 2 2 2 1 1 2 2 2
20 3 1 3 2 2 2 1 3 2 2 2
21 100000 3 2 1 4 2 100000 2 100000 3 2
<posture of tasks>
1 0
2 1
3 1
4 1
5 0
6 0
7 1
8 1
9 0
10 1
11 1
12 0
13 0
14 0
15 0
16 1
17 0
18 1
19 1
20 1
21 1
<max energy cosumption of alternatives>
1 100000.00
2 4.38
3 5.06
4 3.13
5 4.24
6 3.18
<energy cosumption of alternatives>
1 100000.00 0.14 0.10 0.10 0.10 0.13 0.07 0.04 0.06 0.04 0.06
2 100000.00 0.09 0.12 0.04 0.12 0.09 0.06 0.08 0.02 0.05 0.05
3 100000.00 0.22 0.31 0.05 0.19 0.20 100000.00 0.21 0.03 100000.00 100000.00
4 100000.00 0.09 0.15 0.04 0.12 0.15 0.02 0.09 0.01 0.05 0.03
5 100000.00 0.18 0.11 0.14 0.18 0.14 0.05 0.02 0.09 0.07 0.07
6 100000.00 0.13 0.11 0.07 0.08 0.09 0.07 100000.00 100000.00 0.05 0.05
7 100000.00 0.27 0.18 0.15 0.09 0.19 0.15 0.07 0.05 0.05 0.12
8 100000.00 0.09 0.15 0.13 0.12 0.10 0.05 0.04 0.03 0.07 0.06
9 100000.00 0.12 0.12 0.08 0.05 0.12 0.07 0.03 0.03 0.03 0.06
10 100000.00 0.06 0.06 0.04 0.06 0.04 0.04 0.04 0.02 0.03 0.02
11 100000.00 0.11 0.08 0.09 0.14 0.12 0.05 100000.00 0.06 100000.00 0.07
12 100000.00 0.06 0.06 0.04 0.06 0.04 0.04 0.04 0.02 0.03 0.02
13 100000.00 0.07 0.11 0.12 0.11 0.12 0.04 0.03 0.06 0.07 0.04
14 100000.00 0.05 0.10 0.08 0.07 0.05 0.02 0.03 0.04 0.03 0.04
15 100000.00 0.11 0.14 0.12 0.16 0.07 0.04 0.03 0.04 0.10 0.04
16 100000.00 0.12 0.09 0.04 0.06 0.04 0.08 0.05 0.01 0.02 100000.00
17 100000.00 0.33 0.28 0.24 0.26 0.17 100000.00 0.12 0.15 0.16 0.12
18 100000.00 0.17 0.17 0.12 0.20 0.15 0.06 0.09 0.04 0.14 0.03
19 100000.00 0.07 0.07 0.08 0.10 0.08 0.02 0.05 0.03 0.05 0.05
20 100000.00 0.08 0.14 0.09 0.11 0.09 0.02 0.07 0.03 0.06 0.02
21 100000.00 0.12 0.09 0.04 0.15 0.07 100000.00 0.04 100000.00 0.06 0.02
<task rigidity>
1 5
2 9
3 1
4 3
5 5
6 4
7 6
8 1
9 7
10 10
11 4
12 2
13 2
14 4
15 4
16 2
17 8
18 8
19 6
20 2
21 3
<precedence relations>
1,2
1,3
2,21
3,4
4,5
4,21
5,6
5,7
6,8
7,8
7,14
8,9
9,10
9,11
9,12
9,13
10,15
11,15
12,15
13,17
13,18
14,19
15,16
15,18
16,17
17,20
18,19
<end>