<number of tasks>
21
<number of stations>
4
<number of workers>
4
<type of the robots>
1
<limit of the robots>
1
<task times>
1 100000 2 1 1 2 2 100000 1 2
2 4 3 3 1 3 2 2 1 2
3 100000 2 2 3 3 2 2 100000 100000
4 6 1 5 4 2 1 4 3 2
5 11 2 9 2 8 2 7 2 5
6 5 1 1 4 4 1 1 3 3
7 11 4 1 4 5 3 1 3 4
8 9 1 1 5 2 1 1 4 2
9 7 3 4 2 5 3 3 2 4
10 100000 1 1 1 1 1 1 100000 1
11 100000 1 3 1 3 100000 2 1 2
12 1 1 1 1 1 1 1 1 1
13 6 5 5 4 4 4 4 3 3
14 3 2 2 3 3 2 2 2 2
15 6 5 2 2 5 4 2 2 4
16 100000 2 1 3 3 2 1 2 3
17 18 10 13 7 13 7 9 5 9
18 100000 3 3 3 3 2 100000 3 2
19 2 1 1 1 1 1 1 1 1
20 100000 3 2 3 1 3 2 2 1
21 9 5 7 3 7 4 5 2 5
<posture of tasks>
1 0
2 1
3 0
4 0
5 1
6 1
7 1
8 1
9 1
10 0
11 1
12 1
13 1
14 1
15 1
16 1
17 1
18 1
19 0
20 1
21 1
<max energy cosumption of alternatives>
1 100000.00
2 3.17
3 4.30
4 4.78
5 5.25
<energy cosumption of alternatives>
1 100000.00 0.06 0.06 0.06 0.08 0.02 100000.00 0.02 0.03
2 100000.00 0.10 0.13 0.07 0.13 0.04 0.05 0.04 0.06
3 100000.00 0.07 0.08 0.11 0.11 0.02 0.05 100000.00 100000.00
4 100000.00 0.03 0.14 0.12 0.07 0.02 0.03 0.07 0.02
5 100000.00 0.09 0.32 0.11 0.29 0.06 0.09 0.02 0.14
6 100000.00 0.05 0.07 0.16 0.16 0.02 0.03 0.09 0.07
7 100000.00 0.13 0.07 0.16 0.19 0.09 0.03 0.06 0.07
8 100000.00 0.05 0.07 0.19 0.10 0.03 0.04 0.09 0.05
9 100000.00 0.12 0.17 0.11 0.20 0.08 0.10 0.06 0.08
10 100000.00 0.05 0.07 0.07 0.07 0.03 0.02 100000.00 0.05
11 100000.00 0.05 0.13 0.07 0.13 100000.00 0.08 0.04 0.05
12 100000.00 0.05 0.07 0.07 0.07 0.01 0.05 0.02 0.04
13 100000.00 0.17 0.19 0.16 0.16 0.04 0.13 0.09 0.09
14 100000.00 0.07 0.09 0.12 0.12 0.02 0.04 0.06 0.03
15 100000.00 0.18 0.11 0.11 0.20 0.11 0.06 0.03 0.10
16 100000.00 0.08 0.07 0.13 0.13 0.02 0.04 0.03 0.07
17 100000.00 0.29 0.44 0.26 0.44 0.08 0.20 0.05 0.16
18 100000.00 0.09 0.12 0.12 0.12 0.05 100000.00 0.03 0.03
19 100000.00 0.05 0.07 0.07 0.07 0.03 0.03 0.03 0.05
20 100000.00 0.11 0.10 0.13 0.07 0.07 0.06 0.08 0.03
21 100000.00 0.17 0.25 0.13 0.25 0.05 0.14 0.08 0.14
<task rigidity>
1 4
2 8
3 2
4 10
5 5
6 10
7 9
8 4
9 1
10 5
11 1
12 5
13 2
14 6
15 1
16 8
17 5
18 10
19 10
20 6
21 2
<precedence relations>
1,2
1,3
2,21
3,4
4,5
4,21
5,6
5,7
6,8
7,8
7,14
8,9
9,10
9,11
9,12
9,13
10,15
11,15
12,15
13,17
13,18
14,19
15,16
15,18
16,17
17,20
18,19
<end>