<number of tasks>
21
<number of stations>
8
<number of workers>
8
<type of the robots>
1
<limit of the robots>
2
<task times>
1 100000 1 2 3 1 2 2 4 2 100000 2 100000 100000 2 2 3 100000
2 4 3 1 3 1 1 2 2 3 2 1 3 1 1 2 2 2
3 12 2 3 6 4 7 1 9 9 2 2 5 3 5 1 6 7
4 6 2 3 2 3 1 2 2 1 2 2 2 2 1 2 2 1
5 12 2 2 6 8 8 7 3 7 2 2 4 6 6 5 3 5
6 5 4 3 2 4 2 3 3 4 3 2 2 3 2 3 3 3
7 100000 2 2 3 5 6 3 6 1 2 2 100000 4 100000 2 4 1
8 100000 5 7 5 2 6 3 7 1 4 5 4 100000 5 3 5 1
9 100000 3 1 3 2 3 3 4 2 2 1 2 2 2 100000 3 2
10 1 1 1 1 1 1 1 1 1 1 1 1 1 1 1 1 1
11 100000 2 2 3 1 1 3 2 1 2 100000 2 1 100000 100000 2 100000
12 100000 1 1 1 1 1 1 1 1 1 1 100000 100000 1 1 1 1
13 100000 5 4 4 2 1 4 4 3 4 3 3 100000 1 100000 3 2
14 4 1 2 2 1 1 1 2 1 1 2 2 1 1 1 2 1
15 6 5 5 2 2 3 3 1 5 4 4 2 2 2 3 1 4
16 100000 2 1 3 3 2 1 2 1 2 1 2 100000 2 1 100000 100000
17 16 3 6 2 13 13 6 6 12 3 4 2 9 9 5 4 9
18 7 3 4 3 1 2 4 3 4 2 3 2 1 2 3 2 3
19 2 1 1 2 2 2 2 2 1 1 1 2 2 2 2 2 1
20 4 2 2 2 3 3 2 2 2 2 2 2 3 3 2 2 2
21 100000 2 2 7 5 7 4 6 5 2 100000 5 4 5 3 100000 4
<posture of tasks>
1 1
2 0
3 0
4 0
5 0
6 1
7 1
8 1
9 1
10 1
11 0
12 1
13 1
14 1
15 1
16 1
17 0
18 1
19 1
20 1
21 1
<max energy cosumption of alternatives>
1 100000.00
2 2.67
3 2.96
4 2.64
5 2.81
6 4.23
7 2.99
8 2.67
9 2.43
<energy cosumption of alternatives>
1 100000.00 0.06 0.09 0.12 0.06 0.11 0.09 0.15 0.09 100000.00 0.06 100000.00 100000.00 0.06 0.03 0.09 100000.00
2 100000.00 0.10 0.06 0.10 0.06 0.07 0.08 0.08 0.10 0.07 0.02 0.05 0.02 0.05 0.03 0.04 0.06
3 100000.00 0.06 0.08 0.15 0.10 0.19 0.03 0.19 0.19 0.03 0.03 0.04 0.05 0.07 0.01 0.05 0.13
4 100000.00 0.05 0.08 0.05 0.08 0.05 0.05 0.05 0.03 0.02 0.02 0.01 0.04 0.02 0.04 0.04 0.02
5 100000.00 0.08 0.08 0.17 0.19 0.23 0.17 0.10 0.17 0.04 0.04 0.05 0.12 0.05 0.07 0.02 0.11
6 100000.00 0.14 0.11 0.09 0.14 0.11 0.12 0.12 0.14 0.04 0.03 0.05 0.08 0.03 0.08 0.05 0.08
7 100000.00 0.07 0.06 0.09 0.15 0.21 0.09 0.18 0.04 0.03 0.02 100000.00 0.05 100000.00 0.03 0.06 0.01
8 100000.00 0.17 0.20 0.17 0.08 0.22 0.11 0.20 0.05 0.11 0.10 0.08 100000.00 0.10 0.02 0.11 0.03
9 100000.00 0.10 0.04 0.10 0.07 0.13 0.10 0.13 0.07 0.03 0.01 0.04 0.05 0.04 100000.00 0.05 0.01
10 100000.00 0.05 0.05 0.05 0.05 0.07 0.05 0.05 0.05 0.03 0.03 0.02 0.03 0.04 0.01 0.02 0.02
11 100000.00 0.08 0.08 0.10 0.05 0.07 0.10 0.08 0.05 0.04 100000.00 0.06 0.02 100000.00 100000.00 0.03 100000.00
12 100000.00 0.05 0.05 0.05 0.05 0.07 0.05 0.05 0.05 0.01 0.04 100000.00 100000.00 0.03 0.03 0.03 0.02
13 100000.00 0.16 0.13 0.13 0.07 0.07 0.13 0.13 0.10 0.07 0.05 0.07 100000.00 0.05 100000.00 0.07 0.05
14 100000.00 0.06 0.08 0.08 0.05 0.07 0.06 0.08 0.05 0.03 0.04 0.03 0.03 0.04 0.02 0.02 0.03
15 100000.00 0.17 0.17 0.08 0.08 0.14 0.11 0.05 0.17 0.12 0.08 0.05 0.05 0.08 0.06 0.03 0.10
16 100000.00 0.07 0.04 0.10 0.10 0.09 0.04 0.07 0.04 0.04 0.01 0.06 100000.00 0.06 0.02 100000.00 100000.00
17 100000.00 0.10 0.14 0.07 0.28 0.34 0.16 0.16 0.26 0.06 0.08 0.04 0.19 0.15 0.08 0.04 0.12
18 100000.00 0.10 0.12 0.10 0.04 0.09 0.13 0.10 0.12 0.04 0.04 0.07 0.01 0.02 0.03 0.07 0.04
19 100000.00 0.03 0.03 0.06 0.06 0.08 0.06 0.06 0.03 0.02 0.02 0.04 0.01 0.03 0.03 0.02 0.02
20 100000.00 0.07 0.07 0.07 0.10 0.12 0.07 0.07 0.07 0.04 0.02 0.02 0.06 0.07 0.04 0.05 0.03
21 100000.00 0.06 0.06 0.19 0.15 0.24 0.12 0.18 0.15 0.02 100000.00 0.04 0.06 0.09 0.04 100000.00 0.03
<task rigidity>
1 2
2 6
3 2
4 7
5 10
6 1
7 7
8 4
9 5
10 1
11 3
12 2
13 4
14 2
15 4
16 4
17 5
18 9
19 9
20 10
21 4
<precedence relations>
1,2
1,3
2,21
3,4
4,5
4,21
5,6
5,7
6,8
7,8
7,14
8,9
9,10
9,11
9,12
9,13
10,15
11,15
12,15
13,17
13,18
14,19
15,16
15,18
16,17
17,20
18,19
<end>