<number of tasks>
21
<number of stations>
7
<number of workers>
7
<type of the robots>
1
<limit of the robots>
3
<task times>
1 100000 4 2 3 1 4 2 4 3 2 100000 1 3 2 3
2 3 3 1 2 1 1 2 2 2 1 2 1 1 2 2
3 100000 7 9 2 7 4 8 7 5 100000 2 100000 100000 100000 5
4 100000 3 4 2 4 1 2 2 3 100000 2 3 1 2 2
5 11 2 7 9 3 8 6 2 2 5 6 2 6 4 2
6 5 4 1 2 2 4 3 3 3 1 2 2 3 2 3
7 100000 6 6 5 5 4 1 4 100000 4 4 100000 3 1 3
8 9 3 2 5 5 6 3 2 2 2 4 4 5 2 2
9 100000 5 3 5 5 2 1 2 100000 100000 4 4 2 1 2
10 1 1 1 1 1 1 1 1 1 1 1 1 1 1 1
11 3 2 1 2 2 1 1 1 2 1 2 2 1 1 1
12 100000 1 1 1 1 1 1 1 1 1 1 1 1 100000 1
13 100000 3 3 2 4 4 4 1 2 2 100000 100000 3 100000 1
14 3 1 3 2 1 1 2 1 1 3 2 1 1 2 1
15 7 5 3 3 1 1 2 1 4 2 2 1 1 2 1
16 100000 2 3 2 3 2 1 1 2 100000 2 2 100000 1 100000
17 17 12 6 2 4 6 11 8 8 4 2 3 4 8 6
18 100000 4 4 3 3 2 2 5 100000 3 100000 100000 2 2 4
19 2 2 1 1 2 1 2 1 2 1 1 2 1 2 1
20 4 3 1 1 1 3 1 1 3 1 1 1 2 1 1
21 9 3 3 2 6 4 6 6 2 2 2 4 3 4 4
<posture of tasks>
1 0
2 0
3 0
4 1
5 0
6 1
7 0
8 1
9 1
10 1
11 1
12 0
13 1
14 0
15 1
16 1
17 1
18 1
19 1
20 1
21 1
<max energy cosumption of alternatives>
1 100000.00
2 4.43
3 4.74
4 2.42
5 4.28
6 5.23
7 3.17
8 4.21
<energy cosumption of alternatives>
1 100000.00 0.12 0.08 0.08 0.05 0.12 0.06 0.12 0.08 0.04 100000.00 0.03 0.08 0.01 0.05
2 100000.00 0.11 0.06 0.06 0.06 0.06 0.06 0.09 0.03 0.04 0.03 0.03 0.04 0.03 0.04
3 100000.00 0.19 0.24 0.06 0.19 0.12 0.17 0.19 0.07 100000.00 0.03 100000.00 100000.00 100000.00 0.11
4 100000.00 0.14 0.17 0.09 0.17 0.08 0.09 0.11 0.09 100000.00 0.05 0.05 0.02 0.06 0.05
5 100000.00 0.09 0.20 0.21 0.11 0.23 0.14 0.09 0.05 0.04 0.09 0.07 0.08 0.10 0.04
6 100000.00 0.17 0.07 0.08 0.10 0.17 0.11 0.14 0.10 0.02 0.03 0.06 0.06 0.05 0.09
7 100000.00 0.18 0.18 0.14 0.16 0.14 0.05 0.14 100000.00 0.10 0.05 100000.00 0.08 0.03 0.03
8 100000.00 0.15 0.11 0.18 0.21 0.24 0.12 0.12 0.09 0.05 0.07 0.09 0.09 0.06 0.07
9 100000.00 0.19 0.13 0.16 0.19 0.10 0.05 0.10 100000.00 100000.00 0.06 0.04 0.04 0.02 0.05
10 100000.00 0.06 0.06 0.04 0.06 0.06 0.04 0.06 0.03 0.03 0.01 0.02 0.02 0.02 0.03
11 100000.00 0.11 0.07 0.08 0.10 0.08 0.05 0.07 0.05 0.05 0.03 0.04 0.04 0.03 0.02
12 100000.00 0.07 0.07 0.05 0.07 0.07 0.05 0.07 0.04 0.03 0.03 0.04 0.05 100000.00 0.04
13 100000.00 0.12 0.12 0.06 0.15 0.15 0.12 0.06 0.03 0.03 100000.00 100000.00 0.05 100000.00 0.04
14 100000.00 0.07 0.11 0.07 0.07 0.07 0.07 0.07 0.03 0.05 0.04 0.02 0.02 0.02 0.01
15 100000.00 0.20 0.13 0.11 0.07 0.07 0.08 0.07 0.07 0.06 0.04 0.05 0.03 0.02 0.05
16 100000.00 0.08 0.11 0.06 0.11 0.08 0.03 0.05 0.04 100000.00 0.02 0.08 100000.00 0.01 100000.00
17 100000.00 0.43 0.22 0.08 0.16 0.22 0.29 0.28 0.16 0.07 0.05 0.07 0.13 0.08 0.18
18 100000.00 0.17 0.17 0.12 0.14 0.11 0.09 0.20 100000.00 0.09 100000.00 100000.00 0.04 0.04 0.06
19 100000.00 0.09 0.05 0.03 0.08 0.05 0.06 0.05 0.02 0.01 0.02 0.05 0.03 0.02 0.03
20 100000.00 0.13 0.06 0.04 0.06 0.13 0.04 0.06 0.09 0.03 0.01 0.01 0.03 0.02 0.01
21 100000.00 0.14 0.14 0.08 0.23 0.17 0.18 0.23 0.07 0.08 0.02 0.08 0.11 0.11 0.14
<task rigidity>
1 2
2 3
3 2
4 4
5 9
6 4
7 9
8 8
9 9
10 6
11 2
12 2
13 6
14 3
15 8
16 7
17 3
18 10
19 9
20 10
21 6
<precedence relations>
1,2
1,3
2,21
3,4
4,5
4,21
5,6
5,7
6,8
7,8
7,14
8,9
9,10
9,11
9,12
9,13
10,15
11,15
12,15
13,17
13,18
14,19
15,16
15,18
16,17
17,20
18,19
<end>