<number of tasks>
21
<number of stations>
3
<number of workers>
3
<type of the robots>
1
<limit of the robots>
1
<task times>
1 100000 4 2 4 3 2 3
2 100000 1 3 2 1 3 100000
3 100000 2 7 7 2 100000 100000
4 100000 1 3 2 1 2 2
5 12 6 2 8 4 2 6
6 5 4 1 3 3 1 2
7 11 5 2 2 4 2 2
8 9 7 6 4 5 5 3
9 100000 1 3 3 1 2 2
10 1 1 1 1 1 1 1
11 100000 1 1 3 1 1 2
12 1 1 1 1 1 1 1
13 100000 5 5 2 4 4 2
14 4 3 1 1 2 1 1
15 100000 1 1 5 1 1 4
16 4 3 2 3 2 2 2
17 18 1 4 4 1 3 3
18 7 5 1 1 4 1 1
19 2 2 2 2 2 2 2
20 3 2 2 3 2 2 2
21 100000 5 1 6 4 100000 5
<posture of tasks>
1 1
2 1
3 1
4 1
5 1
6 0
7 1
8 1
9 1
10 1
11 0
12 1
13 1
14 1
15 1
16 1
17 1
18 0
19 0
20 0
21 0
<max energy cosumption of alternatives>
1 100000.00
2 4.34
3 4.17
4 5.29
<energy cosumption of alternatives>
1 100000.00 0.16 0.10 0.16 0.06 0.02 0.10
2 100000.00 0.08 0.14 0.11 0.05 0.10 100000.00
3 100000.00 0.10 0.25 0.25 0.06 100000.00 100000.00
4 100000.00 0.06 0.12 0.09 0.02 0.03 0.07
5 100000.00 0.21 0.09 0.27 0.11 0.02 0.17
6 100000.00 0.12 0.05 0.10 0.07 0.04 0.03
7 100000.00 0.19 0.10 0.10 0.11 0.06 0.07
8 100000.00 0.26 0.23 0.17 0.15 0.11 0.11
9 100000.00 0.07 0.13 0.13 0.02 0.06 0.08
10 100000.00 0.07 0.06 0.07 0.03 0.02 0.04
11 100000.00 0.05 0.05 0.10 0.02 0.03 0.07
12 100000.00 0.06 0.06 0.06 0.04 0.02 0.02
13 100000.00 0.20 0.20 0.11 0.05 0.07 0.04
14 100000.00 0.11 0.05 0.05 0.04 0.03 0.04
15 100000.00 0.08 0.08 0.20 0.04 0.03 0.13
16 100000.00 0.11 0.08 0.12 0.03 0.05 0.03
17 100000.00 0.07 0.16 0.17 0.03 0.10 0.10
18 100000.00 0.15 0.06 0.06 0.07 0.03 0.02
19 100000.00 0.10 0.10 0.10 0.05 0.04 0.04
20 100000.00 0.09 0.09 0.11 0.03 0.02 0.06
21 100000.00 0.15 0.06 0.17 0.10 100000.00 0.08
<task rigidity>
1 6
2 2
3 2
4 5
5 1
6 6
7 4
8 7
9 6
10 5
11 4
12 3
13 9
14 6
15 4
16 7
17 4
18 10
19 9
20 5
21 1
<precedence relations>
1,2
1,3
2,21
3,4
4,5
4,21
5,6
5,7
6,8
7,8
7,14
8,9
9,10
9,11
9,12
9,13
10,15
11,15
12,15
13,17
13,18
14,19
15,16
15,18
16,17
17,20
18,19
<end>