<number of tasks>
25
<number of stations>
4
<number of workers>
4
<type of the robots>
1
<limit of the robots>
2
<task times>
1 5 2 4 2 2 2 3 2 2
2 4 2 3 2 1 2 2 2 1
3 100000 4 4 5 7 3 3 4 5
4 7 3 3 5 3 2 2 4 3
5 12 1 7 1 2 1 5 1 2
6 5 1 2 2 4 1 2 2 3
7 100000 6 4 6 2 4 3 4 2
8 9 3 4 3 1 3 3 2 1
9 100000 1 3 4 4 1 2 3 3
10 100000 1 1 1 1 1 1 1 1
11 100000 1 3 2 2 1 2 2 2
12 1 1 1 1 1 1 1 1 1
13 100000 3 5 3 4 2 100000 3 3
14 4 1 3 2 2 1 2 2 2
15 100000 2 5 4 2 100000 100000 3 2
16 4 3 3 2 2 2 2 2 2
17 16 8 8 2 2 6 6 2 2
18 100000 5 5 4 2 4 4 100000 2
19 2 2 1 2 1 2 1 2 1
20 4 3 2 2 3 3 2 2 2
21 9 2 4 2 1 2 3 2 1
22 6 2 5 3 1 2 4 2 1
23 100000 2 3 2 2 2 100000 100000 2
24 100000 1 5 2 8 1 4 100000 100000
25 5 2 3 1 1 2 2 1 1
<posture of tasks>
1 1
2 1
3 1
4 1
5 1
6 0
7 0
8 0
9 1
10 0
11 1
12 1
13 1
14 1
15 1
16 0
17 0
18 1
19 0
20 1
21 1
22 1
23 1
24 1
25 1
<max energy cosumption of alternatives>
1 100000.00
2 4.62
3 2.49
4 4.62
5 5.34
<energy cosumption of alternatives>
1 100000.00 0.09 0.12 0.09 0.09 0.03 0.03 0.04 0.04
2 100000.00 0.11 0.11 0.11 0.08 0.07 0.06 0.05 0.05
3 100000.00 0.15 0.12 0.18 0.24 0.07 0.08 0.07 0.09
4 100000.00 0.13 0.10 0.19 0.13 0.06 0.07 0.05 0.09
5 100000.00 0.06 0.19 0.06 0.09 0.02 0.04 0.02 0.04
6 100000.00 0.05 0.05 0.07 0.12 0.02 0.03 0.03 0.05
7 100000.00 0.19 0.12 0.19 0.09 0.13 0.08 0.04 0.03
8 100000.00 0.11 0.11 0.11 0.06 0.06 0.03 0.04 0.02
9 100000.00 0.07 0.10 0.16 0.16 0.02 0.05 0.08 0.07
10 100000.00 0.07 0.05 0.07 0.07 0.03 0.01 0.04 0.03
11 100000.00 0.07 0.11 0.10 0.10 0.02 0.07 0.03 0.06
12 100000.00 0.07 0.05 0.07 0.07 0.03 0.01 0.05 0.02
13 100000.00 0.12 0.13 0.12 0.15 0.07 100000.00 0.06 0.10
14 100000.00 0.07 0.10 0.10 0.10 0.02 0.04 0.06 0.06
15 100000.00 0.11 0.15 0.17 0.11 100000.00 100000.00 0.09 0.03
16 100000.00 0.09 0.07 0.07 0.07 0.02 0.02 0.02 0.02
17 100000.00 0.23 0.19 0.09 0.09 0.15 0.08 0.03 0.04
18 100000.00 0.19 0.13 0.15 0.09 0.04 0.04 100000.00 0.02
19 100000.00 0.09 0.05 0.09 0.07 0.03 0.03 0.05 0.03
20 100000.00 0.13 0.08 0.10 0.13 0.05 0.04 0.06 0.06
21 100000.00 0.10 0.14 0.10 0.07 0.03 0.08 0.04 0.02
22 100000.00 0.10 0.14 0.13 0.07 0.06 0.04 0.08 0.04
23 100000.00 0.11 0.11 0.10 0.11 0.07 100000.00 100000.00 0.07
24 100000.00 0.07 0.14 0.10 0.28 0.05 0.06 100000.00 100000.00
25 100000.00 0.10 0.10 0.06 0.07 0.03 0.03 0.03 0.02
<task rigidity>
1 10
2 4
3 7
4 5
5 4
6 3
7 2
8 7
9 7
10 8
11 9
12 2
13 7
14 6
15 6
16 5
17 8
18 1
19 7
20 9
21 2
22 5
23 4
24 1
25 2
<precedence relations>
1,3
2,3
3,4
4,5
4,8
5,6
6,7
6,10
7,11
7,12
8,9
8,11
9,10
9,13
11,13
12,15
13,14
14,16
14,19
14,20
15,17
15,22
16,18
17,18
17,23
18,25
19,22
20,21
20,25
21,22
21,24
23,25
<end>