<number of tasks>
25
<number of stations>
8
<number of workers>
8
<type of the robots>
1
<limit of the robots>
4
<task times>
1 100000 2 3 3 1 3 1 2 2 100000 3 2 100000 2 1 100000 2
2 100000 1 1 3 2 3 1 1 1 100000 100000 100000 2 3 1 1 100000
3 11 8 8 9 7 1 2 4 4 6 6 6 5 1 2 3 3
4 6 4 4 2 5 4 2 4 3 3 3 2 4 3 2 3 3
5 100000 9 4 2 4 1 2 6 1 6 3 100000 100000 100000 100000 4 1
6 5 1 2 4 3 2 4 2 2 1 2 3 2 2 3 2 2
7 11 3 4 6 4 7 2 5 8 2 3 4 3 5 2 4 6
8 9 5 3 7 6 2 3 2 5 4 2 5 5 2 3 2 4
9 100000 5 1 1 2 3 5 2 3 4 1 1 2 100000 4 2 100000
10 1 1 1 1 1 1 1 1 1 1 1 1 1 1 1 1 1
11 3 2 2 1 1 1 1 1 3 2 2 1 1 1 1 1 3
12 100000 1 1 1 1 1 1 1 1 100000 1 100000 1 1 100000 1 1
13 100000 5 5 3 2 2 1 1 1 100000 4 2 100000 2 1 100000 100000
14 4 2 1 3 1 2 1 1 3 2 1 2 1 2 1 1 3
15 100000 1 5 3 5 1 1 5 1 1 100000 2 4 1 1 100000 1
16 4 2 3 2 2 2 1 3 1 2 2 2 2 2 1 2 1
17 100000 13 11 6 1 2 5 9 7 9 7 4 100000 2 100000 6 5
18 100000 3 4 1 2 4 5 5 4 2 3 1 2 100000 4 4 100000
19 2 1 1 2 2 1 2 1 1 1 1 2 2 1 2 1 1
20 100000 1 2 3 1 1 2 2 3 1 100000 2 1 1 2 2 100000
21 100000 1 2 4 6 4 3 3 5 1 2 100000 4 3 2 3 4
22 6 2 4 1 4 3 2 2 4 2 3 1 3 2 2 2 3
23 4 2 2 1 1 1 2 1 2 2 2 1 1 1 2 1 2
24 11 8 8 6 1 1 5 3 2 6 6 4 1 1 4 2 2
25 5 3 2 2 4 3 1 1 4 2 2 2 3 2 1 1 3
<posture of tasks>
1 1
2 1
3 1
4 1
5 0
6 1
7 1
8 1
9 1
10 1
11 1
12 1
13 1
14 1
15 1
16 0
17 1
18 1
19 1
20 1
21 1
22 1
23 1
24 1
25 1
<max energy cosumption of alternatives>
1 100000.00
2 2.75
3 5.09
4 4.40
5 2.38
6 4.81
7 5.11
8 4.77
9 4.67
<energy cosumption of alternatives>
1 100000.00 0.09 0.15 0.15 0.06 0.15 0.08 0.11 0.12 100000.00 0.10 0.06 100000.00 0.05 0.05 100000.00 0.06
2 100000.00 0.04 0.06 0.12 0.07 0.12 0.06 0.06 0.06 100000.00 100000.00 100000.00 0.02 0.04 0.02 0.04 100000.00
3 100000.00 0.23 0.29 0.32 0.20 0.07 0.10 0.16 0.16 0.08 0.13 0.07 0.07 0.03 0.06 0.08 0.03
4 100000.00 0.13 0.15 0.09 0.15 0.15 0.09 0.15 0.12 0.08 0.05 0.05 0.07 0.06 0.03 0.08 0.08
5 100000.00 0.21 0.14 0.09 0.12 0.07 0.09 0.18 0.07 0.10 0.08 100000.00 100000.00 100000.00 100000.00 0.04 0.04
6 100000.00 0.04 0.09 0.15 0.10 0.09 0.15 0.09 0.09 0.02 0.02 0.08 0.06 0.06 0.08 0.06 0.03
7 100000.00 0.11 0.17 0.23 0.14 0.26 0.11 0.20 0.29 0.05 0.10 0.06 0.03 0.07 0.06 0.09 0.06
8 100000.00 0.17 0.13 0.26 0.17 0.10 0.13 0.10 0.19 0.05 0.04 0.10 0.05 0.06 0.07 0.05 0.13
9 100000.00 0.16 0.07 0.07 0.07 0.13 0.19 0.09 0.13 0.08 0.04 0.03 0.03 100000.00 0.12 0.05 100000.00
10 100000.00 0.03 0.06 0.06 0.03 0.05 0.05 0.05 0.06 0.01 0.02 0.03 0.02 0.04 0.02 0.02 0.04
11 100000.00 0.08 0.10 0.07 0.05 0.07 0.07 0.07 0.13 0.03 0.07 0.04 0.03 0.03 0.03 0.03 0.09
12 100000.00 0.05 0.07 0.07 0.05 0.07 0.07 0.07 0.07 100000.00 0.05 100000.00 0.02 0.04 100000.00 0.03 0.04
13 100000.00 0.16 0.19 0.13 0.07 0.10 0.07 0.07 0.07 100000.00 0.11 0.05 100000.00 0.03 0.04 100000.00 100000.00
14 100000.00 0.06 0.06 0.12 0.03 0.09 0.06 0.06 0.12 0.04 0.02 0.07 0.02 0.04 0.02 0.01 0.04
15 100000.00 0.05 0.19 0.13 0.16 0.07 0.07 0.19 0.07 0.02 100000.00 0.04 0.10 0.02 0.03 100000.00 0.04
16 100000.00 0.07 0.11 0.09 0.07 0.09 0.07 0.11 0.07 0.05 0.05 0.06 0.02 0.06 0.02 0.04 0.02
17 100000.00 0.35 0.38 0.22 0.05 0.10 0.19 0.31 0.25 0.09 0.24 0.08 100000.00 0.06 100000.00 0.12 0.18
18 100000.00 0.11 0.16 0.07 0.08 0.16 0.19 0.19 0.16 0.06 0.10 0.05 0.04 100000.00 0.11 0.13 100000.00
19 100000.00 0.05 0.08 0.11 0.08 0.08 0.11 0.07 0.08 0.03 0.02 0.03 0.03 0.02 0.02 0.02 0.02
20 100000.00 0.05 0.10 0.13 0.05 0.07 0.10 0.10 0.13 0.02 100000.00 0.09 0.03 0.03 0.04 0.05 100000.00
21 100000.00 0.06 0.11 0.17 0.18 0.17 0.14 0.14 0.20 0.03 0.03 100000.00 0.07 0.08 0.03 0.06 0.05
22 100000.00 0.08 0.17 0.07 0.14 0.13 0.10 0.10 0.17 0.05 0.06 0.05 0.04 0.08 0.05 0.04 0.07
23 100000.00 0.07 0.10 0.07 0.04 0.07 0.10 0.07 0.10 0.03 0.03 0.03 0.02 0.03 0.05 0.02 0.04
24 100000.00 0.22 0.27 0.21 0.03 0.06 0.18 0.12 0.09 0.06 0.14 0.09 0.01 0.02 0.07 0.08 0.04
25 100000.00 0.10 0.10 0.10 0.13 0.13 0.06 0.06 0.16 0.04 0.06 0.06 0.06 0.08 0.03 0.04 0.04
<task rigidity>
1 2
2 5
3 10
4 9
5 5
6 6
7 6
8 8
9 3
10 9
11 6
12 5
13 7
14 6
15 7
16 7
17 3
18 6
19 8
20 2
21 4
22 2
23 7
24 2
25 3
<precedence relations>
1,3
2,3
3,4
4,5
4,8
5,6
6,7
6,10
7,11
7,12
8,9
8,11
9,10
9,13
11,13
12,15
13,14
14,16
14,19
14,20
15,17
15,22
16,18
17,18
17,23
18,25
19,22
20,21
20,25
21,22
21,24
23,25
<end>