<number of tasks>
25
<number of stations>
5
<number of workers>
5
<type of the robots>
1
<limit of the robots>
3
<task times>
1 5 1 3 2 3 2 1 2 2 3 2
2 100000 2 1 2 1 2 2 1 2 1 2
3 11 2 6 8 2 5 2 4 6 2 4
4 6 2 2 4 4 2 2 2 3 3 2
5 12 4 5 8 4 8 3 4 6 3 5
6 5 2 4 1 1 1 2 3 1 1 1
7 10 4 7 2 3 3 3 5 2 2 2
8 100000 6 6 6 5 4 100000 100000 100000 4 100000
9 100000 2 1 5 2 3 2 1 4 2 2
10 1 1 1 1 1 1 1 1 1 1 1
11 3 2 2 1 2 2 2 2 1 2 2
12 1 1 1 1 1 1 1 1 1 1 1
13 100000 2 3 5 4 4 100000 3 4 100000 3
14 3 1 3 2 3 2 1 3 2 3 2
15 100000 2 2 4 1 1 2 2 3 1 100000
16 4 1 3 1 2 3 1 2 1 2 2
17 16 7 2 5 1 4 5 2 4 1 3
18 100000 1 1 1 1 2 1 1 1 100000 2
19 2 2 1 1 1 1 2 1 1 1 1
20 3 3 3 1 1 3 2 3 1 1 3
21 9 1 4 4 2 1 1 3 3 2 1
22 7 1 3 4 1 3 1 2 3 1 3
23 100000 3 2 2 1 2 3 2 2 1 100000
24 10 4 3 5 4 5 3 2 4 3 4
25 5 1 4 3 1 1 1 3 3 1 1
<posture of tasks>
1 0
2 1
3 1
4 1
5 1
6 1
7 0
8 1
9 0
10 1
11 0
12 1
13 1
14 0
15 0
16 1
17 1
18 1
19 1
20 1
21 0
22 1
23 1
24 1
25 1
<max energy cosumption of alternatives>
1 100000.00
2 4.57
3 4.17
4 2.56
5 2.30
6 5.38
<energy cosumption of alternatives>
1 100000.00 0.05 0.10 0.05 0.08 0.08 0.01 0.07 0.01 0.02 0.04
2 100000.00 0.09 0.06 0.07 0.04 0.09 0.03 0.04 0.04 0.01 0.06
3 100000.00 0.10 0.22 0.23 0.08 0.19 0.04 0.07 0.11 0.03 0.11
4 100000.00 0.09 0.09 0.13 0.13 0.09 0.02 0.03 0.03 0.06 0.04
5 100000.00 0.18 0.21 0.25 0.15 0.30 0.05 0.14 0.08 0.08 0.20
6 100000.00 0.09 0.15 0.04 0.04 0.06 0.02 0.05 0.01 0.02 0.03
7 100000.00 0.13 0.20 0.06 0.08 0.10 0.04 0.08 0.03 0.05 0.02
8 100000.00 0.21 0.21 0.18 0.15 0.15 100000.00 100000.00 100000.00 0.08 100000.00
9 100000.00 0.08 0.06 0.13 0.06 0.10 0.02 0.01 0.07 0.02 0.03
10 100000.00 0.07 0.07 0.05 0.05 0.07 0.02 0.05 0.03 0.02 0.05
11 100000.00 0.07 0.07 0.03 0.05 0.07 0.04 0.02 0.01 0.03 0.05
12 100000.00 0.07 0.07 0.05 0.05 0.07 0.04 0.02 0.02 0.01 0.02
13 100000.00 0.09 0.12 0.16 0.12 0.15 100000.00 0.05 0.03 100000.00 0.06
14 100000.00 0.06 0.11 0.07 0.09 0.09 0.03 0.04 0.04 0.03 0.05
15 100000.00 0.08 0.08 0.11 0.04 0.06 0.02 0.04 0.06 0.02 100000.00
16 100000.00 0.06 0.12 0.03 0.06 0.12 0.03 0.04 0.02 0.02 0.06
17 100000.00 0.26 0.11 0.17 0.06 0.17 0.15 0.05 0.05 0.03 0.09
18 100000.00 0.07 0.07 0.05 0.05 0.10 0.02 0.02 0.02 100000.00 0.03
19 100000.00 0.10 0.07 0.05 0.05 0.07 0.04 0.05 0.03 0.01 0.02
20 100000.00 0.13 0.13 0.05 0.05 0.13 0.05 0.04 0.01 0.03 0.07
21 100000.00 0.05 0.12 0.10 0.06 0.05 0.01 0.09 0.05 0.01 0.03
22 100000.00 0.06 0.12 0.13 0.04 0.12 0.02 0.08 0.03 0.02 0.06
23 100000.00 0.12 0.09 0.07 0.04 0.09 0.06 0.03 0.02 0.01 100000.00
24 100000.00 0.15 0.12 0.16 0.13 0.18 0.05 0.08 0.06 0.06 0.04
25 100000.00 0.07 0.17 0.11 0.05 0.07 0.03 0.06 0.07 0.02 0.02
<task rigidity>
1 5
2 5
3 2
4 4
5 5
6 1
7 6
8 1
9 8
10 3
11 5
12 3
13 3
14 10
15 6
16 5
17 3
18 1
19 3
20 4
21 9
22 8
23 1
24 4
25 1
<precedence relations>
1,3
2,3
3,4
4,5
4,8
5,6
6,7
6,10
7,11
7,12
8,9
8,11
9,10
9,13
11,13
12,15
13,14
14,16
14,19
14,20
15,17
15,22
16,18
17,18
17,23
18,25
19,22
20,21
20,25
21,22
21,24
23,25
<end>