<number of tasks>
25
<number of stations>
6
<number of workers>
6
<type of the robots>
1
<limit of the robots>
2
<task times>
1 100000 4 1 4 3 3 2 3 100000 3 2 2 2
2 3 3 3 2 3 1 1 2 2 2 2 1 1
3 11 5 5 1 6 7 6 4 4 1 5 5 5
4 7 5 5 4 2 3 4 4 4 3 2 3 3
5 12 2 5 8 5 4 1 2 4 6 4 3 1
6 5 2 1 3 2 4 2 2 1 3 2 3 2
7 11 7 5 2 6 7 1 5 4 2 4 5 1
8 100000 1 7 7 3 4 2 1 5 5 100000 100000 2
9 100000 4 1 4 5 1 5 3 1 3 4 100000 4
10 1 1 1 1 1 1 1 1 1 1 1 1 1
11 100000 1 3 2 3 2 3 1 100000 100000 100000 2 2
12 100000 1 1 1 1 1 1 1 1 1 1 1 1
13 100000 2 2 3 4 4 4 2 100000 2 100000 100000 100000
14 3 2 1 2 1 3 3 2 1 2 1 3 2
15 6 2 2 4 3 3 5 2 2 3 2 3 4
16 3 1 3 3 1 2 1 1 3 3 1 2 1
17 17 4 5 10 1 13 10 3 4 7 1 9 7
18 6 3 3 5 4 4 1 2 2 4 3 3 1
19 2 1 1 2 2 2 1 1 1 2 2 2 1
20 3 1 2 3 2 2 3 1 2 2 2 2 3
21 100000 7 3 5 3 5 3 5 2 4 2 4 2
22 100000 3 1 2 5 4 2 3 1 2 4 100000 2
23 100000 1 3 2 2 2 2 1 3 100000 100000 100000 100000
24 100000 8 4 6 1 5 8 6 3 4 1 4 6
25 100000 1 3 1 1 3 3 1 3 1 100000 2 3
<posture of tasks>
1 1
2 1
3 1
4 1
5 1
6 1
7 0
8 0
9 0
10 1
11 1
12 1
13 1
14 1
15 1
16 0
17 1
18 1
19 1
20 1
21 0
22 1
23 0
24 0
25 0
<max energy cosumption of alternatives>
1 100000.00
2 5.37
3 5.36
4 4.15
5 4.99
6 2.56
7 5.02
<energy cosumption of alternatives>
1 100000.00 0.17 0.08 0.17 0.14 0.11 0.11 0.08 100000.00 0.08 0.04 0.04 0.07
2 100000.00 0.13 0.13 0.10 0.13 0.05 0.07 0.07 0.03 0.06 0.08 0.04 0.03
3 100000.00 0.20 0.20 0.08 0.23 0.21 0.23 0.05 0.04 0.05 0.11 0.09 0.06
4 100000.00 0.18 0.18 0.15 0.09 0.09 0.15 0.11 0.05 0.10 0.03 0.03 0.06
5 100000.00 0.10 0.19 0.28 0.19 0.13 0.07 0.05 0.08 0.18 0.04 0.07 0.04
6 100000.00 0.09 0.06 0.12 0.09 0.12 0.09 0.04 0.02 0.08 0.04 0.08 0.05
7 100000.00 0.19 0.14 0.07 0.17 0.15 0.05 0.05 0.03 0.03 0.05 0.05 0.03
8 100000.00 0.08 0.21 0.21 0.12 0.13 0.10 0.04 0.14 0.12 100000.00 100000.00 0.04
9 100000.00 0.15 0.08 0.14 0.17 0.06 0.17 0.06 0.05 0.04 0.07 100000.00 0.10
10 100000.00 0.08 0.08 0.08 0.08 0.06 0.08 0.04 0.03 0.03 0.04 0.01 0.03
11 100000.00 0.06 0.12 0.09 0.12 0.07 0.12 0.04 100000.00 100000.00 100000.00 0.02 0.05
12 100000.00 0.08 0.07 0.08 0.07 0.05 0.07 0.03 0.04 0.03 0.04 0.02 0.04
13 100000.00 0.09 0.09 0.12 0.15 0.12 0.15 0.03 100000.00 0.03 100000.00 100000.00 100000.00
14 100000.00 0.10 0.07 0.10 0.07 0.10 0.13 0.04 0.02 0.03 0.04 0.04 0.05
15 100000.00 0.09 0.09 0.15 0.12 0.09 0.18 0.03 0.02 0.10 0.07 0.04 0.10
16 100000.00 0.05 0.10 0.10 0.05 0.05 0.05 0.02 0.04 0.04 0.02 0.03 0.02
17 100000.00 0.16 0.19 0.35 0.07 0.33 0.34 0.08 0.08 0.15 0.05 0.21 0.10
18 100000.00 0.12 0.12 0.18 0.15 0.12 0.06 0.06 0.04 0.09 0.11 0.09 0.02
19 100000.00 0.06 0.06 0.09 0.09 0.07 0.06 0.02 0.02 0.03 0.06 0.04 0.01
20 100000.00 0.07 0.10 0.13 0.10 0.07 0.13 0.03 0.02 0.04 0.06 0.04 0.05
21 100000.00 0.21 0.11 0.16 0.11 0.12 0.11 0.10 0.05 0.10 0.04 0.08 0.03
22 100000.00 0.13 0.07 0.10 0.19 0.14 0.10 0.09 0.03 0.05 0.04 100000.00 0.07
23 100000.00 0.07 0.12 0.09 0.09 0.08 0.09 0.05 0.06 100000.00 100000.00 100000.00 100000.00
24 100000.00 0.21 0.12 0.16 0.05 0.10 0.21 0.05 0.06 0.09 0.03 0.02 0.04
25 100000.00 0.06 0.11 0.06 0.06 0.09 0.11 0.02 0.03 0.03 100000.00 0.05 0.05
<task rigidity>
1 7
2 2
3 3
4 6
5 2
6 1
7 2
8 10
9 2
10 5
11 2
12 2
13 5
14 5
15 7
16 3
17 7
18 3
19 6
20 9
21 4
22 2
23 8
24 8
25 3
<precedence relations>
1,3
2,3
3,4
4,5
4,8
5,6
6,7
6,10
7,11
7,12
8,9
8,11
9,10
9,13
11,13
12,15
13,14
14,16
14,19
14,20
15,17
15,22
16,18
17,18
17,23
18,25
19,22
20,21
20,25
21,22
21,24
23,25
<end>