<number of tasks>
25
<number of stations>
7
<number of workers>
7
<type of the robots>
1
<limit of the robots>
2
<task times>
1 5 1 2 4 4 4 3 3 1 2 3 3 3 2 3
2 4 2 1 3 3 2 2 3 2 1 3 2 2 2 3
3 100000 1 1 9 7 2 7 7 1 1 7 5 2 5 5
4 7 5 2 1 2 5 1 4 4 2 1 2 4 1 3
5 11 2 1 1 7 1 8 2 2 1 1 5 1 6 2
6 5 2 3 4 1 3 4 4 2 2 3 1 2 3 3
7 100000 6 1 4 3 1 1 8 5 100000 100000 100000 1 100000 5
8 9 2 7 3 5 4 2 4 2 5 3 4 3 2 3
9 100000 1 5 3 5 2 4 4 1 4 3 4 2 3 3
10 1 1 1 1 1 1 1 1 1 1 1 1 1 1 1
11 100000 1 2 1 1 3 3 2 1 2 100000 100000 3 2 2
12 1 1 1 1 1 1 1 1 1 1 1 1 1 1 1
13 100000 3 1 3 2 2 5 3 100000 1 100000 2 2 4 100000
14 3 2 3 2 1 2 2 3 2 2 2 1 2 2 2
15 6 3 3 2 3 4 5 2 2 2 2 2 3 4 2
16 3 3 2 1 3 2 2 1 2 2 1 3 2 2 1
17 18 6 12 1 11 1 3 8 5 8 1 7 1 3 6
18 100000 1 5 3 3 4 4 5 1 4 100000 100000 3 3 4
19 100000 2 2 2 2 1 1 1 2 100000 2 2 100000 1 1
20 4 3 3 2 2 1 1 1 2 3 2 2 1 1 1
21 100000 1 1 7 6 7 7 1 1 1 5 4 5 5 1
22 7 1 1 5 1 3 4 2 1 1 4 1 3 3 2
23 4 1 2 2 1 1 3 2 1 2 2 1 1 3 2
24 11 6 7 1 5 6 5 4 5 5 1 4 4 4 3
25 5 3 4 4 3 2 4 3 3 3 3 2 2 3 2
<posture of tasks>
1 1
2 0
3 1
4 1
5 1
6 0
7 0
8 0
9 1
10 0
11 1
12 1
13 0
14 1
15 1
16 0
17 1
18 1
19 1
20 1
21 0
22 0
23 1
24 1
25 1
<max energy cosumption of alternatives>
1 100000.00
2 5.53
3 4.07
4 5.50
5 4.77
6 2.90
7 2.85
8 4.35
<energy cosumption of alternatives>
1 100000.00 0.07 0.10 0.16 0.16 0.13 0.10 0.12 0.02 0.04 0.08 0.08 0.04 0.05 0.05
2 100000.00 0.09 0.07 0.11 0.11 0.07 0.07 0.11 0.03 0.04 0.04 0.02 0.03 0.04 0.04
3 100000.00 0.07 0.07 0.32 0.25 0.08 0.20 0.25 0.03 0.04 0.19 0.16 0.04 0.05 0.10
4 100000.00 0.20 0.11 0.07 0.11 0.17 0.05 0.16 0.12 0.07 0.05 0.05 0.07 0.04 0.06
5 100000.00 0.10 0.07 0.07 0.25 0.05 0.23 0.10 0.06 0.04 0.04 0.12 0.02 0.15 0.04
6 100000.00 0.07 0.09 0.12 0.05 0.07 0.09 0.12 0.04 0.02 0.08 0.01 0.02 0.06 0.04
7 100000.00 0.19 0.07 0.14 0.12 0.05 0.05 0.23 0.12 100000.00 100000.00 100000.00 0.03 100000.00 0.10
8 100000.00 0.09 0.20 0.11 0.16 0.11 0.07 0.13 0.05 0.09 0.08 0.08 0.08 0.04 0.08
9 100000.00 0.07 0.19 0.13 0.19 0.07 0.13 0.16 0.05 0.09 0.08 0.06 0.02 0.07 0.11
10 100000.00 0.06 0.06 0.06 0.06 0.04 0.04 0.06 0.04 0.02 0.04 0.04 0.02 0.01 0.02
11 100000.00 0.06 0.09 0.06 0.06 0.09 0.09 0.09 0.03 0.02 100000.00 100000.00 0.06 0.05 0.02
12 100000.00 0.07 0.07 0.07 0.07 0.04 0.04 0.07 0.02 0.04 0.03 0.05 0.01 0.02 0.02
13 100000.00 0.09 0.05 0.09 0.07 0.05 0.12 0.09 100000.00 0.02 100000.00 0.02 0.02 0.07 100000.00
14 100000.00 0.11 0.14 0.11 0.08 0.09 0.09 0.14 0.04 0.09 0.07 0.02 0.05 0.05 0.09
15 100000.00 0.13 0.13 0.10 0.13 0.14 0.17 0.10 0.08 0.07 0.05 0.03 0.05 0.10 0.04
16 100000.00 0.12 0.09 0.07 0.12 0.07 0.07 0.07 0.06 0.03 0.03 0.04 0.04 0.03 0.02
17 100000.00 0.22 0.40 0.06 0.37 0.04 0.10 0.27 0.15 0.21 0.04 0.12 0.02 0.04 0.12
18 100000.00 0.07 0.20 0.13 0.13 0.14 0.14 0.19 0.02 0.11 100000.00 100000.00 0.09 0.09 0.11
19 100000.00 0.09 0.09 0.09 0.09 0.04 0.04 0.06 0.05 100000.00 0.04 0.04 100000.00 0.02 0.03
20 100000.00 0.14 0.14 0.11 0.11 0.05 0.05 0.07 0.08 0.04 0.06 0.03 0.01 0.01 0.05
21 100000.00 0.06 0.06 0.20 0.18 0.16 0.16 0.06 0.02 0.01 0.12 0.04 0.09 0.06 0.02
22 100000.00 0.05 0.05 0.15 0.05 0.08 0.10 0.08 0.03 0.03 0.03 0.04 0.02 0.06 0.05
23 100000.00 0.09 0.12 0.12 0.09 0.06 0.12 0.11 0.05 0.02 0.04 0.03 0.03 0.07 0.02
24 100000.00 0.23 0.26 0.07 0.20 0.17 0.17 0.16 0.13 0.11 0.04 0.09 0.12 0.05 0.08
25 100000.00 0.13 0.16 0.16 0.13 0.07 0.13 0.13 0.08 0.09 0.06 0.07 0.05 0.04 0.03
<task rigidity>
1 3
2 10
3 5
4 3
5 2
6 8
7 1
8 9
9 1
10 8
11 5
12 8
13 2
14 4
15 1
16 2
17 4
18 5
19 7
20 4
21 5
22 4
23 6
24 3
25 9
<precedence relations>
1,3
2,3
3,4
4,5
4,8
5,6
6,7
6,10
7,11
7,12
8,9
8,11
9,10
9,13
11,13
12,15
13,14
14,16
14,19
14,20
15,17
15,22
16,18
17,18
17,23
18,25
19,22
20,21
20,25
21,22
21,24
23,25
<end>