<number of tasks>
25
<number of stations>
3
<number of workers>
3
<type of the robots>
1
<limit of the robots>
2
<task times>
1 5 3 2 1 3 2 1
2 100000 3 1 3 2 1 2
3 100000 5 2 7 100000 100000 5
4 100000 5 5 1 100000 100000 1
5 100000 2 8 7 2 100000 5
6 5 4 4 2 3 3 2
7 10 1 1 7 1 1 5
8 9 4 4 5 3 3 4
9 100000 5 1 3 100000 1 3
10 1 1 1 1 1 1 1
11 3 2 2 3 2 2 2
12 1 1 1 1 1 1 1
13 6 4 5 4 3 4 3
14 3 1 3 2 1 2 2
15 6 2 2 4 2 2 3
16 4 2 1 1 2 1 1
17 100000 7 10 9 5 7 100000
18 100000 5 4 4 100000 3 3
19 100000 2 1 2 100000 100000 2
20 3 2 3 3 2 3 2
21 9 4 7 5 3 5 4
22 100000 1 1 4 1 1 3
23 4 3 3 1 2 2 1
24 10 1 4 1 1 3 1
25 5 4 2 1 3 2 1
<posture of tasks>
1 1
2 0
3 1
4 1
5 0
6 1
7 1
8 1
9 1
10 0
11 1
12 1
13 1
14 1
15 1
16 1
17 1
18 0
19 0
20 1
21 0
22 1
23 0
24 1
25 0
<max energy cosumption of alternatives>
1 100000.00
2 5.05
3 5.12
4 4.07
<energy cosumption of alternatives>
1 100000.00 0.13 0.10 0.07 0.08 0.06 0.04
2 100000.00 0.11 0.07 0.11 0.05 0.03 0.04
3 100000.00 0.18 0.08 0.24 100000.00 100000.00 0.09
4 100000.00 0.18 0.18 0.06 100000.00 100000.00 0.02
5 100000.00 0.07 0.21 0.19 0.04 100000.00 0.12
6 100000.00 0.16 0.16 0.10 0.10 0.09 0.05
7 100000.00 0.06 0.06 0.24 0.03 0.03 0.11
8 100000.00 0.16 0.16 0.19 0.06 0.06 0.12
9 100000.00 0.19 0.06 0.12 100000.00 0.02 0.06
10 100000.00 0.07 0.07 0.07 0.03 0.03 0.04
11 100000.00 0.11 0.11 0.14 0.06 0.04 0.06
12 100000.00 0.07 0.07 0.07 0.04 0.04 0.04
13 100000.00 0.16 0.18 0.15 0.08 0.10 0.03
14 100000.00 0.06 0.12 0.10 0.03 0.03 0.04
15 100000.00 0.10 0.10 0.16 0.06 0.03 0.11
16 100000.00 0.11 0.08 0.08 0.04 0.06 0.05
17 100000.00 0.25 0.34 0.31 0.12 0.17 100000.00
18 100000.00 0.16 0.14 0.14 100000.00 0.07 0.05
19 100000.00 0.08 0.06 0.08 100000.00 100000.00 0.05
20 100000.00 0.11 0.14 0.14 0.06 0.05 0.04
21 100000.00 0.14 0.21 0.16 0.10 0.10 0.07
22 100000.00 0.07 0.07 0.17 0.03 0.03 0.09
23 100000.00 0.11 0.11 0.06 0.05 0.05 0.03
24 100000.00 0.07 0.16 0.07 0.04 0.08 0.03
25 100000.00 0.14 0.09 0.07 0.04 0.03 0.03
<task rigidity>
1 7
2 3
3 5
4 6
5 5
6 7
7 8
8 8
9 10
10 5
11 2
12 8
13 9
14 9
15 3
16 3
17 1
18 3
19 7
20 2
21 2
22 2
23 2
24 9
25 7
<precedence relations>
1,3
2,3
3,4
4,5
4,8
5,6
6,7
6,10
7,11
7,12
8,9
8,11
9,10
9,13
11,13
12,15
13,14
14,16
14,19
14,20
15,17
15,22
16,18
17,18
17,23
18,25
19,22
20,21
20,25
21,22
21,24
23,25
<end>