<number of tasks>
28
<number of stations>
7
<number of workers>
7
<type of the robots>
1
<limit of the robots>
2
<task times>
1 100000 32 12 60 44 13 47 10 100000 9 38 31 9 100000 7
2 100000 2 2 2 1 1 2 2 2 100000 2 1 1 100000 2
3 4 1 1 3 2 2 2 2 1 1 2 2 2 2 2
4 100000 103 36 61 61 61 38 41 67 22 43 100000 39 24 26
5 100000 18 16 10 21 2 21 6 13 100000 7 100000 2 15 4
6 4 2 2 1 3 2 1 2 2 2 1 2 2 1 2
7 100000 6 2 2 2 1 8 1 5 2 100000 2 1 100000 100000
8 100000 6 17 13 12 6 5 15 100000 12 9 8 4 4 11
9 100000 3 7 35 22 25 1 45 100000 100000 100000 100000 16 100000 32
10 100000 24 5 2 11 1 42 8 17 100000 2 8 100000 27 100000
11 10 3 2 5 5 5 6 6 2 2 4 4 4 5 5
12 100000 48 67 15 35 20 66 40 30 46 100000 25 14 45 27
13 11 3 7 8 8 6 3 5 2 5 6 5 4 2 4
14 7 5 3 1 1 4 3 2 4 2 1 1 3 2 2
15 69 48 31 17 32 41 30 42 30 19 11 22 25 21 28
16 100000 25 64 92 81 81 65 105 16 43 65 100000 55 100000 71
17 24 17 12 19 18 6 5 10 11 9 13 12 4 4 7
18 27 20 14 16 17 14 18 7 13 9 11 11 10 13 5
19 69 23 5 16 11 36 32 26 16 4 12 7 23 22 17
20 41 19 19 12 11 27 10 30 13 14 8 8 17 7 19
21 82 25 33 13 35 15 14 31 16 21 9 25 11 9 22
22 22 17 6 10 3 17 5 9 11 5 7 3 12 4 6
23 37 14 7 16 21 25 3 24 10 5 12 15 18 2 17
24 100000 1 1 1 1 1 1 1 1 1 1 1 1 1 1
25 7 5 1 1 6 3 2 4 4 1 1 4 3 2 3
26 100000 13 22 23 28 29 27 33 9 100000 100000 17 100000 19 100000
27 80 5 47 3 16 28 16 16 4 30 3 12 19 11 10
28 96 50 15 37 31 20 22 23 32 11 25 21 14 14 16
<posture of tasks>
1 1
2 1
3 1
4 0
5 1
6 0
7 1
8 0
9 0
10 1
11 1
12 1
13 0
14 1
15 1
16 1
17 1
18 1
19 1
20 0
21 1
22 1
23 1
24 1
25 1
26 1
27 1
28 1
<max energy cosumption of alternatives>
1 100000.00
2 5.07
3 4.31
4 3.10
5 4.73
6 2.67
7 5.31
8 5.46
<energy cosumption of alternatives>
1 100000.00 1.06 0.40 1.62 1.49 0.34 1.55 0.34 100000.00 0.15 0.52 0.70 0.18 100000.00 0.20
2 100000.00 0.10 0.11 0.08 0.08 0.05 0.11 0.11 0.04 100000.00 0.04 0.02 0.01 100000.00 0.02
3 100000.00 0.07 0.07 0.11 0.10 0.08 0.10 0.10 0.03 0.05 0.06 0.03 0.03 0.04 0.04
4 100000.00 2.69 0.99 1.33 1.73 1.33 1.04 1.16 1.39 0.40 0.93 100000.00 0.68 0.43 0.24
5 100000.00 0.58 0.53 0.29 0.71 0.08 0.68 0.22 0.14 100000.00 0.07 100000.00 0.03 0.17 0.15
6 100000.00 0.08 0.08 0.04 0.11 0.06 0.06 0.08 0.05 0.05 0.02 0.07 0.03 0.02 0.06
7 100000.00 0.23 0.11 0.09 0.11 0.06 0.29 0.08 0.06 0.05 100000.00 0.03 0.03 100000.00 100000.00
8 100000.00 0.17 0.43 0.27 0.31 0.13 0.15 0.41 100000.00 0.21 0.10 0.06 0.03 0.04 0.11
9 100000.00 0.10 0.19 0.73 0.56 0.49 0.05 1.19 100000.00 100000.00 100000.00 100000.00 0.21 100000.00 0.34
10 100000.00 0.77 0.19 0.08 0.38 0.05 1.42 0.29 0.54 100000.00 0.02 0.15 100000.00 0.82 100000.00
11 100000.00 0.12 0.09 0.15 0.18 0.15 0.21 0.21 0.08 0.03 0.09 0.06 0.06 0.09 0.07
12 100000.00 1.55 2.25 0.40 1.22 0.53 2.22 1.40 0.62 1.33 100000.00 0.29 0.17 1.19 0.74
13 100000.00 0.12 0.21 0.19 0.23 0.14 0.12 0.16 0.03 0.06 0.12 0.12 0.06 0.06 0.11
14 100000.00 0.20 0.14 0.06 0.08 0.14 0.14 0.11 0.11 0.05 0.02 0.04 0.09 0.08 0.06
15 100000.00 1.57 1.09 0.45 1.15 1.11 1.06 1.48 0.60 0.72 0.23 0.59 0.62 0.49 0.77
16 100000.00 0.80 2.19 2.51 2.79 2.17 2.22 3.68 0.41 0.81 1.37 100000.00 1.29 100000.00 0.81
17 100000.00 0.55 0.40 0.50 0.61 0.16 0.18 0.34 0.11 0.22 0.17 0.16 0.09 0.05 0.23
18 100000.00 0.66 0.48 0.43 0.60 0.39 0.60 0.27 0.23 0.21 0.12 0.41 0.17 0.31 0.06
19 100000.00 0.74 0.20 0.43 0.38 0.99 1.12 0.89 0.49 0.12 0.23 0.27 0.24 0.66 0.50
20 100000.00 0.46 0.46 0.23 0.28 0.51 0.25 0.80 0.24 0.11 0.11 0.09 0.19 0.17 0.51
21 100000.00 0.78 1.10 0.34 1.19 0.40 0.45 1.07 0.27 0.58 0.20 0.33 0.25 0.30 0.65
22 100000.00 0.56 0.23 0.30 0.14 0.46 0.20 0.32 0.33 0.06 0.18 0.04 0.12 0.10 0.07
23 100000.00 0.46 0.25 0.41 0.71 0.65 0.13 0.82 0.16 0.10 0.09 0.48 0.20 0.06 0.22
24 100000.00 0.06 0.06 0.04 0.06 0.04 0.06 0.06 0.02 0.03 0.02 0.04 0.02 0.03 0.02
25 100000.00 0.18 0.06 0.04 0.22 0.10 0.09 0.15 0.13 0.04 0.01 0.09 0.05 0.06 0.10
26 100000.00 0.42 0.69 0.58 0.94 0.77 0.85 1.12 0.19 100000.00 100000.00 0.62 100000.00 0.32 100000.00
27 100000.00 0.20 1.60 0.12 0.57 0.82 0.54 0.57 0.10 0.96 0.03 0.15 0.28 0.28 0.25
28 100000.00 1.62 0.49 0.99 1.10 0.53 0.71 0.77 0.33 0.23 0.35 0.52 0.24 0.44 0.26
<task rigidity>
1 1
2 8
3 10
4 8
5 1
6 10
7 7
8 1
9 10
10 3
11 6
12 3
13 4
14 4
15 2
16 10
17 2
18 5
19 2
20 1
21 6
22 3
23 3
24 7
25 3
26 6
27 9
28 1
<precedence relations>
1,2
1,4
1,6
1,7
1,8
1,9
1,11
1,12
1,13
1,14
1,15
1,24
1,25
1,26
2,3
3,28
4,5
5,28
6,28
7,28
8,28
9,10
10,28
11,22
12,27
13,16
14,18
15,16
16,17
17,19
18,19
19,20
20,21
21,28
22,23
23,27
24,28
25,28
26,28
<end>