<number of tasks>
28
<number of stations>
6
<number of workers>
6
<type of the robots>
1
<limit of the robots>
2
<task times>
1 94 19 35 40 2 21 23 14 23 26 2 13 16
2 100000 1 2 1 1 2 2 1 100000 100000 100000 2 100000
3 3 3 2 3 3 3 2 2 2 2 3 2 2
4 144 104 27 79 11 22 29 70 17 55 8 16 20
5 28 14 1 13 1 19 8 10 1 9 1 12 6
6 100000 1 2 3 1 3 1 1 2 100000 1 100000 1
7 11 3 8 8 7 1 5 2 5 6 5 1 4
8 100000 3 13 8 11 5 10 2 8 6 8 4 7
9 92 16 7 22 14 22 59 11 5 15 10 15 40
10 63 25 13 28 30 3 7 16 9 18 19 2 5
11 10 2 2 8 1 7 8 2 2 6 1 5 6
12 130 30 83 27 54 24 30 20 56 19 34 16 19
13 100000 1 5 6 2 7 5 100000 100000 5 2 5 4
14 100000 5 5 3 3 4 5 4 100000 3 100000 100000 4
15 67 18 15 51 43 52 47 12 10 34 27 34 29
16 143 13 19 49 54 97 97 9 13 34 38 66 63
17 100000 8 8 11 13 3 2 6 100000 8 100000 100000 100000
18 100000 17 8 7 5 2 20 100000 6 5 100000 100000 13
19 74 13 33 23 15 2 40 8 22 15 10 2 26
20 43 14 19 20 21 14 25 10 13 14 14 10 17
21 86 53 19 16 56 15 35 37 13 11 35 10 25
22 23 17 2 13 12 2 11 12 2 9 9 2 8
23 100000 19 3 7 3 3 22 13 2 5 2 3 100000
24 100000 1 1 1 1 1 1 1 100000 1 100000 1 100000
25 8 3 1 3 1 6 6 3 1 2 1 4 4
26 44 23 4 32 19 8 24 15 3 22 13 6 16
27 76 23 57 11 20 6 30 16 36 8 14 4 21
28 96 53 23 62 4 61 65 33 15 40 3 40 42
<posture of tasks>
1 1
2 1
3 1
4 1
5 0
6 1
7 1
8 1
9 1
10 0
11 1
12 1
13 1
14 1
15 0
16 0
17 1
18 1
19 1
20 1
21 1
22 1
23 1
24 1
25 1
26 1
27 1
28 1
<max energy cosumption of alternatives>
1 100000.00
2 4.53
3 4.02
4 4.64
5 5.52
6 5.29
7 3.30
<energy cosumption of alternatives>
1 100000.00 0.61 1.14 1.30 0.09 0.70 0.59 0.20 0.59 0.37 0.05 0.41 0.25
2 100000.00 0.07 0.10 0.07 0.07 0.10 0.08 0.02 100000.00 100000.00 100000.00 0.05 100000.00
3 100000.00 0.13 0.10 0.13 0.13 0.13 0.07 0.08 0.07 0.09 0.06 0.03 0.04
4 100000.00 3.50 0.86 2.61 0.38 0.74 0.83 1.78 0.46 1.31 0.24 0.33 0.31
5 100000.00 0.37 0.07 0.34 0.07 0.51 0.19 0.18 0.02 0.16 0.03 0.33 0.13
6 100000.00 0.05 0.08 0.11 0.05 0.12 0.03 0.03 0.04 100000.00 0.03 100000.00 0.02
7 100000.00 0.13 0.29 0.29 0.26 0.07 0.17 0.08 0.09 0.20 0.15 0.03 0.11
8 100000.00 0.14 0.44 0.29 0.38 0.20 0.30 0.09 0.27 0.08 0.17 0.10 0.08
9 100000.00 0.53 0.25 0.71 0.49 0.74 1.65 0.13 0.15 0.14 0.20 0.39 0.43
10 100000.00 0.62 0.35 0.78 0.87 0.12 0.17 0.16 0.23 0.42 0.55 0.08 0.06
11 100000.00 0.09 0.09 0.28 0.06 0.25 0.22 0.02 0.03 0.10 0.03 0.08 0.11
12 100000.00 1.05 2.79 0.86 1.86 0.83 0.85 0.21 0.90 0.53 1.02 0.38 0.17
13 100000.00 0.08 0.20 0.23 0.11 0.26 0.18 100000.00 100000.00 0.14 0.03 0.06 0.06
14 100000.00 0.18 0.18 0.12 0.12 0.15 0.15 0.11 100000.00 0.08 100000.00 100000.00 0.03
15 100000.00 0.47 0.40 1.32 1.21 1.44 1.03 0.17 0.11 0.61 0.48 0.98 0.61
16 100000.00 0.33 0.47 1.22 1.43 2.64 2.02 0.20 0.23 0.43 0.79 1.34 0.77
17 100000.00 0.29 0.29 0.38 0.47 0.14 0.09 0.17 100000.00 0.11 100000.00 100000.00 100000.00
18 100000.00 0.56 0.28 0.25 0.19 0.10 0.54 100000.00 0.11 0.13 100000.00 100000.00 0.16
19 100000.00 0.44 1.13 0.75 0.53 0.11 1.12 0.12 0.62 0.39 0.36 0.03 0.40
20 100000.00 0.45 0.60 0.63 0.70 0.48 0.65 0.11 0.24 0.34 0.31 0.25 0.37
21 100000.00 1.74 0.61 0.52 1.99 0.52 0.96 0.98 0.26 0.17 1.28 0.12 0.21
22 100000.00 0.55 0.09 0.43 0.43 0.10 0.29 0.36 0.03 0.19 0.28 0.04 0.12
23 100000.00 0.61 0.12 0.24 0.12 0.12 0.56 0.41 0.07 0.06 0.08 0.08 100000.00
24 100000.00 0.06 0.06 0.06 0.06 0.06 0.04 0.04 100000.00 0.03 100000.00 0.02 100000.00
25 100000.00 0.13 0.07 0.13 0.07 0.22 0.17 0.07 0.02 0.03 0.04 0.10 0.04
26 100000.00 0.74 0.16 1.07 0.64 0.28 0.63 0.22 0.09 0.29 0.15 0.06 0.19
27 100000.00 0.73 1.89 0.37 0.67 0.22 0.83 0.45 1.12 0.13 0.24 0.15 0.37
28 100000.00 1.74 0.73 2.07 0.16 2.16 1.79 1.06 0.27 0.65 0.07 0.54 0.77
<task rigidity>
1 9
2 2
3 5
4 1
5 3
6 5
7 9
8 2
9 7
10 1
11 4
12 3
13 3
14 5
15 2
16 5
17 5
18 6
19 5
20 9
21 10
22 1
23 1
24 4
25 5
26 1
27 3
28 10
<precedence relations>
1,2
1,4
1,6
1,7
1,8
1,9
1,11
1,12
1,13
1,14
1,15
1,24
1,25
1,26
2,3
3,28
4,5
5,28
6,28
7,28
8,28
9,10
10,28
11,22
12,27
13,16
14,18
15,16
16,17
17,19
18,19
19,20
20,21
21,28
22,23
23,27
24,28
25,28
26,28
<end>