<number of tasks>
28
<number of stations>
4
<number of workers>
4
<type of the robots>
1
<limit of the robots>
2
<task times>
1 93 25 38 23 32 16 25 16 22
2 100000 2 2 1 2 100000 100000 100000 2
3 3 1 3 3 2 1 2 2 2
4 145 53 56 39 74 36 37 28 49
5 100000 12 12 7 7 100000 9 5 100000
6 4 2 3 1 3 2 3 1 3
7 10 7 6 2 5 5 4 2 4
8 23 9 6 4 7 6 4 3 5
9 100000 26 55 49 52 17 37 100000 100000
10 65 32 45 13 11 21 30 9 8
11 11 8 4 2 8 5 3 2 6
12 100000 13 21 60 17 9 14 37 12
13 100000 5 6 4 6 4 100000 100000 100000
14 100000 5 2 4 5 4 100000 3 4
15 70 23 2 4 23 17 2 3 15
16 140 59 91 29 104 38 63 20 65
17 100000 6 9 12 19 100000 6 100000 13
18 100000 10 14 6 18 7 100000 5 100000
19 70 24 4 5 30 15 3 4 20
20 40 6 20 23 22 5 13 15 14
21 85 22 38 40 30 15 24 28 19
22 23 2 1 2 3 2 1 2 2
23 36 13 14 20 27 9 10 13 19
24 1 1 1 1 1 1 1 1 1
25 100000 6 4 4 6 4 3 3 5
26 100000 33 6 33 1 23 100000 100000 1
27 79 29 7 20 13 20 5 13 9
28 100000 33 36 20 20 20 26 13 13
<posture of tasks>
1 0
2 1
3 0
4 1
5 1
6 1
7 1
8 1
9 1
10 1
11 1
12 1
13 1
14 1
15 1
16 0
17 1
18 0
19 1
20 1
21 1
22 1
23 1
24 1
25 1
26 1
27 1
28 1
<max energy cosumption of alternatives>
1 100000.00
2 4.91
3 5.47
4 4.49
5 5.33
<energy cosumption of alternatives>
1 100000.00 0.61 1.02 0.56 0.88 0.30 0.44 0.32 0.27
2 100000.00 0.09 0.09 0.06 0.09 100000.00 100000.00 100000.00 0.03
3 100000.00 0.06 0.11 0.11 0.08 0.04 0.04 0.03 0.03
4 100000.00 1.76 1.99 1.30 2.62 1.12 0.58 0.76 1.08
5 100000.00 0.42 0.42 0.26 0.27 100000.00 0.09 0.15 100000.00
6 100000.00 0.10 0.13 0.07 0.13 0.06 0.08 0.04 0.08
7 100000.00 0.25 0.22 0.09 0.19 0.17 0.06 0.06 0.12
8 100000.00 0.30 0.21 0.15 0.25 0.19 0.13 0.04 0.12
9 100000.00 0.83 1.89 1.59 1.80 0.56 0.92 100000.00 100000.00
10 100000.00 1.11 1.56 0.44 0.38 0.76 0.55 0.13 0.15
11 100000.00 0.28 0.16 0.09 0.28 0.07 0.08 0.04 0.15
12 100000.00 0.42 0.69 1.93 0.57 0.24 0.26 0.47 0.37
13 100000.00 0.20 0.23 0.17 0.23 0.07 100000.00 100000.00 100000.00
14 100000.00 0.19 0.10 0.16 0.19 0.06 100000.00 0.08 0.04
15 100000.00 0.74 0.10 0.16 0.77 0.43 0.06 0.10 0.24
16 100000.00 1.57 2.50 0.78 2.84 0.68 1.01 0.17 0.84
17 100000.00 0.21 0.30 0.39 0.63 100000.00 0.14 100000.00 0.25
18 100000.00 0.27 0.36 0.18 0.48 0.12 100000.00 0.10 100000.00
19 100000.00 0.78 0.17 0.19 1.09 0.17 0.06 0.08 0.67
20 100000.00 0.21 0.67 0.73 0.73 0.05 0.34 0.40 0.24
21 100000.00 0.71 1.32 1.32 1.07 0.21 0.35 0.58 0.29
22 100000.00 0.09 0.06 0.09 0.12 0.06 0.02 0.06 0.04
23 100000.00 0.43 0.46 0.64 0.91 0.25 0.17 0.17 0.45
24 100000.00 0.07 0.07 0.06 0.07 0.02 0.04 0.03 0.02
25 100000.00 0.22 0.16 0.16 0.22 0.11 0.08 0.09 0.13
26 100000.00 1.17 0.23 1.14 0.08 0.38 100000.00 100000.00 0.03
27 100000.00 0.95 0.24 0.63 0.45 0.23 0.15 0.13 0.27
28 100000.00 1.16 1.28 0.65 0.69 0.54 0.90 0.23 0.34
<task rigidity>
1 9
2 5
3 1
4 9
5 6
6 2
7 6
8 1
9 2
10 2
11 9
12 10
13 8
14 5
15 4
16 10
17 10
18 2
19 7
20 2
21 7
22 2
23 4
24 5
25 1
26 6
27 9
28 1
<precedence relations>
1,2
1,4
1,6
1,7
1,8
1,9
1,11
1,12
1,13
1,14
1,15
1,24
1,25
1,26
2,3
3,28
4,5
5,28
6,28
7,28
8,28
9,10
10,28
11,22
12,27
13,16
14,18
15,16
16,17
17,19
18,19
19,20
20,21
21,28
22,23
23,27
24,28
25,28
26,28
<end>