<number of tasks>
28
<number of stations>
3
<number of workers>
3
<type of the robots>
1
<limit of the robots>
1
<task times>
1 97 33 40 30 22 27 20
2 100000 2 1 1 2 1 1
3 4 1 3 1 1 3 1
4 100000 34 59 79 22 100000 52
5 28 18 7 3 13 5 2
6 100000 2 2 1 100000 2 1
7 100000 1 3 3 1 3 100000
8 100000 5 13 10 4 10 7
9 90 29 34 31 18 23 21
10 100000 31 32 14 22 21 100000
11 100000 6 3 7 4 100000 5
12 129 16 59 82 12 39 57
13 10 1 3 6 1 3 4
14 100000 3 1 5 2 1 100000
15 70 1 29 9 1 19 6
16 143 33 62 53 21 42 35
17 100000 9 12 10 100000 8 100000
18 27 21 9 1 14 6 1
19 100000 30 31 4 19 21 3
20 42 2 29 27 2 19 18
21 100000 32 6 31 22 5 100000
22 22 16 10 1 11 7 1
23 37 15 20 7 11 14 5
24 1 1 1 1 1 1 1
25 8 3 1 3 2 1 3
26 100000 2 16 19 2 11 12
27 100000 26 32 13 17 100000 100000
28 100000 45 19 32 32 12 21
<posture of tasks>
1 1
2 1
3 1
4 1
5 1
6 0
7 1
8 1
9 1
10 1
11 1
12 1
13 0
14 1
15 1
16 1
17 1
18 0
19 0
20 1
21 1
22 1
23 1
24 1
25 1
26 1
27 1
28 0
<max energy cosumption of alternatives>
1 100000.00
2 4.64
3 4.79
4 4.28
<energy cosumption of alternatives>
1 100000.00 1.11 1.38 1.04 0.70 0.47 0.63
2 100000.00 0.10 0.07 0.07 0.05 0.02 0.02
3 100000.00 0.06 0.12 0.06 0.02 0.07 0.02
4 100000.00 1.13 2.02 2.62 0.65 100000.00 0.58
5 100000.00 0.57 0.24 0.12 0.12 0.11 0.05
6 100000.00 0.08 0.08 0.06 100000.00 0.05 0.03
7 100000.00 0.05 0.12 0.11 0.03 0.04 100000.00
8 100000.00 0.19 0.43 0.34 0.09 0.10 0.23
9 100000.00 1.03 1.21 1.12 0.45 0.41 0.31
10 100000.00 1.05 1.11 0.46 0.33 0.37 100000.00
11 100000.00 0.23 0.14 0.26 0.12 100000.00 0.07
12 100000.00 0.52 2.01 2.71 0.25 1.26 1.84
13 100000.00 0.07 0.11 0.18 0.02 0.05 0.09
14 100000.00 0.14 0.08 0.20 0.04 0.04 100000.00
15 100000.00 0.06 1.01 0.31 0.01 0.68 0.15
16 100000.00 1.11 2.15 1.75 0.63 1.00 0.59
17 100000.00 0.30 0.39 0.33 100000.00 0.19 100000.00
18 100000.00 0.52 0.25 0.06 0.28 0.05 0.02
19 100000.00 0.77 0.81 0.12 0.36 0.38 0.03
20 100000.00 0.11 1.04 0.87 0.07 0.60 0.43
21 100000.00 1.11 0.23 1.10 0.33 0.05 100000.00
22 100000.00 0.53 0.35 0.07 0.24 0.15 0.03
23 100000.00 0.48 0.66 0.24 0.27 0.34 0.11
24 100000.00 0.05 0.05 0.05 0.03 0.01 0.02
25 100000.00 0.12 0.06 0.12 0.08 0.03 0.07
26 100000.00 0.10 0.53 0.62 0.07 0.23 0.19
27 100000.00 0.84 1.14 0.45 0.30 100000.00 100000.00
28 100000.00 1.17 0.49 0.89 0.70 0.12 0.23
<task rigidity>
1 6
2 7
3 6
4 4
5 2
6 2
7 1
8 3
9 9
10 1
11 1
12 4
13 3
14 4
15 5
16 6
17 3
18 4
19 2
20 2
21 2
22 9
23 6
24 1
25 6
26 9
27 7
28 7
<precedence relations>
1,2
1,4
1,6
1,7
1,8
1,9
1,11
1,12
1,13
1,14
1,15
1,24
1,25
1,26
2,3
3,28
4,5
5,28
6,28
7,28
8,28
9,10
10,28
11,22
12,27
13,16
14,18
15,16
16,17
17,19
18,19
19,20
20,21
21,28
22,23
23,27
24,28
25,28
26,28
<end>