<number of tasks>
28
<number of stations>
5
<number of workers>
5
<type of the robots>
1
<limit of the robots>
2
<task times>
1 95 22 3 42 20 35 14 2 26 13 24
2 2 2 2 1 2 1 2 2 1 2 1
3 100000 2 2 2 1 1 100000 2 100000 1 1
4 100000 1 90 19 103 34 1 100000 14 71 23
5 100000 16 1 8 19 17 11 100000 6 13 11
6 100000 3 2 1 3 1 2 100000 1 100000 1
7 10 5 4 1 8 6 4 3 1 5 4
8 23 9 17 3 5 1 6 11 2 4 1
9 87 17 12 25 63 6 12 8 17 41 5
10 64 5 40 2 22 46 4 28 2 15 32
11 100000 2 2 6 6 6 100000 2 5 100000 100000
12 131 7 77 75 11 47 5 52 49 8 30
13 100000 1 5 6 8 7 1 4 5 5 5
14 7 5 5 3 1 1 4 4 3 1 1
15 69 52 7 51 31 13 34 5 31 21 9
16 149 83 71 10 52 37 56 46 7 33 23
17 24 2 15 13 4 5 2 10 9 3 4
18 100000 6 6 13 21 20 5 100000 9 13 100000
19 100000 31 22 20 17 18 19 15 13 11 12
20 100000 14 23 29 11 1 10 16 100000 100000 1
21 82 34 7 28 7 37 22 5 19 5 24
22 23 6 4 3 6 17 4 3 2 5 12
23 100000 21 20 25 25 15 15 14 100000 16 10
24 1 1 1 1 1 1 1 1 1 1 1
25 7 1 1 4 3 3 1 1 3 3 3
26 45 16 15 18 9 20 12 11 12 6 14
27 81 38 25 32 23 11 24 18 20 16 8
28 94 33 6 18 45 3 21 4 11 28 2
<posture of tasks>
1 1
2 1
3 1
4 1
5 1
6 1
7 0
8 1
9 1
10 1
11 1
12 1
13 1
14 1
15 1
16 0
17 0
18 1
19 1
20 1
21 1
22 1
23 1
24 0
25 1
26 1
27 0
28 0
<max energy cosumption of alternatives>
1 100000.00
2 5.41
3 2.65
4 5.18
5 5.13
6 4.56
<energy cosumption of alternatives>
1 100000.00 0.73 0.10 1.39 0.67 1.15 0.38 0.04 0.94 0.45 0.32
2 100000.00 0.10 0.07 0.07 0.10 0.07 0.03 0.03 0.04 0.05 0.03
3 100000.00 0.09 0.07 0.09 0.06 0.06 100000.00 0.02 100000.00 0.03 0.03
4 100000.00 0.06 2.49 0.61 3.46 1.12 0.01 100000.00 0.18 1.39 0.64
5 100000.00 0.56 0.05 0.29 0.62 0.56 0.24 100000.00 0.12 0.41 0.13
6 100000.00 0.13 0.07 0.06 0.13 0.06 0.07 100000.00 0.04 100000.00 0.03
7 100000.00 0.15 0.11 0.06 0.22 0.18 0.10 0.03 0.03 0.05 0.10
8 100000.00 0.30 0.45 0.11 0.17 0.05 0.09 0.30 0.04 0.06 0.03
9 100000.00 0.58 0.34 0.80 2.16 0.22 0.27 0.15 0.47 1.05 0.08
10 100000.00 0.19 1.11 0.09 0.73 1.49 0.11 0.23 0.06 0.38 0.69
11 100000.00 0.10 0.08 0.22 0.22 0.22 100000.00 0.04 0.15 100000.00 100000.00
12 100000.00 0.27 2.19 2.56 0.39 1.57 0.10 0.96 0.77 0.20 0.82
13 100000.00 0.06 0.16 0.22 0.28 0.25 0.04 0.08 0.08 0.10 0.07
14 100000.00 0.19 0.16 0.13 0.07 0.07 0.07 0.04 0.07 0.03 0.03
15 100000.00 1.81 0.21 1.70 1.09 0.44 1.26 0.09 1.10 0.67 0.22
16 100000.00 2.35 1.57 0.28 1.37 0.98 0.93 1.10 0.08 0.89 0.38
17 100000.00 0.07 0.30 0.32 0.12 0.14 0.02 0.10 0.18 0.03 0.04
18 100000.00 0.22 0.19 0.43 0.70 0.64 0.10 100000.00 0.16 0.38 100000.00
19 100000.00 1.12 0.60 0.65 0.56 0.59 0.56 0.37 0.36 0.28 0.28
20 100000.00 0.49 0.62 0.97 0.37 0.06 0.17 0.27 100000.00 100000.00 0.03
21 100000.00 1.20 0.20 0.96 0.25 1.23 0.35 0.10 0.48 0.11 0.78
22 100000.00 0.23 0.14 0.13 0.23 0.56 0.08 0.05 0.04 0.12 0.15
23 100000.00 0.70 0.53 0.79 0.82 0.49 0.41 0.26 100000.00 0.40 0.13
24 100000.00 0.06 0.04 0.06 0.06 0.06 0.01 0.01 0.02 0.02 0.02
25 100000.00 0.07 0.04 0.16 0.13 0.13 0.02 0.02 0.05 0.05 0.06
26 100000.00 0.56 0.42 0.59 0.32 0.65 0.31 0.27 0.41 0.08 0.43
27 100000.00 1.05 0.50 0.86 0.59 0.29 0.58 0.32 0.56 0.17 0.15
28 100000.00 0.91 0.15 0.45 1.18 0.10 0.58 0.08 0.10 0.52 0.07
<task rigidity>
1 7
2 4
3 4
4 5
5 2
6 6
7 10
8 10
9 2
10 10
11 4
12 3
13 3
14 3
15 5
16 5
17 3
18 1
19 5
20 5
21 10
22 8
23 9
24 8
25 8
26 1
27 2
28 6
<precedence relations>
1,2
1,4
1,6
1,7
1,8
1,9
1,11
1,12
1,13
1,14
1,15
1,24
1,25
1,26
2,3
3,28
4,5
5,28
6,28
7,28
8,28
9,10
10,28
11,22
12,27
13,16
14,18
15,16
16,17
17,19
18,19
19,20
20,21
21,28
22,23
23,27
24,28
25,28
26,28
<end>