<number of tasks>
28
<number of stations>
8
<number of workers>
8
<type of the robots>
1
<limit of the robots>
2
<task times>
1 98 40 70 17 10 69 8 9 70 26 47 11 7 45 6 6 47
2 2 1 2 1 1 2 2 2 1 1 2 1 1 2 2 2 1
3 3 1 1 2 1 1 3 1 1 1 1 2 1 1 2 1 1
4 149 5 106 17 75 107 22 76 7 4 65 12 52 70 15 52 5
5 29 1 21 10 6 6 18 3 17 1 15 7 5 5 12 2 11
6 100000 3 1 3 2 1 1 2 1 100000 1 100000 100000 1 1 2 100000
7 100000 3 1 3 8 2 4 8 5 100000 1 2 6 100000 3 5 4
8 100000 2 8 3 1 6 3 12 12 2 100000 3 1 4 100000 8 9
9 89 37 41 66 55 21 54 30 56 25 27 43 34 14 38 21 39
10 100000 21 39 26 27 36 24 21 13 15 25 100000 17 100000 17 100000 8
11 100000 1 4 4 3 5 2 3 3 100000 3 3 3 4 2 100000 100000
12 126 3 37 40 45 37 44 95 81 3 23 26 30 25 29 63 53
13 100000 3 1 3 1 1 6 7 3 100000 1 2 1 1 4 100000 2
14 7 2 4 4 1 2 1 1 4 2 3 3 1 2 1 1 3
15 67 11 22 28 7 35 13 2 29 7 15 20 5 22 8 2 19
16 146 99 58 15 17 31 29 73 12 62 38 10 11 21 20 46 9
17 25 8 5 2 16 9 15 13 2 5 4 2 10 6 10 9 2
18 100000 15 21 2 6 1 9 3 16 11 15 2 4 1 7 3 11
19 100000 41 21 51 19 15 19 44 2 27 13 33 100000 11 100000 28 100000
20 40 30 23 31 27 13 19 4 24 19 15 21 17 9 13 3 16
21 85 28 37 14 48 60 31 47 40 18 23 10 33 41 20 30 25
22 100000 2 9 12 10 5 1 7 17 2 7 8 7 100000 1 100000 12
23 100000 2 11 27 14 1 12 8 2 2 100000 19 10 1 8 100000 2
24 100000 1 1 1 1 1 1 1 1 100000 1 1 100000 1 1 1 1
25 7 1 5 1 3 1 3 5 1 1 4 1 2 1 2 4 1
26 42 25 9 28 14 29 10 16 30 18 6 18 10 19 7 10 20
27 82 44 56 41 24 34 52 30 33 30 35 28 16 24 32 19 22
28 100000 12 23 68 54 5 30 25 7 100000 16 100000 33 100000 20 17 100000
<posture of tasks>
1 1
2 1
3 1
4 1
5 0
6 1
7 1
8 1
9 1
10 0
11 1
12 0
13 0
14 1
15 1
16 1
17 1
18 1
19 1
20 0
21 1
22 1
23 0
24 0
25 1
26 1
27 1
28 0
<max energy cosumption of alternatives>
1 100000.00
2 3.28
3 4.38
4 4.89
5 4.28
6 3.19
7 4.95
8 2.45
9 2.96
<energy cosumption of alternatives>
1 100000.00 1.10 2.40 0.55 0.33 1.87 0.28 0.25 1.81 0.25 0.98 0.26 0.14 0.51 0.15 0.12 1.20
2 100000.00 0.06 0.11 0.08 0.08 0.09 0.11 0.09 0.06 0.03 0.03 0.02 0.03 0.02 0.06 0.06 0.03
3 100000.00 0.05 0.07 0.10 0.07 0.04 0.13 0.04 0.04 0.03 0.04 0.05 0.05 0.02 0.05 0.02 0.02
4 100000.00 0.16 3.69 0.56 2.46 2.92 0.74 2.00 0.20 0.09 1.83 0.12 1.59 0.71 0.23 0.54 0.08
5 100000.00 0.03 0.53 0.25 0.16 0.12 0.46 0.07 0.33 0.02 0.29 0.15 0.04 0.04 0.20 0.02 0.16
6 100000.00 0.09 0.05 0.11 0.08 0.03 0.05 0.06 0.03 100000.00 0.01 100000.00 100000.00 0.02 0.03 0.01 100000.00
7 100000.00 0.11 0.07 0.13 0.28 0.08 0.16 0.23 0.14 100000.00 0.05 0.09 0.18 100000.00 0.10 0.09 0.05
8 100000.00 0.07 0.28 0.12 0.06 0.16 0.13 0.31 0.31 0.04 100000.00 0.04 0.03 0.05 100000.00 0.14 0.09
9 100000.00 1.03 1.40 2.19 1.79 0.57 1.86 0.81 1.49 0.29 0.72 0.59 1.05 0.14 1.20 0.22 0.97
10 100000.00 0.44 1.05 0.64 0.66 0.78 0.64 0.42 0.28 0.21 0.66 100000.00 0.33 100000.00 0.33 100000.00 0.11
11 100000.00 0.04 0.15 0.15 0.12 0.16 0.09 0.10 0.10 100000.00 0.10 0.10 0.04 0.07 0.06 100000.00 100000.00
12 100000.00 0.08 0.99 1.01 1.12 0.78 1.17 1.89 1.59 0.02 0.56 0.34 0.65 0.22 0.73 0.60 0.83
13 100000.00 0.10 0.07 0.12 0.07 0.05 0.19 0.17 0.10 100000.00 0.02 0.05 0.03 0.03 0.09 100000.00 0.03
14 100000.00 0.08 0.16 0.16 0.07 0.07 0.07 0.05 0.13 0.04 0.10 0.09 0.02 0.03 0.02 0.03 0.09
15 100000.00 0.31 0.73 0.94 0.24 0.95 0.46 0.07 0.77 0.13 0.44 0.46 0.08 0.41 0.20 0.04 0.42
16 100000.00 2.72 2.00 0.49 0.55 0.86 1.03 1.90 0.31 0.73 1.39 0.31 0.15 0.35 0.48 0.87 0.15
17 100000.00 0.22 0.18 0.09 0.51 0.24 0.51 0.34 0.06 0.13 0.06 0.02 0.31 0.07 0.13 0.21 0.03
18 100000.00 0.41 0.70 0.09 0.22 0.04 0.31 0.10 0.41 0.09 0.17 0.03 0.10 0.01 0.14 0.03 0.11
19 100000.00 1.12 0.70 1.63 0.60 0.40 0.64 1.13 0.06 0.33 0.18 0.54 100000.00 0.28 100000.00 0.75 100000.00
20 100000.00 0.69 0.60 0.83 0.66 0.28 0.50 0.12 0.46 0.18 0.20 0.42 0.14 0.19 0.19 0.04 0.24
21 100000.00 0.83 1.30 0.47 1.57 1.69 1.12 1.23 1.07 0.17 0.57 0.19 0.64 0.69 0.23 0.27 0.35
22 100000.00 0.09 0.33 0.42 0.35 0.18 0.08 0.21 0.46 0.06 0.15 0.28 0.23 100000.00 0.05 100000.00 0.30
23 100000.00 0.07 0.30 0.67 0.37 0.05 0.35 0.19 0.07 0.03 100000.00 0.39 0.11 0.03 0.11 100000.00 0.03
24 100000.00 0.04 0.06 0.06 0.06 0.04 0.06 0.04 0.04 100000.00 0.01 0.03 100000.00 0.02 0.02 0.03 0.02
25 100000.00 0.05 0.20 0.07 0.13 0.05 0.13 0.15 0.05 0.02 0.06 0.04 0.06 0.01 0.04 0.03 0.02
26 100000.00 0.65 0.30 0.92 0.45 0.78 0.33 0.40 0.78 0.26 0.10 0.28 0.27 0.39 0.14 0.26 0.26
27 100000.00 1.21 1.95 1.35 0.77 0.94 1.80 0.81 0.88 0.49 0.44 0.82 0.23 0.23 1.11 0.56 0.22
28 100000.00 0.27 0.59 1.73 1.33 0.13 0.83 0.48 0.15 100000.00 0.13 100000.00 0.40 100000.00 0.56 0.24 100000.00
<task rigidity>
1 7
2 7
3 2
4 7
5 3
6 2
7 2
8 1
9 5
10 3
11 5
12 5
13 6
14 5
15 2
16 6
17 4
18 5
19 3
20 3
21 9
22 3
23 6
24 8
25 8
26 4
27 8
28 4
<precedence relations>
1,2
1,4
1,6
1,7
1,8
1,9
1,11
1,12
1,13
1,14
1,15
1,24
1,25
1,26
2,3
3,28
4,5
5,28
6,28
7,28
8,28
9,10
10,28
11,22
12,27
13,16
14,18
15,16
16,17
17,19
18,19
19,20
20,21
21,28
22,23
23,27
24,28
25,28
26,28
<end>