<number of tasks>
29
<number of stations>
10
<number of workers>
10
<type of the robots>
1
<limit of the robots>
4
<task times>
1 100000 3 6 2 2 4 1 5 6 1 7 100000 5 100000 2 100000 100000 100000 100000 1 5
2 25 9 3 13 12 6 17 16 17 6 7 6 2 9 8 5 12 10 12 5 5
3 21 12 11 9 5 14 13 3 14 7 8 8 8 6 4 10 9 2 10 5 6
4 7 1 1 5 2 5 4 3 2 1 3 1 1 4 2 4 3 2 2 1 3
5 100000 5 10 5 11 6 5 5 3 6 8 4 7 4 8 4 4 4 2 4 6
6 100000 2 2 5 9 4 10 5 10 7 4 100000 100000 100000 100000 3 7 4 7 5 3
7 11 2 5 2 2 1 2 1 6 4 8 2 4 2 2 1 2 1 4 3 5
8 100000 4 14 15 1 6 8 9 13 13 11 3 10 10 1 4 5 6 9 9 7
9 2 2 1 2 2 2 2 2 1 2 2 2 1 2 2 2 2 2 1 2 2
10 7 6 5 4 1 3 1 3 6 4 6 5 4 3 1 3 1 2 4 3 4
11 29 8 20 2 8 10 20 8 15 20 6 6 13 2 6 7 14 5 11 14 4
12 13 5 2 8 9 8 10 10 10 8 1 4 2 6 7 6 7 7 7 6 1
13 100000 6 4 2 2 5 8 5 6 4 4 100000 3 2 100000 4 6 100000 4 3 3
14 5 4 4 4 2 2 3 2 1 2 4 3 3 3 2 2 2 2 1 2 3
15 100000 8 4 5 7 6 1 1 1 1 13 6 100000 4 5 100000 1 1 1 100000 100000
16 9 2 6 7 6 5 3 3 5 4 4 2 4 5 4 4 2 2 4 3 3
17 19 2 12 2 11 6 10 13 10 10 13 2 9 2 8 4 7 9 7 7 8
18 100000 13 4 7 14 3 10 10 11 17 12 100000 100000 100000 10 100000 100000 100000 7 12 9
19 100000 4 5 4 1 2 9 9 2 7 5 3 4 100000 100000 2 7 100000 2 5 4
20 100000 2 11 8 5 16 11 9 7 9 8 2 7 100000 4 11 100000 6 100000 100000 6
21 100000 1 1 1 1 1 1 1 1 1 1 1 1 100000 1 100000 1 1 1 1 1
22 12 7 1 6 3 7 7 4 1 9 1 5 1 4 2 5 5 3 1 6 1
23 34 8 2 5 18 17 22 25 3 4 17 6 2 4 12 12 15 17 2 3 12
24 19 6 3 8 11 11 7 8 1 6 8 5 2 6 7 8 5 5 1 5 6
25 18 14 9 3 2 14 4 9 12 12 4 10 6 2 2 10 3 6 9 8 3
26 2 2 2 2 2 2 2 2 2 2 1 2 2 2 2 2 2 2 2 2 1
27 100000 5 3 1 6 2 5 5 5 2 4 4 100000 1 100000 100000 4 4 4 2 3
28 9 2 2 3 3 4 6 7 5 5 4 2 2 2 2 3 4 5 4 4 3
29 100000 7 10 6 10 19 19 15 2 16 13 100000 7 100000 100000 13 13 10 2 11 9
<posture of tasks>
1 0
2 0
3 0
4 1
5 0
6 1
7 1
8 0
9 1
10 1
11 1
12 1
13 1
14 0
15 0
16 0
17 1
18 0
19 1
20 1
21 0
22 1
23 0
24 1
25 0
26 1
27 0
28 1
29 0
<max energy cosumption of alternatives>
1 100000.00
2 5.53
3 4.68
4 2.99
5 3.13
6 2.81
7 4.75
8 3.11
9 4.95
10 4.25
11 5.64
<energy cosumption of alternatives>
1 100000.00 0.10 0.17 0.06 0.06 0.11 0.06 0.13 0.17 0.06 0.20 100000.00 0.04 100000.00 0.03 100000.00 100000.00 100000.00 100000.00 0.03 0.08
2 100000.00 0.24 0.11 0.27 0.25 0.13 0.45 0.34 0.43 0.17 0.20 0.11 0.05 0.11 0.13 0.05 0.12 0.13 0.11 0.04 0.13
3 100000.00 0.35 0.31 0.22 0.13 0.31 0.35 0.10 0.37 0.21 0.24 0.15 0.15 0.08 0.06 0.16 0.21 0.02 0.22 0.15 0.08
4 100000.00 0.07 0.07 0.17 0.08 0.17 0.16 0.11 0.10 0.07 0.13 0.04 0.02 0.07 0.02 0.10 0.10 0.03 0.06 0.05 0.06
5 100000.00 0.16 0.27 0.14 0.23 0.14 0.16 0.14 0.11 0.18 0.23 0.03 0.15 0.04 0.06 0.08 0.09 0.07 0.07 0.07 0.09
6 100000.00 0.11 0.11 0.17 0.24 0.14 0.35 0.17 0.35 0.26 0.17 100000.00 100000.00 100000.00 100000.00 0.06 0.12 0.09 0.21 0.18 0.11
7 100000.00 0.10 0.19 0.07 0.07 0.04 0.10 0.05 0.22 0.16 0.28 0.07 0.09 0.02 0.02 0.01 0.05 0.01 0.05 0.06 0.19
8 100000.00 0.13 0.36 0.31 0.04 0.13 0.22 0.20 0.33 0.33 0.29 0.06 0.11 0.20 0.02 0.06 0.11 0.10 0.09 0.12 0.16
9 100000.00 0.09 0.06 0.07 0.06 0.07 0.09 0.07 0.06 0.09 0.09 0.02 0.02 0.04 0.04 0.04 0.04 0.02 0.02 0.03 0.05
10 100000.00 0.23 0.19 0.14 0.05 0.11 0.07 0.11 0.22 0.16 0.23 0.05 0.11 0.08 0.02 0.04 0.04 0.05 0.13 0.04 0.08
11 100000.00 0.28 0.67 0.07 0.22 0.28 0.67 0.23 0.49 0.67 0.22 0.18 0.33 0.03 0.09 0.18 0.41 0.14 0.23 0.19 0.09
12 100000.00 0.19 0.10 0.23 0.23 0.23 0.34 0.29 0.34 0.28 0.07 0.09 0.06 0.06 0.05 0.10 0.15 0.08 0.15 0.19 0.04
13 100000.00 0.22 0.16 0.07 0.07 0.16 0.28 0.16 0.22 0.16 0.16 100000.00 0.10 0.04 100000.00 0.11 0.11 100000.00 0.12 0.11 0.05
14 100000.00 0.14 0.14 0.12 0.07 0.07 0.11 0.07 0.07 0.09 0.14 0.08 0.06 0.03 0.01 0.02 0.04 0.02 0.04 0.03 0.04
15 100000.00 0.23 0.14 0.14 0.16 0.14 0.07 0.05 0.07 0.07 0.37 0.15 100000.00 0.05 0.07 100000.00 0.02 0.03 0.04 100000.00 100000.00
16 100000.00 0.09 0.19 0.17 0.15 0.15 0.12 0.10 0.16 0.14 0.14 0.06 0.12 0.08 0.10 0.09 0.04 0.02 0.06 0.08 0.05
17 100000.00 0.09 0.39 0.06 0.28 0.16 0.33 0.34 0.33 0.33 0.45 0.05 0.25 0.02 0.06 0.06 0.15 0.23 0.17 0.19 0.11
18 100000.00 0.37 0.14 0.17 0.28 0.10 0.28 0.24 0.30 0.46 0.35 100000.00 100000.00 100000.00 0.11 100000.00 100000.00 100000.00 0.16 0.18 0.20
19 100000.00 0.17 0.20 0.14 0.05 0.08 0.32 0.27 0.10 0.26 0.20 0.11 0.06 100000.00 100000.00 0.02 0.15 100000.00 0.06 0.11 0.06
20 100000.00 0.09 0.36 0.21 0.12 0.40 0.36 0.24 0.24 0.30 0.27 0.02 0.08 100000.00 0.07 0.23 100000.00 0.13 100000.00 100000.00 0.16
21 100000.00 0.07 0.07 0.05 0.05 0.05 0.07 0.05 0.07 0.07 0.07 0.04 0.02 100000.00 0.03 100000.00 0.01 0.01 0.05 0.02 0.02
22 100000.00 0.24 0.06 0.18 0.09 0.19 0.24 0.12 0.06 0.30 0.06 0.06 0.01 0.08 0.05 0.11 0.17 0.03 0.02 0.15 0.02
23 100000.00 0.21 0.07 0.12 0.33 0.33 0.56 0.49 0.10 0.12 0.44 0.09 0.03 0.04 0.09 0.08 0.32 0.12 0.06 0.07 0.11
24 100000.00 0.21 0.12 0.22 0.28 0.28 0.24 0.22 0.06 0.21 0.27 0.13 0.07 0.12 0.09 0.15 0.07 0.15 0.04 0.06 0.18
25 100000.00 0.39 0.25 0.09 0.07 0.30 0.13 0.21 0.32 0.32 0.13 0.09 0.11 0.02 0.05 0.13 0.04 0.08 0.09 0.11 0.07
26 100000.00 0.09 0.09 0.06 0.06 0.06 0.09 0.06 0.08 0.09 0.06 0.05 0.03 0.02 0.03 0.04 0.06 0.02 0.05 0.05 0.03
27 100000.00 0.15 0.10 0.03 0.12 0.05 0.15 0.12 0.15 0.08 0.12 0.09 100000.00 0.02 100000.00 100000.00 0.06 0.04 0.07 0.04 0.03
28 100000.00 0.11 0.11 0.12 0.11 0.14 0.23 0.21 0.20 0.20 0.17 0.06 0.07 0.07 0.07 0.06 0.10 0.05 0.07 0.06 0.05
29 100000.00 0.19 0.25 0.14 0.19 0.37 0.48 0.30 0.07 0.42 0.35 100000.00 0.12 100000.00 100000.00 0.17 0.26 0.19 0.03 0.17 0.16
<task rigidity>
1 1
2 5
3 3
4 2
5 2
6 8
7 3
8 1
9 1
10 10
11 2
12 6
13 4
14 10
15 1
16 10
17 9
18 2
19 10
20 6
21 7
22 3
23 5
24 8
25 8
26 3
27 9
28 10
29 6
<precedence relations>
1,3
1,25
2,6
2,26
3,4
4,5
5,8
5,13
6,8
7,9
7,12
7,25
8,11
8,16
9,10
10,14
10,15
11,17
12,15
13,17
14,16
15,19
16,18
17,20
18,22
19,21
20,23
21,22
22,23
23,24
23,28
24,29
25,29
26,27
27,29
28,29
<end>