<number of tasks>
29
<number of stations>
12
<number of workers>
12
<type of the robots>
1
<limit of the robots>
6
<task times>
1 9 7 2 6 5 5 5 4 2 4 7 2 6 5 2 4 4 4 4 3 2 3 5 2 5
2 100000 19 17 9 1 15 12 17 13 17 14 6 13 12 12 6 1 10 8 11 8 11 9 4 10
3 100000 7 4 1 12 15 2 5 7 5 9 6 6 5 100000 100000 8 10 2 4 5 4 100000 100000 4
4 7 2 3 5 5 2 2 1 5 1 4 5 1 2 2 4 4 2 2 1 4 1 3 4 1
5 100000 6 12 9 4 9 8 7 5 9 7 2 9 4 100000 100000 100000 100000 100000 100000 4 100000 5 100000 6
6 100000 7 8 2 10 2 7 1 9 4 8 8 9 100000 6 2 7 2 5 100000 100000 100000 6 100000 7
7 11 6 1 3 6 6 3 1 6 7 6 8 4 4 1 2 4 5 2 1 4 5 4 6 3
8 22 14 14 16 8 8 16 15 1 16 5 3 4 10 9 12 5 6 11 10 1 10 4 2 3
9 100000 2 1 1 2 1 2 2 1 2 2 2 2 2 1 1 2 1 2 100000 1 2 100000 2 2
10 8 4 5 1 5 4 2 3 4 4 4 3 5 3 4 1 4 3 2 2 3 3 3 2 4
11 29 8 10 18 19 13 17 13 18 19 20 20 21 6 7 12 13 10 12 8 13 13 13 14 15
12 13 9 3 9 5 2 1 5 8 7 10 3 1 6 2 7 4 2 1 4 5 5 7 2 1
13 11 7 9 8 3 9 8 4 8 8 2 6 5 5 6 6 3 6 5 3 6 5 2 4 4
14 100000 1 1 2 1 3 1 3 1 2 4 1 3 100000 1 100000 100000 2 1 3 1 2 3 100000 2
15 18 14 7 14 12 11 7 8 6 3 1 14 12 10 5 9 8 8 5 6 4 2 1 10 8
16 9 3 2 6 4 4 5 6 6 5 7 7 2 2 2 5 3 3 4 4 4 4 5 5 2
17 100000 9 4 6 2 6 6 3 3 13 12 3 7 6 3 4 100000 4 5 2 100000 100000 9 2 5
18 22 1 8 17 14 12 7 11 5 16 4 1 8 1 6 12 9 9 5 8 4 12 3 1 6
19 14 2 9 10 7 9 8 7 10 6 4 5 9 2 6 7 5 7 6 5 7 4 3 4 6
20 22 11 13 9 13 2 2 16 15 8 14 15 3 8 8 6 9 2 2 10 11 6 10 11 3
21 1 1 1 1 1 1 1 1 1 1 1 1 1 1 1 1 1 1 1 1 1 1 1 1 1
22 11 1 1 6 3 5 4 6 8 9 1 2 7 1 1 5 3 4 3 5 6 7 1 2 5
23 34 18 15 17 15 4 23 17 15 17 23 9 19 13 10 12 10 3 15 11 10 11 16 7 13
24 100000 7 12 7 6 11 8 11 5 13 6 7 12 5 9 5 5 8 6 8 4 9 100000 5 9
25 100000 9 3 12 14 4 6 7 11 10 11 3 14 7 3 8 10 3 100000 5 100000 7 7 2 10
26 100000 2 2 1 1 2 1 1 1 1 1 2 1 100000 2 100000 1 2 1 1 1 1 100000 2 100000
27 13 7 3 7 9 5 7 5 1 10 9 4 3 5 2 5 6 4 5 4 1 7 6 3 2
28 9 3 7 3 1 3 5 3 3 1 4 4 1 2 5 2 1 2 4 2 3 1 3 3 1
29 26 7 13 12 1 4 5 20 12 15 17 6 14 5 9 9 1 3 4 13 9 10 12 4 9
<posture of tasks>
1 0
2 1
3 1
4 1
5 1
6 0
7 0
8 0
9 1
10 1
11 1
12 1
13 0
14 0
15 0
16 1
17 1
18 1
19 1
20 1
21 1
22 1
23 1
24 0
25 0
26 1
27 1
28 1
29 1
<max energy cosumption of alternatives>
1 100000.00
2 4.23
3 3.06
4 4.64
5 2.87
6 5.23
7 2.79
8 2.64
9 5.22
10 2.97
11 4.32
12 4.79
13 2.27
<energy cosumption of alternatives>
1 100000.00 0.20 0.06 0.17 0.11 0.15 0.11 0.11 0.08 0.11 0.20 0.08 0.13 0.06 0.04 0.07 0.03 0.10 0.05 0.05 0.04 0.05 0.10 0.02 0.09
2 100000.00 0.62 0.42 0.32 0.05 0.50 0.32 0.45 0.47 0.42 0.47 0.23 0.36 0.24 0.18 0.17 0.02 0.31 0.13 0.11 0.20 0.18 0.30 0.11 0.23
3 100000.00 0.26 0.14 0.07 0.33 0.50 0.08 0.17 0.26 0.15 0.32 0.23 0.18 0.08 100000.00 100000.00 0.19 0.27 0.04 0.11 0.11 0.08 100000.00 100000.00 0.10
4 100000.00 0.09 0.09 0.18 0.13 0.09 0.06 0.03 0.18 0.03 0.15 0.18 0.03 0.03 0.05 0.05 0.06 0.03 0.04 0.02 0.09 0.01 0.07 0.11 0.01
5 100000.00 0.22 0.32 0.31 0.13 0.31 0.23 0.20 0.19 0.23 0.25 0.10 0.26 0.07 100000.00 100000.00 100000.00 100000.00 100000.00 100000.00 0.07 100000.00 0.14 100000.00 0.12
6 100000.00 0.21 0.19 0.09 0.21 0.09 0.16 0.05 0.25 0.12 0.23 0.23 0.21 100000.00 0.10 0.06 0.09 0.02 0.09 100000.00 100000.00 100000.00 0.08 100000.00 0.09
7 100000.00 0.18 0.04 0.11 0.14 0.18 0.09 0.04 0.18 0.16 0.18 0.23 0.11 0.08 0.02 0.07 0.09 0.08 0.04 0.01 0.04 0.04 0.06 0.16 0.06
8 100000.00 0.37 0.28 0.42 0.19 0.23 0.33 0.33 0.07 0.33 0.16 0.12 0.12 0.12 0.06 0.27 0.04 0.05 0.16 0.07 0.03 0.08 0.03 0.04 0.02
9 100000.00 0.09 0.04 0.06 0.07 0.06 0.07 0.07 0.06 0.07 0.09 0.10 0.07 0.05 0.03 0.02 0.04 0.04 0.04 100000.00 0.04 0.02 100000.00 0.02 0.02
10 100000.00 0.16 0.14 0.07 0.14 0.16 0.08 0.11 0.16 0.14 0.16 0.13 0.14 0.04 0.04 0.02 0.06 0.10 0.05 0.03 0.10 0.08 0.07 0.03 0.10
11 100000.00 0.29 0.27 0.59 0.48 0.44 0.42 0.36 0.62 0.48 0.65 0.68 0.54 0.19 0.08 0.18 0.31 0.23 0.29 0.24 0.31 0.21 0.22 0.44 0.27
12 100000.00 0.31 0.11 0.31 0.14 0.10 0.05 0.17 0.28 0.20 0.34 0.13 0.05 0.07 0.02 0.20 0.08 0.06 0.02 0.09 0.10 0.06 0.19 0.08 0.01
13 100000.00 0.21 0.19 0.23 0.10 0.26 0.19 0.12 0.23 0.19 0.10 0.19 0.12 0.10 0.09 0.12 0.05 0.14 0.07 0.04 0.11 0.05 0.04 0.05 0.05
14 100000.00 0.07 0.05 0.09 0.05 0.11 0.05 0.09 0.07 0.07 0.14 0.07 0.09 100000.00 0.03 100000.00 100000.00 0.05 0.02 0.03 0.03 0.04 0.09 100000.00 0.02
15 100000.00 0.36 0.15 0.36 0.25 0.29 0.15 0.18 0.17 0.09 0.06 0.36 0.25 0.14 0.11 0.09 0.11 0.10 0.06 0.12 0.10 0.03 0.04 0.07 0.05
16 100000.00 0.13 0.08 0.23 0.14 0.16 0.14 0.18 0.23 0.14 0.26 0.26 0.08 0.07 0.03 0.10 0.10 0.07 0.09 0.05 0.13 0.08 0.17 0.11 0.04
17 100000.00 0.32 0.14 0.23 0.08 0.23 0.17 0.11 0.14 0.33 0.41 0.14 0.20 0.18 0.03 0.08 100000.00 0.14 0.09 0.07 100000.00 100000.00 0.19 0.06 0.13
18 100000.00 0.06 0.22 0.55 0.35 0.39 0.19 0.29 0.18 0.40 0.15 0.06 0.22 0.03 0.06 0.32 0.20 0.27 0.07 0.11 0.07 0.14 0.09 0.02 0.11
19 100000.00 0.10 0.24 0.35 0.20 0.31 0.23 0.20 0.35 0.17 0.16 0.19 0.26 0.06 0.13 0.18 0.09 0.13 0.12 0.10 0.13 0.09 0.11 0.04 0.07
20 100000.00 0.36 0.31 0.30 0.32 0.09 0.07 0.43 0.51 0.22 0.45 0.51 0.09 0.20 0.14 0.08 0.20 0.04 0.03 0.19 0.35 0.14 0.19 0.24 0.04
21 100000.00 0.06 0.04 0.06 0.04 0.06 0.04 0.04 0.06 0.04 0.06 0.06 0.04 0.02 0.02 0.03 0.02 0.04 0.01 0.02 0.04 0.03 0.01 0.04 0.02
22 100000.00 0.06 0.04 0.21 0.09 0.18 0.12 0.16 0.28 0.22 0.06 0.09 0.19 0.02 0.01 0.11 0.04 0.05 0.08 0.11 0.17 0.15 0.01 0.05 0.11
23 100000.00 0.57 0.37 0.55 0.37 0.15 0.56 0.43 0.51 0.40 0.73 0.30 0.47 0.29 0.17 0.22 0.13 0.04 0.13 0.25 0.13 0.16 0.34 0.12 0.31
24 100000.00 0.19 0.24 0.19 0.13 0.29 0.17 0.22 0.15 0.24 0.17 0.19 0.24 0.09 0.09 0.06 0.08 0.06 0.07 0.15 0.08 0.09 100000.00 0.07 0.06
25 100000.00 0.25 0.09 0.32 0.28 0.13 0.14 0.16 0.30 0.21 0.30 0.11 0.28 0.12 0.06 0.12 0.17 0.05 100000.00 0.10 100000.00 0.10 0.06 0.03 0.17
26 100000.00 0.11 0.09 0.08 0.06 0.11 0.06 0.06 0.08 0.06 0.08 0.11 0.06 100000.00 0.03 100000.00 0.04 0.03 0.03 0.02 0.03 0.01 100000.00 0.05 100000.00
27 100000.00 0.24 0.09 0.24 0.22 0.18 0.19 0.15 0.06 0.25 0.30 0.15 0.09 0.08 0.04 0.14 0.15 0.06 0.09 0.07 0.01 0.13 0.16 0.06 0.06
28 100000.00 0.13 0.20 0.13 0.05 0.13 0.14 0.11 0.13 0.05 0.16 0.16 0.05 0.04 0.04 0.09 0.02 0.07 0.05 0.05 0.05 0.03 0.08 0.06 0.01
29 100000.00 0.25 0.32 0.40 0.04 0.16 0.14 0.53 0.43 0.38 0.55 0.22 0.35 0.08 0.15 0.27 0.01 0.07 0.04 0.33 0.20 0.26 0.12 0.15 0.22
<task rigidity>
1 2
2 7
3 3
4 6
5 6
6 6
7 8
8 10
9 5
10 4
11 9
12 3
13 1
14 6
15 9
16 10
17 9
18 7
19 2
20 9
21 4
22 2
23 8
24 5
25 2
26 2
27 3
28 2
29 4
<precedence relations>
1,3
1,25
2,6
2,26
3,4
4,5
5,8
5,13
6,8
7,9
7,12
7,25
8,11
8,16
9,10
10,14
10,15
11,17
12,15
13,17
14,16
15,19
16,18
17,20
18,22
19,21
20,23
21,22
22,23
23,24
23,28
24,29
25,29
26,27
27,29
28,29
<end>