<number of tasks>
29
<number of stations>
14
<number of workers>
14
<type of the robots>
1
<limit of the robots>
5
<task times>
1 9 1 4 2 3 1 2 7 6 1 4 6 3 5 1 1 3 2 2 1 2 5 4 1 3 4 2 4 1
2 26 7 15 8 6 7 2 12 13 9 1 5 7 13 14 5 11 6 5 5 2 9 10 6 1 4 5 9 9
3 20 12 6 10 1 12 6 10 7 12 13 12 13 6 12 9 4 7 1 8 4 7 5 8 9 8 9 4 9
4 6 2 4 4 5 5 4 4 5 2 4 1 4 4 1 2 3 3 4 4 3 3 4 2 3 1 3 3 1
5 100000 5 6 11 2 2 10 8 12 6 1 8 7 4 7 4 5 8 2 100000 7 5 8 100000 100000 5 5 3 100000
6 100000 1 6 3 8 6 6 4 1 9 4 5 3 5 8 1 4 2 6 4 100000 3 1 7 3 4 3 4 5
7 10 3 1 5 6 5 7 1 4 8 3 5 5 7 6 3 1 4 4 4 5 1 3 5 2 4 4 5 5
8 100000 2 12 6 4 2 8 12 2 12 16 6 6 1 1 2 100000 100000 100000 100000 100000 100000 100000 8 100000 4 5 100000 1
9 2 1 2 1 1 2 1 2 2 1 1 2 1 1 1 1 2 1 1 2 1 2 2 1 1 2 1 1 1
10 8 6 2 2 2 2 2 2 5 4 5 1 6 6 2 4 2 2 2 2 2 2 4 3 4 1 4 4 2
11 100000 14 12 21 9 15 10 18 2 7 14 20 20 2 9 100000 8 14 6 10 7 12 2 100000 10 14 14 2 7
12 100000 3 10 5 1 3 10 8 2 8 7 4 7 2 6 3 100000 100000 1 100000 7 6 2 100000 5 100000 100000 100000 5
13 12 5 2 6 4 5 3 8 4 2 6 7 2 5 8 4 2 5 3 4 2 6 3 2 5 5 2 4 6
14 100000 4 3 3 3 4 2 4 4 1 1 2 4 1 4 3 100000 2 3 3 100000 3 3 1 1 2 3 1 3
15 18 4 2 5 1 6 10 2 9 5 9 2 12 12 6 3 2 4 1 4 7 2 7 4 6 2 8 8 4
16 9 4 1 6 7 5 5 1 5 1 5 4 3 3 3 3 1 4 5 4 4 1 4 1 4 3 3 3 3
17 100000 4 14 4 5 3 2 8 2 10 12 14 11 1 4 3 100000 3 4 3 2 6 2 7 100000 10 8 100000 100000
18 22 11 7 15 17 7 4 5 4 10 13 6 11 7 7 8 5 11 12 5 3 4 3 7 9 4 8 5 5
19 14 8 2 7 2 10 7 10 6 9 1 9 2 6 10 6 2 5 2 7 5 7 4 7 1 7 2 4 7
20 21 7 14 13 1 11 5 7 11 14 13 12 14 12 2 5 10 9 1 8 4 5 7 10 8 8 10 9 2
21 100000 1 1 1 1 1 1 1 1 1 1 1 1 1 1 1 1 1 100000 100000 100000 1 1 100000 1 100000 1 1 100000
22 11 2 9 7 8 6 9 8 3 9 9 1 5 7 7 2 6 5 5 4 7 6 3 6 6 1 4 5 5
23 100000 17 4 5 13 17 9 3 21 12 18 7 19 24 16 100000 100000 4 9 11 7 100000 13 9 12 5 100000 100000 100000
24 19 13 11 9 11 4 5 10 11 1 9 4 11 6 14 9 8 6 8 3 4 7 8 1 7 3 8 5 9
25 19 2 3 6 10 12 7 13 14 4 9 9 9 5 9 2 2 5 7 9 5 9 9 3 6 6 6 4 6
26 2 2 2 2 1 1 2 2 1 2 2 2 2 1 1 2 2 2 1 1 2 2 1 2 2 2 2 1 1
27 14 1 6 5 7 7 7 7 10 5 7 2 7 4 2 1 4 4 5 5 5 5 7 4 5 2 5 3 2
28 9 4 7 3 6 1 5 2 3 3 4 7 1 2 1 3 5 2 4 1 4 2 2 2 3 5 1 2 1
29 28 17 20 16 9 10 13 10 8 8 18 18 14 4 6 12 14 11 6 7 9 7 6 5 12 13 9 3 5
<posture of tasks>
1 1
2 1
3 0
4 0
5 0
6 0
7 1
8 1
9 1
10 1
11 1
12 1
13 0
14 1
15 0
16 1
17 0
18 0
19 1
20 0
21 0
22 1
23 1
24 1
25 1
26 1
27 0
28 1
29 1
<max energy cosumption of alternatives>
1 100000.00
2 4.90
3 5.14
4 3.07
5 3.06
6 2.35
7 5.06
8 4.77
9 4.62
10 3.17
11 4.38
12 2.86
13 4.56
14 4.97
15 2.25
<energy cosumption of alternatives>
1 100000.00 0.07 0.16 0.07 0.10 0.04 0.10 0.25 0.22 0.04 0.16 0.16 0.13 0.19 0.04 0.02 0.03 0.04 0.07 0.02 0.02 0.11 0.11 0.02 0.09 0.08 0.06 0.09 0.02
2 100000.00 0.26 0.51 0.24 0.18 0.21 0.11 0.41 0.44 0.24 0.08 0.15 0.26 0.44 0.39 0.11 0.26 0.16 0.06 0.14 0.07 0.17 0.30 0.06 0.03 0.06 0.15 0.23 0.26
3 100000.00 0.34 0.17 0.22 0.04 0.27 0.17 0.27 0.20 0.25 0.34 0.25 0.34 0.17 0.27 0.10 0.06 0.11 0.01 0.06 0.09 0.09 0.07 0.10 0.15 0.17 0.16 0.09 0.10
4 100000.00 0.10 0.14 0.12 0.12 0.15 0.14 0.14 0.16 0.08 0.14 0.05 0.14 0.14 0.06 0.05 0.08 0.07 0.06 0.04 0.04 0.05 0.08 0.02 0.07 0.02 0.06 0.03 0.02
5 100000.00 0.16 0.18 0.23 0.07 0.07 0.27 0.23 0.32 0.14 0.06 0.18 0.20 0.13 0.16 0.05 0.11 0.10 0.02 100000.00 0.12 0.05 0.14 100000.00 100000.00 0.08 0.07 0.04 100000.00
6 100000.00 0.05 0.17 0.08 0.17 0.15 0.17 0.12 0.05 0.17 0.12 0.10 0.10 0.15 0.17 0.02 0.07 0.06 0.05 0.05 100000.00 0.07 0.02 0.04 0.07 0.07 0.04 0.06 0.08
7 100000.00 0.13 0.06 0.16 0.16 0.16 0.25 0.06 0.16 0.22 0.12 0.13 0.19 0.25 0.19 0.07 0.02 0.05 0.10 0.05 0.05 0.02 0.07 0.09 0.06 0.03 0.09 0.13 0.11
8 100000.00 0.09 0.39 0.16 0.12 0.06 0.27 0.39 0.09 0.31 0.51 0.16 0.21 0.06 0.03 0.02 100000.00 100000.00 100000.00 100000.00 100000.00 100000.00 100000.00 0.13 100000.00 0.07 0.08 100000.00 0.01
9 100000.00 0.05 0.08 0.03 0.03 0.06 0.05 0.08 0.08 0.03 0.05 0.06 0.05 0.05 0.03 0.04 0.05 0.01 0.01 0.03 0.02 0.05 0.05 0.02 0.02 0.03 0.01 0.03 0.01
10 100000.00 0.22 0.10 0.07 0.07 0.07 0.10 0.09 0.19 0.13 0.19 0.04 0.22 0.22 0.07 0.10 0.06 0.02 0.02 0.02 0.04 0.04 0.11 0.06 0.05 0.02 0.06 0.12 0.02
11 100000.00 0.49 0.40 0.53 0.25 0.41 0.34 0.58 0.09 0.19 0.46 0.50 0.64 0.09 0.25 100000.00 0.27 0.25 0.13 0.25 0.10 0.16 0.02 100000.00 0.27 0.22 0.31 0.05 0.12
12 100000.00 0.12 0.34 0.15 0.04 0.10 0.33 0.27 0.09 0.22 0.24 0.12 0.24 0.09 0.18 0.05 100000.00 100000.00 0.01 100000.00 0.14 0.17 0.03 100000.00 0.12 100000.00 100000.00 100000.00 0.10
13 100000.00 0.16 0.09 0.14 0.12 0.15 0.12 0.23 0.14 0.08 0.19 0.17 0.09 0.16 0.19 0.09 0.05 0.07 0.06 0.08 0.05 0.16 0.04 0.04 0.08 0.08 0.02 0.10 0.10
14 100000.00 0.16 0.13 0.10 0.10 0.13 0.10 0.16 0.16 0.04 0.07 0.07 0.16 0.07 0.13 0.09 100000.00 0.04 0.06 0.05 100000.00 0.08 0.07 0.02 0.03 0.04 0.08 0.02 0.06
15 100000.00 0.14 0.09 0.14 0.05 0.17 0.28 0.09 0.25 0.12 0.25 0.08 0.32 0.32 0.17 0.04 0.06 0.07 0.04 0.05 0.09 0.05 0.06 0.07 0.05 0.02 0.08 0.22 0.10
16 100000.00 0.17 0.07 0.17 0.20 0.17 0.19 0.07 0.19 0.05 0.19 0.14 0.13 0.13 0.11 0.06 0.05 0.06 0.11 0.05 0.12 0.02 0.10 0.02 0.05 0.08 0.08 0.05 0.06
17 100000.00 0.13 0.36 0.11 0.11 0.08 0.08 0.22 0.08 0.20 0.31 0.27 0.29 0.06 0.11 0.03 100000.00 0.05 0.03 0.05 0.05 0.09 0.04 0.05 100000.00 0.08 0.15 100000.00 100000.00
18 100000.00 0.29 0.20 0.32 0.34 0.16 0.13 0.15 0.13 0.20 0.34 0.13 0.29 0.20 0.16 0.18 0.11 0.17 0.15 0.11 0.08 0.08 0.04 0.13 0.16 0.03 0.08 0.09 0.07
19 100000.00 0.30 0.11 0.22 0.09 0.31 0.27 0.36 0.24 0.25 0.08 0.25 0.11 0.24 0.31 0.07 0.06 0.10 0.03 0.18 0.06 0.21 0.07 0.06 0.02 0.09 0.02 0.14 0.12
20 100000.00 0.21 0.37 0.28 0.05 0.26 0.16 0.21 0.30 0.28 0.34 0.25 0.37 0.32 0.07 0.10 0.14 0.15 0.02 0.08 0.09 0.10 0.12 0.17 0.18 0.10 0.14 0.16 0.03
21 100000.00 0.07 0.07 0.05 0.05 0.05 0.07 0.07 0.07 0.05 0.07 0.05 0.07 0.07 0.05 0.03 0.03 0.02 100000.00 100000.00 100000.00 0.04 0.02 100000.00 0.05 100000.00 0.03 0.03 100000.00
22 100000.00 0.10 0.32 0.20 0.23 0.20 0.31 0.28 0.13 0.24 0.31 0.05 0.19 0.25 0.20 0.06 0.17 0.06 0.14 0.10 0.17 0.15 0.09 0.13 0.07 0.02 0.08 0.06 0.04
23 100000.00 0.58 0.16 0.16 0.35 0.47 0.31 0.13 0.67 0.32 0.58 0.20 0.61 0.77 0.44 100000.00 100000.00 0.09 0.15 0.18 0.09 100000.00 0.15 0.14 0.17 0.05 100000.00 100000.00 100000.00
24 100000.00 0.46 0.37 0.25 0.28 0.13 0.18 0.34 0.37 0.04 0.31 0.13 0.37 0.21 0.38 0.26 0.08 0.16 0.12 0.03 0.08 0.20 0.21 0.02 0.07 0.07 0.08 0.10 0.08
25 100000.00 0.09 0.12 0.16 0.26 0.34 0.24 0.43 0.46 0.13 0.30 0.23 0.30 0.18 0.25 0.05 0.05 0.04 0.13 0.15 0.16 0.18 0.12 0.07 0.08 0.11 0.13 0.09 0.18
26 100000.00 0.10 0.10 0.08 0.05 0.05 0.10 0.10 0.07 0.08 0.10 0.08 0.10 0.07 0.05 0.06 0.03 0.04 0.02 0.03 0.03 0.06 0.03 0.04 0.03 0.02 0.03 0.04 0.02
27 100000.00 0.07 0.19 0.15 0.17 0.17 0.21 0.21 0.28 0.12 0.21 0.08 0.21 0.14 0.08 0.04 0.13 0.05 0.04 0.08 0.10 0.11 0.06 0.05 0.06 0.03 0.12 0.06 0.05
28 100000.00 0.16 0.25 0.10 0.17 0.05 0.19 0.10 0.13 0.10 0.16 0.20 0.07 0.10 0.05 0.10 0.06 0.02 0.09 0.01 0.09 0.04 0.08 0.04 0.09 0.09 0.02 0.03 0.02
29 100000.00 0.59 0.68 0.42 0.27 0.30 0.44 0.35 0.29 0.24 0.59 0.46 0.47 0.17 0.20 0.41 0.22 0.16 0.08 0.13 0.21 0.17 0.08 0.06 0.29 0.30 0.27 0.04 0.08
<task rigidity>
1 2
2 5
3 4
4 10
5 3
6 2
7 3
8 5
9 1
10 5
11 4
12 3
13 3
14 2
15 4
16 6
17 6
18 7
19 3
20 8
21 9
22 7
23 6
24 7
25 3
26 7
27 5
28 5
29 3
<precedence relations>
1,3
1,25
2,6
2,26
3,4
4,5
5,8
5,13
6,8
7,9
7,12
7,25
8,11
8,16
9,10
10,14
10,15
11,17
12,15
13,17
14,16
15,19
16,18
17,20
18,22
19,21
20,23
21,22
22,23
23,24
23,28
24,29
25,29
26,27
27,29
28,29
<end>