<number of tasks>
29
<number of stations>
8
<number of workers>
8
<type of the robots>
1
<limit of the robots>
3
<task times>
1 9 3 4 6 4 3 2 6 6 3 3 5 3 2 2 4 4
2 26 2 5 5 4 5 12 3 10 2 4 4 3 4 8 3 7
3 21 9 11 9 3 6 10 12 12 6 7 7 2 4 7 8 8
4 7 3 1 5 1 4 3 3 3 2 1 4 1 3 2 3 2
5 16 1 2 2 8 1 5 6 1 1 2 2 6 1 4 5 1
6 13 4 3 1 6 10 2 6 2 3 2 1 5 7 2 5 2
7 10 7 4 6 3 5 2 2 6 5 3 4 2 4 2 2 4
8 22 11 6 13 16 14 7 10 15 8 4 8 10 10 5 7 10
9 2 1 2 1 1 2 1 2 1 1 2 1 1 2 1 2 1
10 7 5 6 1 3 3 5 6 1 4 5 1 2 3 4 4 1
11 27 20 2 14 5 15 16 16 4 13 2 9 4 11 11 11 3
12 13 10 6 8 10 7 8 4 9 7 4 6 7 5 6 3 6
13 11 3 9 7 7 5 7 1 9 2 6 5 5 4 5 1 6
14 100000 4 3 3 2 4 4 4 4 3 2 2 2 3 100000 3 3
15 100000 4 11 11 11 4 7 14 3 100000 8 100000 8 3 5 10 2
16 100000 1 4 1 3 5 5 5 3 100000 3 1 2 4 4 4 3
17 100000 11 4 3 6 9 3 12 5 100000 100000 2 4 6 3 8 4
18 22 10 10 15 14 6 2 15 7 7 7 10 10 4 2 10 5
19 14 2 9 1 9 10 6 4 2 2 7 1 6 7 5 3 2
20 21 15 9 2 12 11 6 11 8 10 6 2 8 8 4 7 5
21 1 1 1 1 1 1 1 1 1 1 1 1 1 1 1 1 1
22 100000 8 9 8 5 9 4 6 6 100000 7 6 4 6 3 4 4
23 34 8 12 24 9 19 2 17 13 5 8 17 7 13 2 11 9
24 18 4 3 3 1 9 3 7 10 3 2 2 1 7 2 5 7
25 100000 5 2 1 14 5 4 4 9 4 2 1 9 100000 100000 3 7
26 2 1 1 1 2 1 1 1 1 1 1 1 2 1 1 1 1
27 100000 1 3 1 8 3 5 4 1 1 2 1 100000 100000 4 3 1
28 100000 6 1 1 1 4 7 2 7 4 1 100000 1 3 5 100000 5
29 27 1 17 1 6 16 18 12 4 1 11 1 4 10 12 8 3
<posture of tasks>
1 1
2 1
3 0
4 1
5 1
6 1
7 0
8 1
9 1
10 1
11 1
12 0
13 0
14 0
15 0
16 1
17 1
18 1
19 1
20 1
21 1
22 1
23 1
24 1
25 1
26 1
27 1
28 1
29 1
<max energy cosumption of alternatives>
1 100000.00
2 4.61
3 3.27
4 5.17
5 3.98
6 3.08
7 4.13
8 5.59
9 2.77
<energy cosumption of alternatives>
1 100000.00 0.12 0.12 0.21 0.15 0.09 0.09 0.21 0.16 0.08 0.05 0.14 0.06 0.04 0.03 0.06 0.07
2 100000.00 0.10 0.17 0.20 0.16 0.15 0.44 0.14 0.29 0.03 0.05 0.07 0.04 0.05 0.25 0.05 0.16
3 100000.00 0.25 0.24 0.25 0.11 0.14 0.28 0.34 0.26 0.14 0.14 0.09 0.06 0.05 0.11 0.20 0.12
4 100000.00 0.14 0.06 0.20 0.08 0.14 0.14 0.14 0.12 0.08 0.02 0.11 0.04 0.09 0.05 0.05 0.04
5 100000.00 0.08 0.09 0.11 0.29 0.06 0.20 0.23 0.06 0.04 0.03 0.04 0.10 0.04 0.11 0.11 0.03
6 100000.00 0.17 0.11 0.07 0.23 0.27 0.11 0.23 0.08 0.09 0.07 0.04 0.10 0.16 0.02 0.09 0.05
7 100000.00 0.21 0.12 0.18 0.11 0.12 0.09 0.09 0.14 0.05 0.08 0.11 0.06 0.07 0.03 0.05 0.08
8 100000.00 0.36 0.15 0.42 0.51 0.34 0.24 0.33 0.39 0.09 0.05 0.23 0.31 0.19 0.10 0.23 0.09
9 100000.00 0.07 0.08 0.07 0.07 0.08 0.07 0.10 0.05 0.03 0.05 0.02 0.04 0.04 0.02 0.05 0.02
10 100000.00 0.18 0.16 0.06 0.12 0.10 0.18 0.22 0.04 0.10 0.09 0.03 0.07 0.03 0.07 0.06 0.02
11 100000.00 0.64 0.08 0.46 0.19 0.39 0.55 0.55 0.13 0.42 0.03 0.12 0.07 0.23 0.18 0.12 0.05
12 100000.00 0.27 0.14 0.23 0.27 0.16 0.23 0.14 0.21 0.11 0.07 0.11 0.14 0.05 0.11 0.07 0.12
13 100000.00 0.10 0.20 0.19 0.19 0.10 0.19 0.05 0.20 0.02 0.12 0.05 0.10 0.07 0.11 0.03 0.06
14 100000.00 0.12 0.08 0.10 0.07 0.10 0.12 0.12 0.10 0.03 0.03 0.06 0.02 0.06 100000.00 0.04 0.04
15 100000.00 0.12 0.21 0.28 0.28 0.10 0.19 0.37 0.08 100000.00 0.07 100000.00 0.15 0.02 0.10 0.21 0.02
16 100000.00 0.06 0.13 0.06 0.12 0.13 0.18 0.18 0.10 100000.00 0.09 0.01 0.05 0.07 0.09 0.04 0.06
17 100000.00 0.37 0.13 0.13 0.22 0.25 0.13 0.43 0.16 100000.00 100000.00 0.04 0.06 0.10 0.03 0.22 0.09
18 100000.00 0.34 0.28 0.49 0.46 0.16 0.09 0.52 0.19 0.18 0.18 0.21 0.16 0.06 0.06 0.27 0.06
19 100000.00 0.11 0.27 0.08 0.32 0.27 0.23 0.17 0.09 0.06 0.08 0.05 0.18 0.09 0.15 0.04 0.02
20 100000.00 0.49 0.26 0.10 0.40 0.29 0.22 0.37 0.23 0.13 0.08 0.02 0.26 0.11 0.08 0.19 0.15
21 100000.00 0.06 0.04 0.06 0.06 0.04 0.06 0.06 0.04 0.01 0.02 0.02 0.01 0.02 0.02 0.02 0.02
22 100000.00 0.27 0.24 0.27 0.18 0.24 0.15 0.21 0.16 100000.00 0.15 0.15 0.04 0.15 0.09 0.13 0.11
23 100000.00 0.30 0.34 0.78 0.32 0.49 0.11 0.60 0.37 0.18 0.20 0.49 0.21 0.18 0.05 0.28 0.22
24 100000.00 0.16 0.10 0.13 0.07 0.26 0.13 0.25 0.29 0.06 0.03 0.06 0.02 0.14 0.05 0.06 0.11
25 100000.00 0.18 0.07 0.06 0.46 0.13 0.16 0.16 0.25 0.06 0.02 0.03 0.16 100000.00 100000.00 0.08 0.12
26 100000.00 0.06 0.04 0.06 0.09 0.04 0.06 0.06 0.04 0.04 0.02 0.02 0.03 0.02 0.04 0.01 0.02
27 100000.00 0.07 0.11 0.07 0.28 0.11 0.20 0.16 0.05 0.05 0.06 0.04 100000.00 100000.00 0.10 0.10 0.01
28 100000.00 0.22 0.04 0.07 0.07 0.13 0.25 0.10 0.20 0.06 0.02 100000.00 0.03 0.05 0.05 100000.00 0.08
29 100000.00 0.08 0.46 0.08 0.24 0.43 0.63 0.45 0.15 0.05 0.22 0.03 0.13 0.17 0.41 0.20 0.07
<task rigidity>
1 9
2 3
3 4
4 4
5 7
6 3
7 1
8 3
9 4
10 4
11 10
12 1
13 7
14 5
15 7
16 1
17 5
18 8
19 4
20 2
21 4
22 2
23 5
24 10
25 10
26 2
27 9
28 2
29 7
<precedence relations>
1,3
1,25
2,6
2,26
3,4
4,5
5,8
5,13
6,8
7,9
7,12
7,25
8,11
8,16
9,10
10,14
10,15
11,17
12,15
13,17
14,16
15,19
16,18
17,20
18,22
19,21
20,23
21,22
22,23
23,24
23,28
24,29
25,29
26,27
27,29
28,29
<end>