<number of tasks>
30
<number of stations>
11
<number of workers>
11
<type of the robots>
1
<limit of the robots>
6
<task times>
1 10 8 5 4 7 3 4 4 1 2 7 3 6 4 3 5 3 3 3 1 2 5 2
2 9 6 5 1 2 5 6 3 5 1 4 1 4 4 1 2 4 5 2 4 1 3 1
3 25 7 4 6 9 14 6 7 3 2 14 9 5 3 4 6 10 4 5 3 2 10 6
4 100000 4 2 5 8 2 5 4 3 7 6 10 3 2 100000 6 2 4 3 2 5 4 7
5 100000 1 2 1 2 1 1 2 2 1 2 1 100000 100000 100000 100000 1 100000 100000 100000 1 2 1
6 8 2 3 6 1 1 2 6 3 3 5 6 2 2 4 1 1 2 4 3 2 4 4
7 100000 13 12 1 4 1 5 1 3 13 10 11 9 8 1 3 100000 4 1 100000 9 7 8
8 14 9 6 4 9 10 10 9 8 6 7 7 6 5 3 7 7 7 7 6 5 5 5
9 1 1 1 1 1 1 1 1 1 1 1 1 1 1 1 1 1 1 1 1 1 1 1
10 5 4 4 3 3 2 2 1 1 4 3 4 3 3 2 2 2 2 1 1 3 2 3
11 18 3 5 9 9 1 12 1 7 5 5 13 2 4 6 6 1 8 1 5 4 4 9
12 100000 15 11 7 10 5 12 5 14 7 6 6 10 8 100000 7 4 8 4 100000 100000 4 4
13 6 2 3 4 3 4 5 2 3 5 3 1 2 2 3 2 3 4 2 3 4 3 1
14 16 9 5 12 1 2 6 2 5 11 10 1 6 4 8 1 2 4 2 4 8 7 1
15 100000 4 2 6 9 8 2 7 1 2 8 9 3 100000 4 6 5 2 100000 100000 2 100000 100000
16 13 4 7 9 8 3 4 10 9 6 10 10 3 5 6 6 2 3 7 7 4 7 7
17 2 1 1 1 1 2 1 1 2 1 2 1 1 1 1 1 2 1 1 2 1 2 1
18 13 2 4 10 4 8 7 6 2 3 6 6 2 3 7 3 6 5 5 2 2 4 4
19 100000 4 16 7 3 5 6 16 16 4 7 7 3 11 100000 100000 4 4 11 12 100000 100000 5
20 100000 7 15 5 12 3 16 5 5 12 16 15 5 11 4 8 2 11 4 4 100000 100000 10
21 28 20 19 8 12 14 11 7 2 18 16 10 14 12 6 8 10 7 5 2 13 11 7
22 19 3 1 11 8 2 8 5 5 13 11 7 3 1 8 6 2 6 4 4 9 7 5
23 100000 1 14 11 15 12 10 6 2 11 4 2 1 9 8 100000 100000 7 4 2 7 100000 2
24 9 7 2 7 3 3 2 6 4 1 3 7 5 2 5 2 2 2 4 3 1 2 5
25 22 5 13 10 17 17 15 1 16 16 16 4 4 9 7 11 12 10 1 10 11 11 3
26 100000 2 8 5 7 9 9 6 3 3 8 8 2 100000 4 5 6 6 5 3 2 6 100000
27 100000 8 6 20 17 19 12 18 24 1 2 3 100000 4 100000 100000 14 9 100000 15 100000 2 2
28 100000 1 4 2 3 4 2 5 7 7 1 4 1 3 2 3 100000 100000 4 100000 5 100000 3
29 19 14 4 14 13 10 11 3 8 5 5 2 9 3 9 9 7 8 3 6 4 4 2
30 100000 2 1 2 1 1 2 2 1 2 1 1 100000 1 2 1 1 2 2 100000 100000 1 1
<posture of tasks>
1 1
2 1
3 1
4 0
5 0
6 0
7 1
8 1
9 1
10 1
11 0
12 1
13 1
14 0
15 1
16 0
17 1
18 1
19 1
20 0
21 0
22 1
23 1
24 1
25 0
26 1
27 1
28 1
29 0
30 1
<max energy cosumption of alternatives>
1 100000.00
2 2.40
3 4.89
4 2.58
5 2.95
6 4.19
7 2.64
8 5.08
9 3.02
10 2.25
11 4.59
12 4.38
<energy cosumption of alternatives>
1 100000.00 0.23 0.19 0.13 0.20 0.13 0.13 0.16 0.04 0.07 0.25 0.13 0.06 0.10 0.06 0.13 0.03 0.05 0.06 0.03 0.04 0.07 0.03
2 100000.00 0.18 0.20 0.06 0.09 0.20 0.18 0.14 0.15 0.06 0.17 0.08 0.12 0.07 0.04 0.06 0.12 0.07 0.08 0.09 0.03 0.04 0.02
3 100000.00 0.20 0.16 0.17 0.26 0.46 0.17 0.25 0.11 0.08 0.47 0.31 0.11 0.04 0.10 0.14 0.17 0.05 0.15 0.03 0.03 0.27 0.20
4 100000.00 0.11 0.08 0.11 0.18 0.08 0.11 0.13 0.08 0.15 0.18 0.27 0.07 0.03 100000.00 0.12 0.02 0.05 0.07 0.04 0.07 0.05 0.06
5 100000.00 0.04 0.08 0.04 0.06 0.06 0.04 0.08 0.06 0.04 0.08 0.06 100000.00 100000.00 100000.00 100000.00 0.03 100000.00 100000.00 100000.00 0.02 0.02 0.02
6 100000.00 0.05 0.10 0.12 0.03 0.05 0.05 0.17 0.07 0.07 0.14 0.17 0.02 0.03 0.07 0.01 0.03 0.02 0.10 0.03 0.04 0.07 0.06
7 100000.00 0.37 0.42 0.06 0.15 0.08 0.16 0.08 0.12 0.34 0.36 0.39 0.21 0.10 0.03 0.07 100000.00 0.03 0.03 100000.00 0.20 0.21 0.13
8 100000.00 0.26 0.22 0.14 0.26 0.34 0.26 0.31 0.23 0.17 0.25 0.25 0.09 0.14 0.04 0.09 0.17 0.12 0.07 0.07 0.12 0.10 0.16
9 100000.00 0.06 0.08 0.05 0.06 0.08 0.05 0.08 0.05 0.05 0.08 0.08 0.02 0.05 0.04 0.02 0.04 0.02 0.04 0.04 0.02 0.05 0.03
10 100000.00 0.12 0.15 0.09 0.10 0.09 0.06 0.06 0.04 0.12 0.12 0.15 0.06 0.07 0.02 0.06 0.05 0.03 0.04 0.02 0.05 0.08 0.08
11 100000.00 0.08 0.15 0.17 0.19 0.05 0.24 0.05 0.15 0.10 0.15 0.33 0.02 0.09 0.08 0.09 0.02 0.15 0.02 0.04 0.03 0.04 0.16
12 100000.00 0.41 0.37 0.20 0.29 0.19 0.32 0.19 0.36 0.20 0.22 0.22 0.12 0.22 100000.00 0.20 0.11 0.16 0.11 100000.00 100000.00 0.13 0.05
13 100000.00 0.07 0.13 0.13 0.10 0.16 0.14 0.10 0.10 0.14 0.13 0.07 0.03 0.03 0.09 0.07 0.05 0.06 0.04 0.04 0.06 0.04 0.02
14 100000.00 0.19 0.14 0.24 0.03 0.07 0.12 0.07 0.10 0.21 0.26 0.05 0.04 0.05 0.15 0.01 0.02 0.05 0.02 0.04 0.11 0.09 0.03
15 100000.00 0.13 0.09 0.16 0.25 0.28 0.07 0.25 0.04 0.07 0.28 0.31 0.04 100000.00 0.06 0.13 0.08 0.04 100000.00 100000.00 0.02 100000.00 100000.00
16 100000.00 0.12 0.21 0.19 0.19 0.12 0.12 0.28 0.19 0.14 0.28 0.28 0.05 0.12 0.08 0.05 0.02 0.05 0.10 0.08 0.06 0.10 0.09
17 100000.00 0.04 0.06 0.04 0.04 0.10 0.04 0.06 0.07 0.04 0.10 0.07 0.02 0.04 0.02 0.02 0.04 0.03 0.02 0.03 0.02 0.03 0.03
18 100000.00 0.08 0.16 0.26 0.14 0.29 0.20 0.22 0.08 0.11 0.23 0.23 0.05 0.08 0.11 0.03 0.08 0.06 0.12 0.04 0.05 0.09 0.12
19 100000.00 0.15 0.53 0.21 0.12 0.20 0.18 0.53 0.43 0.15 0.26 0.26 0.05 0.12 100000.00 100000.00 0.14 0.07 0.17 0.17 100000.00 100000.00 0.18
20 100000.00 0.16 0.39 0.11 0.25 0.11 0.32 0.16 0.11 0.25 0.41 0.39 0.05 0.22 0.04 0.14 0.03 0.19 0.04 0.05 100000.00 100000.00 0.22
21 100000.00 0.40 0.47 0.17 0.24 0.35 0.22 0.19 0.06 0.33 0.40 0.26 0.26 0.26 0.06 0.07 0.12 0.09 0.13 0.01 0.21 0.17 0.08
22 100000.00 0.12 0.08 0.30 0.24 0.11 0.24 0.20 0.15 0.34 0.38 0.26 0.03 0.04 0.14 0.15 0.05 0.09 0.06 0.08 0.10 0.17 0.18
23 100000.00 0.05 0.47 0.29 0.41 0.41 0.26 0.22 0.08 0.29 0.16 0.10 0.02 0.13 0.14 100000.00 100000.00 0.13 0.16 0.03 0.16 100000.00 0.04
24 100000.00 0.19 0.09 0.19 0.09 0.12 0.06 0.21 0.12 0.04 0.12 0.24 0.11 0.06 0.09 0.04 0.08 0.04 0.08 0.04 0.01 0.08 0.12
25 100000.00 0.14 0.34 0.21 0.35 0.43 0.30 0.06 0.32 0.32 0.41 0.13 0.03 0.13 0.14 0.23 0.09 0.15 0.03 0.17 0.10 0.10 0.08
26 100000.00 0.08 0.28 0.14 0.20 0.31 0.23 0.22 0.11 0.11 0.29 0.28 0.02 100000.00 0.08 0.08 0.21 0.15 0.12 0.06 0.05 0.13 100000.00
27 100000.00 0.24 0.23 0.51 0.45 0.62 0.33 0.59 0.61 0.05 0.11 0.14 100000.00 0.05 100000.00 100000.00 0.19 0.07 100000.00 0.38 100000.00 0.04 0.03
28 100000.00 0.05 0.16 0.08 0.11 0.16 0.08 0.19 0.20 0.20 0.07 0.16 0.03 0.04 0.03 0.02 100000.00 100000.00 0.12 100000.00 0.05 100000.00 0.11
29 100000.00 0.29 0.13 0.26 0.27 0.26 0.22 0.10 0.17 0.10 0.15 0.08 0.12 0.04 0.15 0.09 0.09 0.13 0.07 0.08 0.03 0.05 0.05
30 100000.00 0.08 0.07 0.07 0.05 0.07 0.07 0.10 0.05 0.07 0.07 0.07 100000.00 0.02 0.02 0.02 0.03 0.05 0.05 100000.00 100000.00 0.04 0.05
<task rigidity>
1 4
2 6
3 2
4 10
5 5
6 7
7 1
8 4
9 5
10 9
11 3
12 3
13 10
14 4
15 5
16 1
17 9
18 8
19 5
20 1
21 4
22 5
23 9
24 8
25 6
26 10
27 4
28 5
29 5
30 2
<precedence relations>
1,4
1,5
2,11
2,12
3,16
3,17
4,7
5,6
6,7
7,8
8,9
9,26
10,24
12,13
13,14
14,15
14,20
15,22
16,20
17,18
18,19
20,21
20,24
21,22
22,23
23,27
24,25
25,26
26,27
27,28
27,29
29,30
<end>