<number of tasks>
30
<number of stations>
7
<number of workers>
7
<type of the robots>
1
<limit of the robots>
4
<task times>
1 100000 1 3 1 6 7 7 5 1 2 1 100000 5 100000 100000
2 100000 6 3 4 6 3 7 1 5 2 3 100000 3 100000 1
3 25 13 17 3 12 12 9 2 9 12 2 8 8 6 2
4 13 6 3 5 4 6 6 2 4 2 4 3 4 4 2
5 100000 1 2 1 2 1 1 1 100000 100000 1 2 1 1 1
6 7 1 3 2 5 5 3 3 1 3 2 4 4 3 3
7 100000 6 7 11 14 9 2 14 4 5 100000 100000 100000 100000 10
8 100000 5 2 6 2 9 4 1 4 2 100000 2 6 3 1
9 1 1 1 1 1 1 1 1 1 1 1 1 1 1 1
10 5 4 3 2 2 1 4 4 3 2 2 2 1 3 3
11 18 10 8 9 14 6 1 13 7 6 7 10 5 1 9
12 100000 10 2 12 3 3 12 11 100000 2 8 2 2 100000 100000
13 100000 2 1 1 3 4 1 3 2 1 1 100000 100000 1 100000
14 100000 10 9 10 8 1 9 6 7 100000 100000 5 1 100000 100000
15 12 7 8 8 8 8 5 6 5 6 6 6 5 4 4
16 14 8 2 6 9 9 5 10 6 2 4 6 6 4 7
17 2 2 1 1 2 2 2 1 2 1 1 2 2 2 1
18 14 4 10 6 3 2 3 4 3 7 4 3 2 3 3
19 100000 12 7 9 7 13 9 9 8 100000 100000 100000 100000 6 100000
20 20 15 14 4 2 4 16 7 11 9 3 2 3 11 5
21 28 15 10 16 9 4 8 14 10 7 12 6 3 6 9
22 19 14 7 13 14 12 7 4 10 5 9 10 8 5 3
23 21 14 9 1 14 12 6 16 10 7 1 10 8 4 11
24 100000 5 1 5 5 4 3 7 100000 100000 100000 100000 3 2 5
25 100000 12 4 2 5 4 16 3 100000 3 2 100000 100000 11 2
26 100000 9 4 1 1 9 7 1 6 3 100000 100000 7 100000 1
27 100000 21 2 10 5 14 5 1 14 100000 100000 4 10 4 1
28 9 2 4 2 5 6 1 5 2 3 2 4 4 1 4
29 18 7 6 12 13 8 13 7 5 4 9 9 6 8 5
30 2 1 2 2 1 1 1 1 1 2 2 1 1 1 1
<posture of tasks>
1 1
2 1
3 1
4 0
5 1
6 1
7 1
8 1
9 0
10 1
11 1
12 0
13 1
14 1
15 1
16 1
17 0
18 0
19 0
20 1
21 1
22 1
23 1
24 1
25 1
26 1
27 1
28 1
29 1
30 0
<max energy cosumption of alternatives>
1 100000.00
2 4.72
3 2.55
4 2.50
5 5.33
6 4.72
7 4.30
8 4.40
<energy cosumption of alternatives>
1 100000.00 0.06 0.10 0.04 0.21 0.24 0.25 0.18 0.04 0.06 0.02 100000.00 0.08 100000.00 100000.00
2 100000.00 0.21 0.10 0.13 0.21 0.12 0.24 0.06 0.12 0.05 0.07 100000.00 0.05 100000.00 0.03
3 100000.00 0.42 0.43 0.09 0.39 0.39 0.30 0.08 0.08 0.13 0.03 0.23 0.17 0.10 0.05
4 100000.00 0.18 0.09 0.12 0.13 0.18 0.18 0.09 0.10 0.02 0.08 0.06 0.09 0.11 0.02
5 100000.00 0.07 0.08 0.05 0.10 0.07 0.07 0.07 100000.00 100000.00 0.02 0.02 0.02 0.02 0.02
6 100000.00 0.07 0.11 0.08 0.19 0.19 0.13 0.13 0.04 0.04 0.04 0.13 0.07 0.03 0.04
7 100000.00 0.22 0.20 0.29 0.47 0.31 0.10 0.47 0.13 0.10 100000.00 100000.00 100000.00 100000.00 0.14
8 100000.00 0.20 0.09 0.18 0.11 0.32 0.17 0.08 0.04 0.04 100000.00 0.07 0.12 0.06 0.04
9 100000.00 0.06 0.04 0.04 0.06 0.06 0.06 0.06 0.02 0.02 0.02 0.04 0.04 0.02 0.04
10 100000.00 0.15 0.09 0.06 0.09 0.06 0.15 0.15 0.10 0.02 0.04 0.05 0.04 0.05 0.08
11 100000.00 0.34 0.23 0.25 0.46 0.22 0.06 0.43 0.23 0.08 0.16 0.29 0.13 0.04 0.23
12 100000.00 0.26 0.06 0.24 0.10 0.10 0.33 0.28 100000.00 0.02 0.13 0.04 0.06 100000.00 100000.00
13 100000.00 0.09 0.04 0.04 0.12 0.15 0.06 0.12 0.04 0.02 0.01 100000.00 100000.00 0.02 100000.00
14 100000.00 0.34 0.25 0.26 0.28 0.06 0.31 0.22 0.13 100000.00 100000.00 0.07 0.02 100000.00 100000.00
15 100000.00 0.25 0.22 0.22 0.28 0.28 0.19 0.22 0.07 0.10 0.11 0.17 0.17 0.05 0.08
16 100000.00 0.28 0.08 0.17 0.32 0.31 0.19 0.35 0.15 0.03 0.10 0.14 0.13 0.06 0.24
17 100000.00 0.09 0.05 0.05 0.09 0.09 0.09 0.07 0.05 0.01 0.03 0.05 0.04 0.06 0.02
18 100000.00 0.13 0.23 0.13 0.11 0.08 0.11 0.13 0.03 0.06 0.08 0.03 0.02 0.05 0.05
19 100000.00 0.32 0.16 0.21 0.20 0.34 0.25 0.25 0.13 100000.00 100000.00 100000.00 100000.00 0.17 100000.00
20 100000.00 0.50 0.39 0.15 0.11 0.17 0.57 0.26 0.30 0.09 0.08 0.02 0.09 0.15 0.18
21 100000.00 0.49 0.28 0.40 0.31 0.15 0.28 0.46 0.21 0.06 0.15 0.07 0.09 0.12 0.30
22 100000.00 0.46 0.19 0.34 0.46 0.40 0.25 0.15 0.24 0.08 0.12 0.31 0.23 0.09 0.06
23 100000.00 0.45 0.24 0.03 0.45 0.39 0.21 0.54 0.12 0.14 0.02 0.13 0.09 0.09 0.29
24 100000.00 0.19 0.05 0.14 0.19 0.16 0.13 0.25 100000.00 100000.00 100000.00 100000.00 0.03 0.07 0.18
25 100000.00 0.41 0.15 0.09 0.20 0.17 0.57 0.14 100000.00 0.07 0.02 100000.00 100000.00 0.17 0.05
26 100000.00 0.31 0.13 0.05 0.07 0.31 0.25 0.07 0.21 0.06 100000.00 100000.00 0.11 100000.00 0.02
27 100000.00 0.67 0.07 0.26 0.19 0.46 0.19 0.06 0.16 100000.00 100000.00 0.10 0.15 0.12 0.01
28 100000.00 0.09 0.12 0.07 0.18 0.21 0.06 0.18 0.03 0.07 0.02 0.04 0.14 0.02 0.07
29 100000.00 0.25 0.17 0.32 0.44 0.28 0.46 0.25 0.14 0.04 0.20 0.18 0.15 0.27 0.09
30 100000.00 0.06 0.06 0.06 0.06 0.06 0.06 0.06 0.01 0.04 0.03 0.03 0.01 0.02 0.03
<task rigidity>
1 2
2 6
3 9
4 3
5 4
6 7
7 6
8 8
9 6
10 8
11 8
12 9
13 1
14 1
15 1
16 2
17 6
18 4
19 4
20 10
21 1
22 7
23 5
24 4
25 8
26 4
27 9
28 10
29 7
30 3
<precedence relations>
1,4
1,5
2,11
2,12
3,16
3,17
4,7
5,6
6,7
7,8
8,9
9,26
10,24
12,13
13,14
14,15
14,20
15,22
16,20
17,18
18,19
20,21
20,24
21,22
22,23
23,27
24,25
25,26
26,27
27,28
27,29
29,30
<end>