<number of tasks>
30
<number of stations>
13
<number of workers>
13
<type of the robots>
1
<limit of the robots>
5
<task times>
1 100000 7 1 6 5 2 1 5 2 1 8 3 7 6 100000 1 5 100000 100000 1 4 100000 1 100000 3 5 4
2 100000 3 4 4 1 2 1 1 7 1 5 6 5 7 100000 3 3 1 2 1 100000 5 100000 100000 100000 4 5
3 100000 5 5 3 4 16 10 11 10 11 10 11 19 4 4 4 2 3 12 7 7 7 8 7 7 13 3
4 13 8 8 1 2 8 10 1 3 3 2 8 7 9 6 5 1 2 5 7 1 2 2 2 6 5 6
5 2 1 1 1 1 2 1 2 1 1 2 1 2 1 1 1 1 1 2 1 2 1 1 2 1 2 1
6 100000 3 6 1 6 1 3 6 4 1 3 2 1 6 2 5 100000 4 1 2 5 3 1 2 100000 100000 100000
7 18 11 8 1 4 4 3 7 13 7 12 3 4 1 7 5 1 3 3 3 5 10 5 8 2 3 1
8 100000 7 6 3 5 6 8 2 4 5 5 8 1 5 5 4 3 4 5 6 100000 3 4 4 6 1 4
9 1 1 1 1 1 1 1 1 1 1 1 1 1 1 1 1 1 1 1 1 1 1 1 1 1 1 1
10 100000 2 3 1 1 1 4 3 2 4 1 2 3 1 2 2 1 100000 100000 100000 2 100000 3 1 2 100000 100000
11 19 12 5 1 3 14 7 1 11 6 9 13 11 8 8 4 1 2 9 5 1 8 5 6 8 7 6
12 19 10 7 1 12 12 5 4 9 13 15 15 12 5 7 5 1 8 9 4 3 6 9 10 11 8 4
13 6 1 2 2 4 4 4 2 4 3 2 4 3 2 1 2 2 3 3 3 2 3 2 2 3 2 2
14 100000 3 11 10 1 3 5 7 12 1 3 5 7 2 100000 7 7 100000 2 100000 5 9 1 2 4 100000 2
15 100000 4 9 4 9 2 8 4 8 5 3 7 4 5 3 6 3 7 2 100000 3 5 100000 3 5 3 4
16 100000 2 4 2 4 6 8 1 5 3 9 3 4 10 100000 3 2 3 4 6 1 100000 2 6 2 3 7
17 100000 2 1 1 1 1 2 1 1 1 2 2 1 1 100000 100000 1 1 1 2 1 1 100000 100000 2 1 1
18 14 3 3 10 1 9 2 8 4 9 1 6 10 8 3 3 7 1 6 2 5 3 6 1 5 7 6
19 25 1 12 9 15 17 9 9 9 16 4 7 8 10 1 8 7 11 12 7 6 6 11 3 5 5 7
20 22 15 5 15 15 10 14 3 16 9 9 7 10 5 11 4 10 10 7 9 3 12 6 7 5 7 4
21 100000 5 10 19 18 5 12 19 3 15 7 2 6 18 4 7 100000 100000 4 100000 13 100000 100000 100000 2 100000 12
22 100000 13 3 5 14 2 1 9 6 10 11 11 12 7 100000 100000 4 10 2 1 7 4 100000 100000 7 8 5
23 20 6 11 2 15 4 9 3 14 6 15 11 10 15 4 8 2 10 3 7 3 10 4 10 7 7 10
24 9 4 5 7 2 2 4 6 6 1 1 7 2 2 3 4 5 2 2 3 5 5 1 1 5 2 2
25 100000 1 8 10 2 12 16 16 16 17 15 7 6 15 1 100000 7 100000 100000 12 100000 10 12 11 5 5 10
26 11 3 3 3 9 3 9 2 4 7 3 4 5 6 3 3 2 6 2 7 2 3 5 2 3 4 4
27 100000 22 24 10 7 21 9 5 4 8 13 12 16 19 16 16 100000 100000 14 100000 100000 3 100000 9 9 100000 13
28 100000 1 5 1 1 7 7 1 5 3 2 7 7 6 1 4 1 1 100000 5 1 100000 3 2 5 5 100000
29 18 10 13 13 13 2 11 9 2 1 1 4 2 14 7 8 8 9 2 8 6 2 1 1 3 2 10
30 100000 2 2 2 2 2 2 1 1 2 1 2 1 2 2 100000 2 100000 100000 2 1 1 2 1 2 100000 2
<posture of tasks>
1 1
2 1
3 0
4 0
5 1
6 0
7 1
8 0
9 1
10 1
11 1
12 1
13 1
14 1
15 0
16 0
17 1
18 1
19 1
20 1
21 1
22 0
23 0
24 1
25 1
26 1
27 1
28 1
29 0
30 0
<max energy cosumption of alternatives>
1 100000.00
2 4.97
3 5.34
4 2.72
5 3.00
6 2.83
7 2.68
8 2.11
9 5.39
10 5.32
11 5.10
12 5.07
13 4.37
14 5.12
<energy cosumption of alternatives>
1 100000.00 0.26 0.08 0.18 0.18 0.09 0.06 0.15 0.11 0.08 0.29 0.14 0.26 0.23 100000.00 0.03 0.12 100000.00 100000.00 0.02 0.10 100000.00 0.05 100000.00 0.03 0.09 0.09
2 100000.00 0.12 0.15 0.12 0.04 0.06 0.04 0.04 0.25 0.06 0.18 0.21 0.18 0.25 100000.00 0.09 0.04 0.01 0.02 0.02 100000.00 0.08 100000.00 100000.00 100000.00 0.09 0.08
3 100000.00 0.16 0.16 0.10 0.12 0.32 0.21 0.23 0.28 0.30 0.28 0.30 0.48 0.14 0.08 0.07 0.04 0.07 0.21 0.05 0.11 0.10 0.21 0.11 0.10 0.26 0.09
4 100000.00 0.22 0.22 0.04 0.06 0.18 0.20 0.04 0.10 0.10 0.08 0.22 0.20 0.24 0.11 0.14 0.02 0.04 0.12 0.04 0.02 0.05 0.06 0.03 0.06 0.06 0.11
5 100000.00 0.06 0.06 0.04 0.04 0.07 0.04 0.07 0.06 0.06 0.09 0.06 0.09 0.06 0.03 0.04 0.01 0.02 0.04 0.02 0.03 0.02 0.02 0.05 0.02 0.06 0.03
6 100000.00 0.09 0.16 0.02 0.14 0.02 0.07 0.12 0.11 0.04 0.09 0.07 0.04 0.16 0.02 0.10 100000.00 0.07 0.01 0.03 0.08 0.07 0.02 0.05 100000.00 100000.00 100000.00
7 100000.00 0.38 0.29 0.06 0.14 0.14 0.11 0.21 0.47 0.26 0.41 0.14 0.17 0.08 0.16 0.10 0.02 0.08 0.03 0.03 0.06 0.29 0.08 0.21 0.07 0.11 0.02
8 100000.00 0.18 0.16 0.07 0.12 0.12 0.16 0.05 0.12 0.14 0.14 0.21 0.05 0.14 0.05 0.05 0.03 0.05 0.04 0.04 100000.00 0.05 0.09 0.05 0.13 0.01 0.06
9 100000.00 0.07 0.07 0.05 0.05 0.05 0.05 0.05 0.07 0.07 0.07 0.07 0.07 0.07 0.02 0.02 0.01 0.02 0.03 0.02 0.02 0.02 0.03 0.02 0.05 0.01 0.03
10 100000.00 0.10 0.13 0.05 0.05 0.05 0.14 0.11 0.10 0.16 0.07 0.10 0.13 0.07 0.05 0.04 0.02 100000.00 100000.00 100000.00 0.07 100000.00 0.10 0.02 0.07 100000.00 100000.00
11 100000.00 0.41 0.20 0.06 0.12 0.36 0.21 0.06 0.39 0.23 0.32 0.44 0.38 0.29 0.14 0.10 0.02 0.04 0.17 0.07 0.01 0.15 0.13 0.12 0.21 0.17 0.10
12 100000.00 0.34 0.25 0.05 0.35 0.32 0.14 0.14 0.32 0.46 0.50 0.50 0.41 0.19 0.13 0.15 0.03 0.14 0.07 0.07 0.08 0.10 0.29 0.24 0.19 0.16 0.12
13 100000.00 0.08 0.11 0.09 0.15 0.14 0.14 0.09 0.17 0.14 0.11 0.17 0.14 0.11 0.04 0.07 0.05 0.05 0.03 0.09 0.03 0.09 0.08 0.06 0.11 0.07 0.06
14 100000.00 0.13 0.37 0.26 0.04 0.10 0.13 0.19 0.43 0.07 0.13 0.19 0.25 0.10 100000.00 0.20 0.06 100000.00 0.05 100000.00 0.05 0.25 0.04 0.08 0.06 100000.00 0.02
15 100000.00 0.13 0.24 0.11 0.20 0.06 0.18 0.11 0.22 0.15 0.10 0.20 0.13 0.15 0.05 0.09 0.06 0.13 0.02 100000.00 0.07 0.08 100000.00 0.06 0.10 0.03 0.09
16 100000.00 0.08 0.13 0.06 0.11 0.13 0.18 0.04 0.15 0.11 0.24 0.11 0.13 0.27 100000.00 0.04 0.02 0.02 0.08 0.10 0.02 100000.00 0.05 0.14 0.04 0.06 0.16
17 100000.00 0.11 0.08 0.06 0.06 0.06 0.09 0.06 0.08 0.08 0.11 0.11 0.08 0.08 100000.00 100000.00 0.03 0.04 0.02 0.04 0.02 0.04 100000.00 100000.00 0.07 0.03 0.05
18 100000.00 0.12 0.12 0.25 0.04 0.22 0.07 0.22 0.16 0.31 0.06 0.21 0.34 0.28 0.05 0.06 0.11 0.02 0.11 0.02 0.07 0.10 0.18 0.04 0.09 0.11 0.16
19 100000.00 0.08 0.41 0.27 0.42 0.43 0.24 0.24 0.32 0.56 0.17 0.26 0.29 0.35 0.03 0.12 0.14 0.26 0.17 0.17 0.16 0.10 0.21 0.05 0.07 0.19 0.22
20 100000.00 0.49 0.19 0.38 0.41 0.26 0.35 0.10 0.55 0.31 0.31 0.25 0.34 0.19 0.20 0.06 0.11 0.14 0.08 0.09 0.06 0.39 0.06 0.18 0.12 0.08 0.09
21 100000.00 0.20 0.36 0.49 0.52 0.15 0.33 0.49 0.15 0.54 0.27 0.11 0.24 0.63 0.14 0.23 100000.00 100000.00 0.05 100000.00 0.26 100000.00 100000.00 100000.00 0.07 100000.00 0.23
22 100000.00 0.34 0.11 0.11 0.29 0.06 0.04 0.18 0.17 0.27 0.29 0.29 0.31 0.20 100000.00 100000.00 0.07 0.13 0.04 0.02 0.04 0.04 100000.00 100000.00 0.08 0.14 0.11
23 100000.00 0.17 0.29 0.06 0.32 0.11 0.18 0.08 0.38 0.17 0.38 0.29 0.27 0.40 0.11 0.15 0.03 0.15 0.05 0.06 0.05 0.16 0.08 0.12 0.15 0.13 0.20
24 100000.00 0.15 0.18 0.19 0.07 0.06 0.12 0.16 0.22 0.06 0.06 0.24 0.09 0.09 0.05 0.13 0.05 0.02 0.02 0.03 0.11 0.14 0.02 0.02 0.13 0.06 0.05
25 100000.00 0.08 0.29 0.28 0.09 0.33 0.43 0.43 0.57 0.60 0.51 0.26 0.23 0.54 0.05 100000.00 0.18 100000.00 100000.00 0.26 100000.00 0.18 0.27 0.34 0.08 0.15 0.33
26 100000.00 0.12 0.12 0.09 0.25 0.09 0.22 0.06 0.15 0.24 0.12 0.15 0.18 0.21 0.07 0.04 0.04 0.07 0.03 0.08 0.03 0.09 0.13 0.08 0.06 0.11 0.09
27 100000.00 0.70 0.77 0.26 0.20 0.51 0.23 0.14 0.16 0.28 0.43 0.40 0.53 0.64 0.32 0.40 100000.00 100000.00 0.27 100000.00 100000.00 0.08 100000.00 0.23 0.26 100000.00 0.25
28 100000.00 0.06 0.18 0.04 0.04 0.19 0.19 0.04 0.18 0.12 0.09 0.24 0.24 0.21 0.04 0.06 0.02 0.02 100000.00 0.10 0.01 100000.00 0.06 0.02 0.12 0.10 100000.00
29 100000.00 0.26 0.33 0.27 0.27 0.06 0.22 0.17 0.08 0.06 0.06 0.13 0.08 0.36 0.07 0.13 0.16 0.19 0.02 0.04 0.09 0.04 0.03 0.02 0.09 0.04 0.14
30 100000.00 0.09 0.09 0.07 0.07 0.07 0.07 0.05 0.07 0.09 0.07 0.09 0.07 0.09 0.05 100000.00 0.03 100000.00 100000.00 0.02 0.02 0.01 0.04 0.02 0.04 100000.00 0.06
<task rigidity>
1 4
2 3
3 1
4 5
5 6
6 4
7 6
8 2
9 7
10 1
11 2
12 2
13 1
14 8
15 9
16 2
17 3
18 2
19 8
20 1
21 4
22 10
23 3
24 2
25 6
26 4
27 1
28 3
29 8
30 4
<precedence relations>
1,4
1,5
2,11
2,12
3,16
3,17
4,7
5,6
6,7
7,8
8,9
9,26
10,24
12,13
13,14
14,15
14,20
15,22
16,20
17,18
18,19
20,21
20,24
21,22
22,23
23,27
24,25
25,26
26,27
27,28
27,29
29,30
<end>