<number of tasks>
30
<number of stations>
9
<number of workers>
9
<type of the robots>
1
<limit of the robots>
5
<task times>
1 11 4 6 7 7 8 6 1 7 3 3 4 5 5 5 5 1 5 3
2 100000 6 6 4 1 7 4 4 6 6 4 4 100000 1 5 3 3 5 100000
3 100000 15 12 9 18 11 12 17 7 11 10 100000 6 12 100000 9 12 100000 8
4 13 2 10 7 3 4 7 3 3 4 2 7 5 2 3 5 2 3 3
5 2 2 1 1 2 2 1 2 1 1 2 1 1 2 2 1 2 1 1
6 7 4 2 6 1 2 1 5 5 1 3 2 5 1 2 1 4 4 1
7 100000 3 8 8 8 6 4 2 12 5 2 6 100000 100000 5 100000 2 8 4
8 13 9 3 9 9 10 9 1 4 4 6 3 6 6 7 6 1 3 3
9 100000 1 1 1 1 1 1 1 1 1 1 1 1 1 1 1 1 1 1
10 100000 2 1 2 4 4 1 3 4 4 2 100000 2 3 3 1 2 100000 3
11 19 2 8 2 10 3 10 8 10 4 2 6 2 7 3 7 6 7 3
12 100000 13 1 13 8 9 3 1 7 2 9 1 8 6 100000 2 100000 100000 2
13 6 1 5 3 2 1 2 5 4 4 1 4 3 2 1 2 4 3 3
14 100000 3 10 1 5 12 11 5 12 1 100000 100000 1 4 8 8 100000 8 1
15 12 1 1 6 6 4 7 6 8 7 1 1 5 5 3 5 4 5 5
16 13 5 6 8 6 10 5 2 10 4 4 4 6 4 7 4 2 7 3
17 2 2 2 2 1 2 1 1 2 2 2 2 2 1 2 1 1 2 2
18 100000 3 6 3 5 5 4 3 7 4 100000 100000 100000 4 4 3 2 5 100000
19 100000 13 8 11 6 18 4 7 4 13 9 100000 8 4 12 100000 5 3 10
20 21 6 4 14 3 8 11 9 6 3 5 3 9 2 5 8 6 4 3
21 100000 14 18 13 18 18 20 4 2 11 10 100000 9 100000 12 13 3 2 7
22 100000 3 12 11 12 11 2 14 6 11 3 100000 7 8 7 100000 100000 5 100000
23 100000 2 4 8 8 8 16 3 2 3 2 3 100000 5 5 100000 3 2 3
24 100000 5 3 5 3 2 2 3 5 3 4 2 4 2 100000 2 2 4 2
25 23 5 12 10 1 15 8 3 2 12 4 8 7 1 10 6 3 2 8
26 12 2 3 4 2 2 2 6 5 7 2 3 3 2 2 2 5 4 5
27 32 15 23 20 4 9 21 12 3 19 10 16 13 3 6 15 8 2 12
28 9 6 2 6 5 7 6 4 4 7 5 2 4 4 5 5 3 3 5
29 100000 4 2 6 14 11 9 14 7 11 100000 2 5 10 8 7 10 5 7
30 2 1 2 2 2 1 2 1 1 1 1 2 2 2 1 2 1 1 1
<posture of tasks>
1 1
2 1
3 0
4 1
5 0
6 1
7 1
8 1
9 1
10 1
11 1
12 1
13 0
14 1
15 1
16 0
17 1
18 0
19 0
20 0
21 0
22 1
23 0
24 1
25 1
26 1
27 0
28 1
29 1
30 1
<max energy cosumption of alternatives>
1 100000.00
2 5.00
3 5.03
4 3.28
5 4.85
6 5.05
7 2.34
8 4.38
9 2.49
10 2.97
<energy cosumption of alternatives>
1 100000.00 0.17 0.23 0.21 0.26 0.29 0.18 0.08 0.21 0.12 0.09 0.09 0.12 0.13 0.14 0.11 0.04 0.07 0.04
2 100000.00 0.21 0.21 0.12 0.06 0.24 0.12 0.15 0.16 0.16 0.10 0.05 100000.00 0.04 0.05 0.08 0.08 0.09 100000.00
3 100000.00 0.39 0.32 0.21 0.46 0.30 0.26 0.46 0.17 0.23 0.21 100000.00 0.14 0.31 100000.00 0.13 0.16 100000.00 0.13
4 100000.00 0.11 0.36 0.21 0.14 0.17 0.21 0.14 0.12 0.15 0.05 0.16 0.05 0.09 0.05 0.10 0.09 0.06 0.04
5 100000.00 0.10 0.08 0.06 0.10 0.10 0.06 0.10 0.06 0.06 0.03 0.03 0.03 0.06 0.03 0.04 0.06 0.01 0.03
6 100000.00 0.17 0.11 0.21 0.08 0.11 0.06 0.20 0.15 0.06 0.11 0.06 0.09 0.02 0.07 0.03 0.09 0.05 0.03
7 100000.00 0.12 0.28 0.22 0.27 0.22 0.12 0.09 0.31 0.13 0.03 0.10 100000.00 100000.00 0.06 100000.00 0.04 0.20 0.03
8 100000.00 0.31 0.12 0.25 0.31 0.34 0.23 0.06 0.13 0.13 0.13 0.06 0.14 0.17 0.07 0.10 0.02 0.04 0.07
9 100000.00 0.07 0.07 0.05 0.07 0.07 0.05 0.07 0.05 0.05 0.02 0.03 0.04 0.03 0.04 0.03 0.04 0.04 0.01
10 100000.00 0.11 0.07 0.09 0.17 0.17 0.06 0.14 0.14 0.14 0.06 100000.00 0.05 0.05 0.12 0.03 0.03 100000.00 0.05
11 100000.00 0.10 0.29 0.08 0.34 0.13 0.26 0.29 0.26 0.14 0.06 0.17 0.02 0.17 0.05 0.15 0.07 0.06 0.09
12 100000.00 0.44 0.07 0.36 0.28 0.32 0.11 0.07 0.20 0.08 0.15 0.05 0.07 0.15 100000.00 0.06 100000.00 100000.00 0.03
13 100000.00 0.07 0.16 0.10 0.09 0.07 0.08 0.16 0.12 0.12 0.02 0.08 0.05 0.03 0.04 0.04 0.09 0.04 0.04
14 100000.00 0.13 0.35 0.05 0.19 0.43 0.29 0.19 0.32 0.05 100000.00 100000.00 0.02 0.12 0.10 0.12 100000.00 0.19 0.03
15 100000.00 0.07 0.07 0.20 0.22 0.16 0.20 0.22 0.23 0.20 0.03 0.02 0.05 0.08 0.09 0.10 0.05 0.13 0.12
16 100000.00 0.17 0.19 0.20 0.19 0.28 0.13 0.10 0.22 0.13 0.12 0.08 0.04 0.12 0.12 0.05 0.05 0.07 0.06
17 100000.00 0.08 0.08 0.06 0.05 0.08 0.03 0.05 0.06 0.06 0.05 0.03 0.03 0.03 0.05 0.01 0.02 0.03 0.03
18 100000.00 0.11 0.18 0.09 0.15 0.15 0.11 0.11 0.16 0.11 100000.00 100000.00 100000.00 0.06 0.09 0.04 0.06 0.09 100000.00
19 100000.00 0.33 0.22 0.25 0.17 0.47 0.11 0.20 0.11 0.25 0.18 100000.00 0.14 0.09 0.15 100000.00 0.12 0.07 0.09
20 100000.00 0.19 0.14 0.31 0.12 0.23 0.24 0.25 0.15 0.10 0.13 0.04 0.16 0.05 0.06 0.16 0.06 0.03 0.04
21 100000.00 0.36 0.48 0.27 0.45 0.48 0.39 0.13 0.06 0.22 0.24 100000.00 0.18 100000.00 0.31 0.20 0.04 0.02 0.06
22 100000.00 0.14 0.42 0.33 0.41 0.39 0.09 0.48 0.18 0.30 0.08 100000.00 0.12 0.16 0.23 100000.00 100000.00 0.08 100000.00
23 100000.00 0.08 0.13 0.17 0.22 0.22 0.31 0.10 0.06 0.08 0.05 0.04 100000.00 0.06 0.10 100000.00 0.07 0.02 0.04
24 100000.00 0.19 0.13 0.17 0.13 0.10 0.08 0.13 0.14 0.11 0.10 0.05 0.11 0.04 100000.00 0.02 0.07 0.09 0.05
25 100000.00 0.19 0.41 0.29 0.07 0.53 0.23 0.13 0.08 0.32 0.05 0.21 0.19 0.02 0.30 0.10 0.08 0.02 0.10
26 100000.00 0.09 0.13 0.13 0.09 0.10 0.07 0.22 0.13 0.19 0.07 0.07 0.03 0.05 0.03 0.02 0.13 0.03 0.10
27 100000.00 0.38 0.59 0.41 0.13 0.24 0.41 0.31 0.09 0.36 0.12 0.12 0.23 0.07 0.13 0.15 0.14 0.05 0.08
28 100000.00 0.23 0.11 0.20 0.20 0.26 0.18 0.17 0.14 0.21 0.07 0.03 0.06 0.13 0.08 0.07 0.11 0.04 0.07
29 100000.00 0.16 0.09 0.19 0.46 0.37 0.23 0.46 0.19 0.28 100000.00 0.03 0.08 0.13 0.09 0.15 0.32 0.09 0.15
30 100000.00 0.06 0.09 0.07 0.09 0.06 0.07 0.06 0.04 0.04 0.02 0.02 0.04 0.03 0.03 0.02 0.01 0.01 0.01
<task rigidity>
1 4
2 3
3 3
4 4
5 5
6 2
7 9
8 7
9 4
10 7
11 6
12 6
13 5
14 5
15 5
16 5
17 1
18 4
19 8
20 5
21 10
22 1
23 1
24 9
25 3
26 6
27 4
28 6
29 5
30 4
<precedence relations>
1,4
1,5
2,11
2,12
3,16
3,17
4,7
5,6
6,7
7,8
8,9
9,26
10,24
12,13
13,14
14,15
14,20
15,22
16,20
17,18
18,19
20,21
20,24
21,22
22,23
23,27
24,25
25,26
26,27
27,28
27,29
29,30
<end>