<number of tasks>
32
<number of stations>
11
<number of workers>
11
<type of the robots>
1
<limit of the robots>
5
<task times>
1 614 21 211 409 273 315 378 164 24 138 448 328 13 137 259 181 192 248 106 17 85 281 214
2 366 178 59 48 83 64 248 136 255 181 153 13 109 37 34 54 44 154 84 171 124 100 9
3 697 463 288 240 262 121 61 115 231 124 118 59 319 178 145 158 78 39 79 157 80 77 41
4 1858 184 1139 712 531 534 76 1147 1135 585 986 60 112 782 433 338 364 50 741 780 384 611 37
5 491 189 306 134 341 294 70 266 11 197 337 96 120 205 93 215 182 46 179 7 130 212 60
6 266 8 162 19 2 81 37 173 159 71 91 98 6 99 14 2 49 24 114 107 44 56 61
7 100000 178 77 19 112 119 2 27 4 55 123 133 100000 53 13 68 79 2 17 100000 37 78 86
8 600 291 111 156 301 284 450 113 226 264 33 395 202 78 95 184 182 299 72 137 174 21 241
9 847 515 334 589 302 273 114 622 46 350 162 25 360 218 385 203 192 78 429 29 232 109 16
10 100000 196 142 414 400 443 8 177 481 168 419 270 100000 90 269 249 293 6 100000 305 100000 256 100000
11 100000 41 94 25 138 164 205 217 112 373 250 253 28 64 100000 95 100000 100000 148 77 242 100000 100000
12 345 240 171 67 160 85 161 251 120 57 157 166 167 115 42 100 54 112 154 84 36 102 113
13 752 526 164 370 139 44 165 159 82 152 25 102 355 109 233 89 27 111 96 52 94 17 65
14 100000 49 3 197 199 156 115 16 127 100 105 168 100000 2 122 134 99 100000 11 86 100000 67 100000
15 100000 294 334 260 353 362 149 261 404 132 427 88 199 100000 100000 242 229 92 159 100000 85 299 54
16 913 618 602 197 558 374 272 506 100 302 301 105 413 419 127 365 241 169 331 69 200 208 74
17 856 394 386 591 544 211 185 154 482 367 211 408 253 235 393 351 130 117 97 333 225 129 264
18 100000 20 95 32 675 381 70 235 17 604 143 459 14 64 100000 410 261 44 147 100000 364 90 100000
19 451 204 116 253 176 187 229 79 140 191 165 160 129 78 163 111 127 159 49 87 131 108 101
20 441 126 86 241 133 202 249 125 41 92 188 249 85 54 159 90 125 151 78 26 61 129 158
21 100000 69 59 80 60 28 79 68 81 31 20 41 100000 100000 100000 42 18 54 100000 100000 21 100000 26
22 471 80 300 137 37 271 324 181 53 83 141 179 50 204 84 23 190 215 111 35 51 89 121
23 100000 21 502 164 527 387 304 75 264 321 363 50 100000 309 111 100000 245 100000 52 179 205 254 35
24 100000 160 427 457 11 210 419 77 61 491 312 205 100000 259 284 8 139 100000 52 40 321 198 100000
25 527 177 288 42 166 187 277 59 366 91 82 53 110 195 26 111 127 183 37 249 63 52 33
26 1128 138 787 126 350 422 211 853 633 248 322 738 89 539 86 216 274 129 571 397 171 212 494
27 534 17 56 383 242 234 35 388 342 190 154 329 12 38 240 151 154 23 239 218 123 107 205
28 461 231 349 331 22 22 184 193 113 53 8 325 147 235 220 14 16 117 129 75 35 6 204
29 100000 321 78 391 352 161 186 325 335 117 147 32 218 48 243 223 111 115 221 213 75 93 21
30 100000 179 142 178 31 25 162 97 214 138 79 112 114 100000 100000 20 100000 105 67 135 88 54 100000
31 356 237 107 171 125 98 173 42 50 203 14 98 160 71 112 87 69 115 27 33 140 9 65
32 274 141 166 126 170 180 24 72 144 116 184 187 97 100 78 116 114 15 47 101 73 114 125
<posture of tasks>
1 1
2 0
3 0
4 1
5 0
6 1
7 0
8 1
9 1
10 1
11 1
12 1
13 1
14 1
15 1
16 0
17 1
18 1
19 1
20 1
21 0
22 1
23 0
24 1
25 1
26 1
27 1
28 1
29 1
30 1
31 1
32 0
<max energy cosumption of alternatives>
1 100000.00
2 4.21
3 2.88
4 3.04
5 2.75
6 2.87
7 4.18
8 4.43
9 4.96
10 4.76
11 2.28
12 2.11
<energy cosumption of alternatives>
1 100000.00 0.69 5.73 10.89 7.38 8.42 12.87 5.72 0.84 4.69 11.98 8.73 0.41 3.59 4.23 1.70 4.77 8.81 2.42 0.24 1.09 6.93 3.65
2 100000.00 4.55 1.24 0.94 1.75 1.31 6.46 3.58 7.02 4.62 3.08 0.25 3.02 0.82 0.65 1.10 0.75 2.52 2.42 4.16 3.22 2.12 0.18
3 100000.00 12.24 6.14 5.01 5.59 2.53 1.67 3.21 6.60 3.29 2.49 1.27 6.21 2.21 2.12 1.55 1.25 0.75 1.01 1.79 0.82 1.29 0.61
4 100000.00 6.04 30.15 18.45 14.05 13.87 2.51 39.38 40.12 19.24 25.57 1.59 2.17 11.45 10.56 3.57 8.19 0.82 26.83 12.99 8.76 15.48 0.53
5 100000.00 4.81 6.30 2.66 7.01 5.90 1.82 7.10 0.30 5.07 6.80 1.93 2.07 4.26 1.41 4.31 2.32 0.95 3.71 0.09 2.17 3.46 1.28
6 100000.00 0.27 4.14 0.46 0.06 2.03 1.20 5.79 5.47 2.27 2.30 2.48 0.19 2.22 0.32 0.02 0.85 0.44 2.46 1.67 0.76 1.43 1.14
7 100000.00 4.57 1.55 0.36 2.30 2.39 0.08 0.68 0.13 1.41 2.46 2.62 100000.00 0.73 0.08 1.55 1.53 0.04 0.45 100000.00 0.62 1.28 1.43
8 100000.00 9.58 2.97 4.05 7.96 7.41 15.05 3.91 8.01 8.69 0.88 10.30 4.84 1.88 1.50 4.88 1.86 7.76 1.81 4.10 2.73 0.37 3.93
9 100000.00 16.69 8.76 15.14 7.88 6.99 3.75 21.06 1.58 11.34 4.15 0.63 7.40 4.62 8.18 5.22 1.90 2.12 14.18 0.39 4.96 1.89 0.26
10 100000.00 6.58 3.88 11.04 10.83 11.81 0.29 6.16 17.25 5.65 11.17 7.17 100000.00 1.84 3.92 5.89 7.02 0.20 100000.00 4.01 100000.00 6.57 100000.00
11 100000.00 1.37 2.52 0.63 3.75 4.28 6.91 7.49 4.03 12.40 6.61 6.67 0.84 0.98 100000.00 0.91 100000.00 100000.00 3.80 1.42 3.49 100000.00 100000.00
12 100000.00 7.69 4.41 1.70 4.11 2.17 5.21 8.42 4.15 1.85 3.96 4.22 2.47 2.31 0.57 1.67 0.97 2.03 3.28 2.53 0.82 2.68 1.32
13 100000.00 17.05 4.24 9.44 3.63 1.11 5.40 5.35 2.81 4.92 0.62 2.60 5.72 1.24 4.71 0.95 0.39 2.53 2.08 1.47 1.47 0.40 0.62
14 100000.00 1.57 0.10 5.05 5.17 3.96 3.78 0.52 4.41 3.23 2.66 4.29 100000.00 0.03 2.63 1.27 2.08 100000.00 0.26 1.85 100000.00 1.41 100000.00
15 100000.00 9.64 8.88 6.77 9.34 9.44 4.96 8.96 14.23 4.32 11.11 2.31 6.72 100000.00 100000.00 5.24 3.61 2.43 3.05 100000.00 2.17 7.02 1.28
16 100000.00 15.84 12.27 3.97 11.42 7.47 7.04 13.58 2.75 7.71 5.99 2.08 9.78 4.24 1.06 7.33 4.07 4.48 6.46 1.58 2.42 2.26 0.57
17 100000.00 12.73 10.01 15.01 14.07 5.34 6.05 5.18 16.75 11.86 5.34 10.33 3.87 3.75 3.05 7.76 1.19 2.53 1.13 7.97 2.95 2.17 2.83
18 100000.00 0.66 2.60 0.89 18.39 10.18 2.39 8.23 0.60 20.27 3.85 12.26 0.42 1.35 100000.00 11.32 6.02 0.88 5.33 100000.00 8.52 0.88 100000.00
19 100000.00 6.57 3.00 6.42 4.55 4.73 7.47 2.62 4.86 6.13 4.18 4.04 3.19 1.47 2.09 2.70 1.12 4.80 0.84 2.18 4.08 2.86 2.54
20 100000.00 4.10 2.28 6.19 3.48 5.21 8.25 4.25 1.43 3.01 4.84 6.44 2.40 1.25 4.03 1.21 1.99 4.92 1.11 0.36 1.24 3.01 3.08
21 100000.00 1.74 1.21 1.55 1.23 0.57 2.00 1.79 2.16 0.81 0.38 0.80 100000.00 100000.00 100000.00 0.26 0.22 1.37 100000.00 100000.00 0.44 100000.00 0.46
22 100000.00 2.59 7.86 3.51 0.96 6.95 10.70 6.17 1.82 2.74 3.66 4.61 0.79 5.00 0.99 0.41 4.77 2.70 2.35 0.85 1.09 2.51 2.15
23 100000.00 0.52 10.20 3.22 10.70 7.71 7.91 1.97 7.26 8.18 7.23 0.97 100000.00 5.76 2.02 100000.00 1.91 100000.00 0.96 2.47 4.24 1.60 0.60
24 100000.00 5.12 11.01 11.56 0.28 5.32 13.64 2.55 2.12 15.74 7.91 5.19 100000.00 4.64 5.85 0.06 2.80 100000.00 0.94 1.08 4.97 1.68 100000.00
25 100000.00 5.87 7.72 1.11 4.49 4.90 9.33 2.05 13.02 3.03 2.11 1.36 1.46 1.85 0.39 2.29 1.31 5.49 0.88 8.77 1.45 0.72 0.39
26 100000.00 4.61 21.10 3.31 9.38 11.12 7.07 29.54 22.55 8.26 8.45 19.40 2.23 8.53 1.74 3.30 4.38 3.17 11.48 9.97 2.44 2.43 10.72
27 100000.00 0.55 1.48 9.82 6.32 6.01 1.16 13.25 12.00 6.17 3.96 8.43 0.32 0.85 5.40 2.66 3.18 0.72 8.78 7.45 4.26 1.04 3.49
28 100000.00 7.66 9.36 8.75 0.58 0.55 6.17 6.70 4.05 1.73 0.24 8.55 3.75 4.97 4.53 0.33 0.37 3.67 2.43 2.31 0.50 0.13 2.58
29 100000.00 10.67 2.08 10.33 9.43 4.22 6.26 11.27 11.99 3.92 3.88 0.87 4.70 0.45 4.15 4.84 1.54 3.80 5.01 8.15 2.47 1.20 0.57
30 100000.00 5.84 3.77 4.60 0.84 0.63 5.32 3.29 7.46 4.53 2.02 2.91 3.54 100000.00 100000.00 0.31 100000.00 3.61 2.06 2.08 2.38 1.29 100000.00
31 100000.00 7.72 2.78 4.43 3.27 2.53 5.72 1.43 1.73 6.63 0.35 2.53 3.29 0.92 2.23 1.97 1.60 3.49 0.55 0.55 4.13 0.08 1.16
32 100000.00 3.46 3.24 2.38 3.31 3.42 0.57 1.83 3.81 2.85 3.49 3.54 2.15 1.76 1.30 2.03 0.93 0.39 1.04 1.29 1.79 1.78 2.24
<task rigidity>
1 5
2 4
3 6
4 4
5 1
6 6
7 6
8 6
9 10
10 1
11 5
12 2
13 4
14 1
15 10
16 10
17 7
18 2
19 7
20 3
21 6
22 10
23 1
24 2
25 4
26 8
27 10
28 2
29 9
30 4
31 3
32 1
<precedence relations>
1,5
2,6
3,9
4,15
5,6
6,7
6,8
6,9
7,21
8,21
9,10
9,11
10,16
11,12
12,13
13,14
13,15
14,16
14,17
15,17
16,18
17,19
18,21
19,20
20,21
21,22
21,23
21,24
22,25
23,32
24,32
25,26
26,27
27,28
28,29
29,30
30,31
31,32
<end>