<number of tasks>
32
<number of stations>
10
<number of workers>
10
<type of the robots>
1
<limit of the robots>
4
<task times>
1 100000 329 182 143 385 9 59 376 99 91 48 100000 100000 99 263 6 100000 100000 100000 56 33
2 362 94 219 125 76 260 140 210 14 253 263 57 141 81 47 175 93 134 10 161 159
3 722 83 285 321 273 318 466 263 24 382 386 55 172 224 188 200 323 169 15 264 238
4 100000 616 678 1153 806 668 986 404 475 795 875 100000 434 100000 490 100000 605 100000 328 503 591
5 100000 40 133 23 169 215 125 270 29 28 240 25 100000 100000 112 146 78 100000 18 19 163
6 100000 101 109 169 126 183 85 80 75 54 75 67 100000 107 86 115 52 49 48 38 46
7 292 65 133 29 174 5 80 118 68 138 141 41 81 19 106 4 51 78 46 86 97
8 618 96 181 218 33 232 102 354 40 108 354 67 115 151 23 159 65 240 28 73 238
9 100000 322 206 57 186 18 348 451 67 512 508 221 136 37 119 13 100000 276 46 329 317
10 100000 161 382 284 134 326 438 317 458 373 136 100000 252 100000 89 100000 100000 218 100000 230 95
11 544 275 261 79 241 275 318 309 382 206 235 181 175 52 157 193 205 210 251 128 159
12 356 32 185 61 10 17 189 60 233 67 26 20 127 38 7 12 126 41 160 47 18
13 753 262 454 538 37 402 401 30 159 93 490 177 295 362 24 263 245 19 102 58 341
14 277 18 110 17 58 144 11 4 57 10 108 12 75 12 36 100 8 3 40 7 73
15 602 26 409 1 458 101 196 210 404 216 295 17 281 1 294 63 136 132 257 146 182
16 912 37 669 472 430 683 350 249 215 445 345 23 456 301 299 454 237 168 145 274 217
17 840 51 149 171 189 11 80 549 261 34 572 31 103 118 115 8 52 344 176 23 383
18 930 344 33 382 240 89 65 247 44 43 31 233 23 235 153 60 44 161 30 30 22
19 429 284 1 71 22 18 311 35 287 135 186 179 1 50 15 12 213 24 178 87 119
20 100000 281 242 113 250 75 12 20 309 49 260 180 100000 69 165 100000 8 100000 196 30 170
21 100000 45 79 84 78 13 74 35 85 34 99 31 48 58 52 9 50 23 100000 100000 100000
22 100000 275 351 336 188 191 261 31 253 263 36 187 234 228 118 124 166 21 165 172 100000
23 729 330 309 340 390 213 201 520 54 158 255 230 204 209 253 139 136 350 34 103 164
24 100000 321 420 199 6 382 346 23 4 92 13 207 276 128 100000 267 227 100000 3 59 100000
25 526 74 283 377 188 57 71 288 333 354 135 47 189 251 122 40 47 180 231 246 90
26 1138 14 634 800 76 780 24 567 815 245 248 9 406 499 51 518 15 370 499 172 155
27 518 269 251 342 28 42 265 295 337 340 359 181 169 216 19 30 185 189 207 211 226
28 460 39 301 49 243 175 131 52 335 70 175 27 183 33 153 120 86 34 225 47 115
29 597 254 113 308 364 191 361 76 158 244 6 169 69 195 226 127 250 52 99 163 4
30 329 86 128 12 112 62 130 149 97 214 143 61 84 8 78 44 89 92 63 141 89
31 342 4 257 219 26 33 46 2 33 27 254 3 156 134 17 22 29 2 23 18 165
32 274 75 9 183 128 114 73 176 75 111 73 50 6 124 89 72 48 120 46 68 45
<posture of tasks>
1 1
2 1
3 1
4 1
5 0
6 1
7 1
8 0
9 0
10 1
11 0
12 1
13 1
14 0
15 1
16 1
17 0
18 1
19 1
20 1
21 1
22 0
23 1
24 0
25 1
26 0
27 1
28 1
29 1
30 0
31 1
32 1
<max energy cosumption of alternatives>
1 100000.00
2 4.97
3 4.33
4 2.21
5 4.47
6 3.05
7 2.33
8 3.06
9 4.72
10 4.63
11 5.21
<energy cosumption of alternatives>
1 100000.00 11.08 5.88 3.59 12.44 0.22 1.52 9.93 3.38 3.04 1.57 100000.00 100000.00 1.64 4.36 0.10 100000.00 100000.00 100000.00 0.64 0.63
2 100000.00 3.18 7.08 3.11 2.45 6.52 3.59 5.57 0.46 8.46 8.77 1.34 1.81 1.04 1.17 2.53 1.01 2.57 0.27 1.89 4.68
3 100000.00 2.90 9.42 8.24 8.99 8.18 12.20 7.15 0.80 12.94 13.14 1.63 5.92 1.76 4.59 1.70 5.96 1.98 0.37 5.47 7.11
4 100000.00 21.72 22.89 30.34 27.24 17.64 26.44 11.24 17.00 27.60 30.39 100000.00 7.87 100000.00 10.42 100000.00 15.87 100000.00 11.23 11.30 12.15
5 100000.00 1.09 3.43 0.44 4.42 4.28 2.54 5.71 0.82 0.77 6.40 0.69 100000.00 100000.00 2.95 0.95 1.46 100000.00 0.25 0.50 1.61
6 100000.00 3.42 3.52 4.28 4.09 4.62 2.22 2.12 2.57 1.77 2.49 1.28 100000.00 2.16 2.55 1.10 1.28 0.68 1.76 1.03 0.62
7 100000.00 2.24 4.36 0.76 5.74 0.14 2.05 3.19 2.37 4.70 4.79 0.76 1.59 0.51 3.53 0.06 0.43 0.70 0.85 1.21 1.88
8 100000.00 2.56 4.62 4.23 0.87 4.54 2.02 7.32 1.08 2.81 9.29 0.92 1.12 0.92 0.30 1.66 0.59 1.78 0.54 0.76 2.51
9 100000.00 8.56 5.25 1.14 4.72 0.34 6.96 9.39 1.81 13.43 13.31 5.99 2.13 0.47 1.83 0.17 100000.00 2.43 0.80 4.24 4.62
10 100000.00 5.47 12.45 7.25 4.36 8.27 11.32 8.52 15.81 12.52 4.54 100000.00 4.43 100000.00 1.94 100000.00 100000.00 5.59 100000.00 7.53 1.52
11 100000.00 7.09 6.44 1.47 5.94 5.17 6.10 6.20 10.00 5.23 5.96 4.28 3.70 0.39 3.42 2.21 2.31 3.92 5.35 1.79 3.67
12 100000.00 1.09 5.99 1.53 0.33 0.41 4.79 1.61 8.01 2.24 0.82 0.71 1.68 0.33 0.16 0.19 3.05 0.33 1.71 0.56 0.32
13 100000.00 8.92 14.79 13.60 1.22 10.16 10.33 0.84 5.46 3.13 16.41 4.78 8.65 3.09 0.55 3.30 3.20 0.37 1.47 0.72 10.78
14 100000.00 0.46 2.83 0.32 1.53 2.88 0.23 0.11 1.58 0.27 2.82 0.25 1.46 0.12 0.44 0.60 0.09 0.03 0.51 0.10 1.03
15 100000.00 0.85 13.28 0.04 14.89 2.51 5.03 5.58 13.91 7.21 9.85 0.24 5.97 0.01 3.17 1.52 2.48 3.22 9.52 1.60 6.43
16 100000.00 1.25 21.72 11.84 13.95 17.09 8.93 6.63 7.38 14.88 11.53 0.55 14.08 6.46 6.79 6.90 3.23 3.46 4.08 6.82 2.75
17 100000.00 1.31 3.74 3.31 4.71 0.22 1.55 11.18 6.93 0.89 14.74 0.53 1.57 1.53 2.97 0.13 0.64 6.67 2.69 0.52 3.28
18 100000.00 11.76 1.10 9.61 7.83 2.25 1.66 6.57 1.50 1.44 1.07 5.95 0.48 4.43 3.54 1.36 0.35 1.32 0.38 0.40 0.36
19 100000.00 9.92 0.08 1.85 0.72 0.46 8.28 1.00 10.16 4.60 6.37 3.79 0.04 1.12 0.49 0.20 3.61 0.32 3.07 1.41 2.72
20 100000.00 9.64 7.91 2.91 8.22 1.91 0.33 0.54 10.73 1.63 8.76 4.91 100000.00 1.07 5.31 100000.00 0.11 100000.00 2.17 0.92 3.57
21 100000.00 1.53 2.57 2.17 2.54 0.32 1.90 0.96 2.97 1.17 3.34 0.65 0.61 0.79 1.56 0.10 1.19 0.38 100000.00 100000.00 100000.00
22 100000.00 7.33 8.96 6.68 4.79 3.75 5.27 0.67 6.87 6.91 0.96 1.79 6.21 1.93 2.15 2.36 3.30 0.38 4.23 2.31 100000.00
23 100000.00 11.33 10.20 8.75 12.87 5.45 5.28 14.10 1.84 5.34 8.65 3.23 4.79 5.76 3.28 3.16 2.18 4.75 1.09 3.36 2.82
24 100000.00 8.74 10.97 4.04 0.19 7.68 7.12 0.47 0.14 2.49 0.35 3.96 4.47 1.95 100000.00 1.64 2.67 100000.00 0.05 1.37 100000.00
25 100000.00 2.44 9.00 9.23 5.96 1.40 1.77 7.48 11.23 11.55 4.39 1.33 4.57 4.87 1.86 0.75 0.36 3.00 2.45 2.90 1.24
26 100000.00 0.35 15.82 15.33 1.88 14.94 0.45 11.50 21.56 6.27 6.39 0.20 8.97 5.39 1.19 9.74 0.31 4.88 5.15 3.76 3.27
27 100000.00 9.37 8.43 8.90 0.98 1.09 7.02 8.11 11.96 11.72 12.39 5.92 5.13 4.30 0.40 0.59 1.60 3.98 4.28 5.94 5.07
28 100000.00 1.31 9.74 1.20 7.86 4.38 3.32 1.35 11.54 2.33 5.84 0.41 3.75 0.49 3.09 1.45 0.85 0.82 4.00 1.02 3.81
29 100000.00 8.71 3.73 7.87 11.95 4.84 9.38 2.02 5.46 8.21 0.22 3.20 0.97 3.59 7.66 2.02 5.66 0.69 1.54 4.88 0.09
30 100000.00 2.21 3.12 0.23 2.76 1.16 2.45 2.95 2.51 5.38 3.60 1.47 0.93 0.10 0.75 0.34 0.64 2.03 0.99 2.33 1.38
31 100000.00 0.16 8.49 5.59 0.83 0.86 1.19 0.08 1.18 0.86 8.64 0.08 4.01 3.45 0.40 0.56 0.31 0.04 0.75 0.24 1.75
32 100000.00 2.52 0.31 4.59 4.16 2.88 1.85 4.68 2.58 3.74 2.43 0.70 0.07 2.32 2.45 1.25 1.11 1.54 1.59 1.55 1.34
<task rigidity>
1 6
2 4
3 7
4 8
5 6
6 2
7 2
8 4
9 1
10 8
11 8
12 3
13 4
14 10
15 8
16 5
17 3
18 8
19 4
20 1
21 3
22 4
23 2
24 8
25 3
26 10
27 7
28 2
29 3
30 9
31 2
32 5
<precedence relations>
1,5
2,6
3,9
4,15
5,6
6,7
6,8
6,9
7,21
8,21
9,10
9,11
10,16
11,12
12,13
13,14
13,15
14,16
14,17
15,17
16,18
17,19
18,21
19,20
20,21
21,22
21,23
21,24
22,25
23,32
24,32
25,26
26,27
27,28
28,29
29,30
30,31
31,32
<end>