<number of tasks>
32
<number of stations>
12
<number of workers>
12
<type of the robots>
1
<limit of the robots>
5
<task times>
1 100000 44 201 296 238 409 448 127 358 96 348 103 318 30 123 193 100000 266 281 88 240 60 228 71 197
2 100000 242 109 117 218 75 167 202 103 140 187 51 84 100000 100000 82 137 100000 116 100000 100000 87 100000 35 55
3 716 247 465 431 468 184 478 117 276 329 289 415 162 155 309 293 299 128 324 80 184 207 184 276 105
4 100000 898 1366 1089 1200 1344 313 1213 1262 1110 1306 162 167 100000 100000 100000 727 100000 216 758 100000 773 794 109 100000
5 482 122 138 345 289 352 276 167 242 70 124 21 283 81 95 238 189 240 183 110 166 49 76 13 197
6 100000 123 195 105 193 75 147 64 2 66 75 127 24 100000 100000 72 100000 100000 99 43 2 45 100000 100000 15
7 100000 135 57 203 38 26 81 199 149 184 206 16 209 100000 38 128 100000 100000 100000 125 100000 124 143 11 126
8 607 271 408 411 349 274 84 336 449 41 434 113 66 170 271 252 225 183 52 226 270 26 277 75 45
9 894 380 565 253 105 285 211 414 340 9 72 482 362 231 391 171 67 199 140 267 206 6 49 337 234
10 713 305 327 239 385 266 402 277 201 270 14 135 501 190 211 166 235 169 256 169 133 171 9 86 338
11 553 193 126 290 37 320 348 36 306 389 222 24 150 121 80 198 23 202 211 24 212 270 137 17 100
12 100000 84 10 87 178 80 77 57 84 7 93 31 55 100000 7 53 100000 100000 48 35 100000 5 60 21 34
13 730 447 142 246 83 360 81 371 443 448 132 352 321 301 95 149 55 238 53 229 296 285 90 231 223
14 277 87 137 36 167 21 38 31 67 61 32 100 192 59 89 24 105 15 24 20 47 42 20 67 116
15 611 415 155 163 389 289 292 338 321 189 396 149 381 271 97 114 259 190 185 209 219 115 267 91 251
16 100000 446 501 525 144 365 224 40 207 510 330 278 398 285 324 323 87 100000 153 27 141 338 215 100000 100000
17 804 533 27 435 190 179 305 168 296 301 574 367 3 339 19 292 117 122 203 109 191 193 384 248 2
18 939 542 265 16 87 579 143 439 270 381 454 480 247 338 167 11 57 386 100 273 183 263 305 298 169
19 100000 20 223 165 221 120 328 79 321 237 245 163 9 100000 151 100000 146 81 201 49 202 154 152 100000 6
20 424 131 213 297 191 34 227 305 230 92 161 191 320 86 141 184 133 23 141 186 142 63 100 132 207
21 100000 79 15 20 92 50 97 92 46 6 37 28 32 54 11 13 57 31 64 63 31 4 100000 20 22
22 487 87 55 238 240 117 231 56 118 102 193 97 84 58 34 167 154 79 139 37 77 63 121 60 54
23 743 189 329 507 100 111 290 387 99 337 480 423 72 124 215 322 70 70 190 263 60 225 301 285 44
24 698 463 182 103 251 445 118 242 380 479 354 341 153 299 112 69 176 274 79 159 255 325 214 207 96
25 529 201 159 221 241 341 84 191 286 94 158 56 42 126 104 140 160 218 56 118 174 61 108 35 27
26 1192 532 476 305 205 696 130 399 730 394 29 139 743 361 314 199 133 443 91 267 480 243 20 94 462
27 100000 142 171 17 78 137 130 28 130 71 338 383 361 100 112 100000 100000 100000 90 18 100000 45 100000 259 100000
28 100000 68 58 234 262 209 167 146 65 42 201 193 301 42 39 151 174 130 115 91 100000 26 126 131 206
29 585 152 329 254 178 338 203 109 95 368 126 360 330 98 212 176 112 222 135 71 62 222 88 251 226
30 100000 200 36 216 195 188 109 221 106 110 105 153 139 100000 23 136 136 100000 68 151 71 67 65 100 100000
31 354 50 209 65 30 186 235 235 220 201 219 97 224 34 127 40 20 118 142 162 140 132 138 60 140
32 100000 115 128 22 154 50 157 55 181 115 181 152 106 74 79 100000 100000 100000 98 38 115 73 124 94 69
<posture of tasks>
1 0
2 0
3 1
4 1
5 1
6 1
7 1
8 1
9 1
10 1
11 1
12 1
13 1
14 1
15 1
16 1
17 1
18 1
19 1
20 1
21 0
22 0
23 1
24 1
25 1
26 1
27 1
28 1
29 1
30 1
31 1
32 1
<max energy cosumption of alternatives>
1 100000.00
2 4.30
3 5.07
4 4.81
5 3.29
6 2.96
7 4.98
8 4.47
9 2.97
10 5.18
11 5.42
12 3.02
13 2.86
<energy cosumption of alternatives>
1 100000.00 1.15 5.17 7.79 4.88 8.38 12.03 3.35 7.82 2.47 9.18 2.14 6.66 0.24 1.66 1.80 100000.00 1.79 7.87 1.53 2.81 1.51 2.61 0.50 3.68
2 100000.00 6.42 2.78 3.12 4.46 1.52 4.54 5.37 2.22 3.65 4.95 1.04 1.80 100000.00 100000.00 1.17 2.98 100000.00 0.93 100000.00 100000.00 1.47 100000.00 0.27 0.81
3 100000.00 8.17 14.95 14.28 12.15 4.77 16.07 3.88 7.59 10.57 9.57 10.99 4.25 2.42 3.42 9.66 3.88 1.60 5.58 1.40 5.12 4.58 4.93 7.46 2.61
4 100000.00 30.38 44.89 36.86 31.75 35.53 10.75 41.09 35.24 36.50 44.21 4.34 4.52 100000.00 100000.00 100000.00 20.09 100000.00 4.78 9.57 100000.00 14.56 13.51 1.31 100000.00
5 100000.00 4.15 4.59 11.69 7.72 9.37 9.52 5.69 6.79 2.31 4.21 0.55 7.71 2.24 2.34 6.59 1.85 2.65 3.89 1.35 1.95 0.56 1.80 0.18 3.41
6 100000.00 4.17 6.45 3.53 5.15 1.96 5.06 2.18 0.08 2.18 2.52 3.41 0.63 100000.00 100000.00 1.44 100000.00 100000.00 2.12 0.52 0.02 0.49 100000.00 100000.00 0.30
7 100000.00 4.63 1.96 7.02 1.04 0.67 2.81 6.90 4.30 6.17 7.12 0.43 5.80 100000.00 0.58 2.49 100000.00 100000.00 100000.00 2.12 100000.00 3.44 2.95 0.26 3.73
8 100000.00 9.31 13.62 14.11 9.42 7.36 2.97 11.60 12.83 1.38 14.92 3.14 1.82 4.29 8.39 6.14 2.70 3.00 0.60 7.99 8.52 0.32 5.51 1.02 0.79
9 100000.00 13.10 18.97 8.77 2.83 7.76 7.37 14.34 9.76 0.32 2.47 13.33 10.04 6.52 7.60 6.09 1.83 4.41 4.01 9.99 2.30 0.17 0.84 5.51 4.19
10 100000.00 10.52 10.89 8.18 10.40 7.19 14.01 9.56 5.75 8.99 0.48 3.70 13.82 2.61 7.61 4.49 6.74 3.97 7.44 2.59 2.88 6.24 0.30 2.19 8.26
11 100000.00 6.50 4.10 9.71 0.97 8.40 11.83 1.22 8.52 12.70 7.47 0.63 4.03 2.60 0.91 1.95 0.38 4.61 2.38 0.50 4.51 6.15 4.68 0.17 2.43
12 100000.00 2.89 0.35 2.98 4.79 2.12 2.63 1.96 2.43 0.26 3.19 0.87 1.50 100000.00 0.24 1.50 100000.00 100000.00 0.68 0.99 100000.00 0.08 1.05 0.57 0.85
13 100000.00 14.81 4.59 8.13 2.17 9.33 2.70 12.30 12.13 14.43 4.35 9.25 8.44 7.38 1.82 3.11 1.03 5.56 1.65 4.84 8.02 3.65 2.82 6.03 5.49
14 100000.00 2.89 4.40 1.21 4.36 0.53 1.27 1.06 1.84 1.99 1.09 2.66 5.07 1.86 1.37 0.55 1.36 0.25 0.61 0.59 0.96 1.20 0.25 0.68 1.59
15 100000.00 13.84 5.01 5.40 10.11 7.50 9.86 11.28 8.80 6.10 13.21 3.95 10.05 9.45 1.46 2.08 4.07 3.12 4.69 3.18 4.60 4.14 3.66 2.30 4.24
16 100000.00 15.27 16.68 17.99 3.88 9.82 7.81 1.37 5.87 16.95 11.29 7.64 10.90 9.03 5.65 5.43 1.20 100000.00 5.04 0.36 3.71 3.71 7.66 100000.00 100000.00
17 100000.00 17.75 0.85 14.47 4.91 4.65 10.33 5.61 8.11 9.71 19.11 9.72 0.10 9.43 0.36 3.48 2.50 2.67 4.44 3.21 4.11 2.12 7.64 6.38 0.04
18 100000.00 18.32 8.70 0.53 2.34 15.42 4.93 14.81 7.56 12.50 15.36 13.01 6.65 8.42 2.84 0.24 1.46 4.79 1.78 4.71 2.52 3.00 3.87 4.12 4.54
19 100000.00 0.66 7.45 5.64 6.00 3.26 11.35 2.67 9.11 7.88 8.36 4.44 0.27 100000.00 3.51 100000.00 3.27 0.79 7.91 0.97 5.82 1.66 2.19 100000.00 0.19
20 100000.00 4.37 6.92 9.91 4.98 0.90 7.72 10.24 6.37 3.01 5.37 5.07 8.55 1.15 3.35 5.24 2.78 0.51 2.33 2.83 1.52 1.20 1.32 2.62 3.81
21 100000.00 2.06 0.39 0.50 1.92 1.02 2.59 2.45 0.99 0.18 0.99 0.62 0.69 0.56 0.09 0.30 0.79 0.67 1.07 0.94 0.44 0.07 100000.00 0.15 0.25
22 100000.00 2.36 1.44 6.39 5.02 2.47 6.32 1.54 2.64 2.65 5.24 2.07 1.84 1.40 0.80 3.28 1.33 1.28 3.51 0.98 1.49 1.13 1.96 1.20 0.98
23 100000.00 6.33 10.73 17.04 2.64 2.95 9.89 13.03 2.76 11.03 16.16 11.40 1.93 3.79 3.13 10.05 1.32 1.25 2.47 5.60 1.01 2.99 8.49 2.60 1.08
24 100000.00 15.36 5.87 3.41 6.54 11.59 3.97 8.03 10.42 15.46 11.73 9.03 4.05 10.31 3.95 1.11 2.97 4.52 2.16 5.44 6.03 10.25 6.47 4.85 2.23
25 100000.00 6.94 5.31 7.67 6.50 9.25 2.98 6.55 8.19 3.16 5.43 1.57 1.15 2.94 2.21 2.39 4.32 4.45 1.73 4.55 4.20 1.87 2.69 0.99 0.48
26 100000.00 18.30 15.93 10.53 5.55 18.85 4.51 13.73 20.83 13.19 1.02 3.87 20.51 5.71 10.31 2.57 1.59 13.17 2.40 4.78 10.18 9.15 0.23 2.17 9.52
27 100000.00 4.69 5.50 0.55 2.00 3.51 4.34 0.93 3.53 2.28 11.18 10.03 9.48 1.01 3.01 100000.00 100000.00 100000.00 1.10 0.42 100000.00 0.79 100000.00 6.23 100000.00
28 100000.00 2.34 1.97 8.03 7.06 5.62 5.86 5.02 1.87 1.40 6.91 5.34 8.22 1.63 0.72 2.62 3.30 3.36 3.75 1.59 100000.00 0.50 3.05 2.74 3.23
29 100000.00 5.23 10.96 8.76 4.82 9.16 7.10 3.70 2.72 12.31 4.33 9.97 9.09 3.01 3.05 5.86 1.10 5.89 4.47 0.80 1.77 8.30 1.88 3.24 2.75
30 100000.00 6.75 1.19 7.26 5.14 4.92 3.69 7.48 2.92 3.60 3.51 4.09 3.75 100000.00 0.79 1.64 2.03 100000.00 0.78 1.70 1.18 1.56 2.14 1.14 100000.00
31 100000.00 1.61 6.65 2.14 0.78 4.73 7.80 7.69 5.93 6.41 7.16 2.52 5.85 0.94 2.92 0.60 0.41 1.77 2.72 2.01 2.77 2.50 4.21 1.27 1.93
32 100000.00 3.91 4.21 0.71 4.09 1.31 5.38 1.85 5.07 3.82 6.15 4.11 2.84 0.89 1.17 100000.00 100000.00 100000.00 1.44 0.80 2.94 2.39 2.58 1.00 1.91
<task rigidity>
1 5
2 2
3 4
4 6
5 6
6 8
7 1
8 3
9 2
10 5
11 4
12 9
13 6
14 3
15 6
16 6
17 3
18 8
19 5
20 4
21 8
22 5
23 2
24 10
25 8
26 1
27 2
28 2
29 1
30 2
31 1
32 5
<precedence relations>
1,5
2,6
3,9
4,15
5,6
6,7
6,8
6,9
7,21
8,21
9,10
9,11
10,16
11,12
12,13
13,14
13,15
14,16
14,17
15,17
16,18
17,19
18,21
19,20
20,21
21,22
21,23
21,24
22,25
23,32
24,32
25,26
26,27
27,28
28,29
29,30
30,31
31,32
<end>