<number of tasks>
32
<number of stations>
9
<number of workers>
9
<type of the robots>
1
<limit of the robots>
5
<task times>
1 100000 150 228 317 331 204 213 303 327 274 92 150 100000 201 100000 130 100000 202 100000
2 100000 253 99 145 106 191 73 22 256 169 156 61 98 64 129 48 16 100000 108
3 100000 362 65 13 339 307 512 309 205 74 100000 46 9 223 100000 350 203 130 51
4 1949 1002 726 1079 399 1204 628 140 363 636 606 451 699 257 841 395 91 222 420
5 100000 310 66 84 78 325 288 38 332 222 100000 45 56 47 200 100000 100000 230 152
6 100000 138 2 139 53 138 123 34 52 50 93 100000 84 35 100000 82 100000 36 31
7 297 192 125 168 1 49 22 173 170 131 123 76 109 1 32 16 110 104 90
8 631 411 335 79 3 261 20 68 143 132 254 213 49 3 159 14 45 91 87
9 100000 642 35 163 114 571 567 431 394 84 100000 22 114 75 357 382 275 268 55
10 708 244 121 31 81 181 287 42 484 222 156 78 20 51 125 179 29 308 135
11 531 381 259 174 140 326 390 397 162 138 240 168 121 98 209 267 275 111 96
12 356 184 155 183 120 17 92 79 149 1 120 106 118 80 11 62 51 94 1
13 733 256 136 73 54 239 415 461 484 245 155 89 48 34 149 263 303 317 157
14 281 22 164 181 182 190 174 33 173 116 15 107 127 113 123 122 20 114 78
15 100000 294 44 47 139 319 266 128 339 299 197 29 100000 100000 199 173 100000 204 198
16 915 68 58 113 238 421 148 197 303 438 47 36 80 159 255 91 126 190 302
17 844 289 269 51 578 406 214 469 501 321 198 176 34 354 272 134 288 324 199
18 100000 633 657 493 593 405 382 342 201 36 100000 399 337 100000 247 256 216 126 25
19 438 168 223 246 276 11 292 326 264 20 103 135 152 178 8 199 202 183 14
20 428 86 192 75 247 119 268 8 314 297 53 121 46 170 79 183 6 203 184
21 133 66 96 85 9 97 81 36 58 79 44 66 53 7 59 54 26 41 53
22 483 60 311 290 324 55 278 302 37 193 38 205 198 218 34 179 211 25 124
23 100000 220 94 348 315 330 180 112 455 139 153 59 223 100000 218 109 75 319 87
24 100000 161 136 129 392 388 119 448 260 229 111 83 100000 255 263 74 270 100000 147
25 527 325 206 23 337 106 359 264 209 134 217 141 15 207 68 216 174 139 84
26 1168 223 5 39 24 789 334 758 733 768 144 4 25 17 541 230 499 512 528
27 534 164 9 298 304 25 31 133 315 373 107 6 200 211 17 21 84 219 232
28 100000 49 95 263 271 261 236 319 59 335 100000 66 162 170 168 150 100000 39 219
29 578 350 118 313 273 414 245 425 271 107 226 82 201 173 250 169 260 185 73
30 100000 72 217 48 129 70 99 3 120 153 50 152 29 100000 48 100000 2 79 100000
31 360 248 45 74 10 83 192 52 247 257 154 31 49 7 54 116 34 154 179
32 100000 191 55 114 133 60 177 110 108 84 118 36 100000 88 38 123 67 100000 100000
<posture of tasks>
1 0
2 1
3 0
4 1
5 0
6 0
7 1
8 0
9 0
10 0
11 1
12 1
13 1
14 1
15 1
16 1
17 1
18 1
19 1
20 0
21 1
22 0
23 1
24 1
25 0
26 1
27 0
28 1
29 1
30 1
31 0
32 1
<max energy cosumption of alternatives>
1 100000.00
2 2.14
3 2.52
4 5.10
5 2.59
6 4.94
7 5.29
8 5.52
9 2.13
10 2.51
<energy cosumption of alternatives>
1 100000.00 3.14 4.85 8.61 7.07 5.64 5.85 8.41 6.77 6.11 1.38 1.11 100000.00 2.07 100000.00 3.70 100000.00 3.74 100000.00
2 100000.00 6.69 2.65 4.95 2.84 6.57 2.51 0.74 6.78 4.81 4.32 1.64 2.76 0.70 4.08 0.82 0.52 100000.00 1.64
3 100000.00 7.39 1.35 0.34 7.04 8.31 13.81 8.36 4.18 1.61 100000.00 0.43 0.19 1.44 100000.00 5.82 2.65 0.90 0.77
4 100000.00 26.34 19.44 36.81 10.68 41.65 21.71 4.88 9.56 18.01 18.41 9.20 16.34 3.28 17.26 10.57 2.38 4.11 6.39
5 100000.00 6.47 1.41 2.31 1.64 8.94 7.95 1.05 6.95 5.03 100000.00 0.47 0.95 0.34 5.07 100000.00 100000.00 2.17 1.16
6 100000.00 2.73 0.06 3.65 1.03 3.67 3.26 0.90 0.99 1.03 0.63 100000.00 1.92 0.53 100000.00 2.06 100000.00 0.34 0.28
7 100000.00 4.93 3.27 5.65 0.04 1.64 0.73 5.89 4.40 3.62 3.26 1.27 2.53 0.02 0.83 0.43 1.64 3.00 2.46
8 100000.00 8.15 6.81 2.03 0.09 6.95 0.52 1.81 2.86 2.82 4.35 1.55 0.72 0.06 3.06 0.25 0.60 0.89 1.51
9 100000.00 12.94 0.74 4.27 2.37 15.29 15.20 11.54 7.95 1.87 100000.00 0.39 1.90 0.89 6.77 10.09 3.45 3.53 0.62
10 100000.00 4.91 2.49 0.85 1.64 4.84 7.67 1.13 9.77 4.87 3.41 0.60 0.57 0.74 3.21 4.45 0.71 5.11 3.13
11 100000.00 9.98 6.91 5.91 3.76 11.20 13.45 13.67 4.23 3.94 3.44 4.64 4.02 2.13 6.18 5.86 8.56 1.60 0.83
12 100000.00 4.92 4.22 6.34 3.30 0.57 3.24 2.73 4.00 0.06 1.13 2.50 2.05 1.46 0.26 1.71 1.54 2.28 0.01
13 100000.00 6.53 3.50 2.42 1.38 8.05 14.04 15.57 12.34 6.71 4.39 1.65 1.20 0.51 1.79 3.35 7.28 4.15 1.78
14 100000.00 0.55 4.40 6.24 4.91 6.60 6.09 1.17 4.61 3.33 0.38 2.38 1.42 3.23 1.91 2.83 0.78 2.95 1.15
15 100000.00 7.64 1.16 1.57 3.71 10.95 9.14 4.39 8.83 8.36 1.53 0.67 100000.00 100000.00 6.91 1.96 100000.00 3.06 3.85
16 100000.00 1.81 1.59 3.89 6.40 14.67 5.15 6.87 8.05 12.42 1.14 1.04 1.94 1.39 8.80 3.55 3.75 4.85 6.28
17 100000.00 7.44 7.04 1.68 15.20 13.80 7.25 15.99 12.93 8.89 1.55 1.42 0.66 6.91 9.52 4.08 8.19 2.90 4.64
18 100000.00 16.29 17.18 16.53 15.52 13.79 13.00 11.67 5.18 1.01 100000.00 6.22 4.36 100000.00 6.43 7.19 6.76 2.03 0.58
19 100000.00 4.25 5.75 8.09 7.12 0.36 9.75 10.89 6.66 0.53 0.88 3.00 1.93 4.11 0.21 4.05 5.10 3.16 0.36
20 100000.00 1.66 3.76 1.90 4.84 3.08 6.93 0.21 6.06 6.18 0.93 1.31 0.91 1.21 0.78 2.17 0.12 3.68 3.13
21 100000.00 1.76 2.61 2.95 0.27 3.38 2.80 1.26 1.58 2.22 0.72 0.79 1.34 0.08 1.88 1.36 0.79 1.03 0.69
22 100000.00 1.20 6.25 7.55 6.48 1.44 7.37 7.97 0.73 4.12 0.76 3.61 1.59 2.94 0.74 2.00 3.96 0.20 0.91
23 100000.00 5.60 2.44 11.60 8.19 11.17 6.10 3.81 11.60 3.83 3.62 0.87 5.21 100000.00 2.41 4.09 2.60 7.35 1.93
24 100000.00 4.12 3.54 4.32 10.31 13.26 4.05 15.30 6.69 6.35 2.85 2.05 100000.00 6.95 3.33 2.53 6.40 100000.00 2.40
25 100000.00 6.41 4.16 0.56 6.80 2.79 9.55 7.01 4.13 2.84 4.27 2.13 0.28 3.99 1.92 2.23 3.32 2.01 1.52
26 100000.00 5.81 0.14 1.32 0.60 27.00 11.45 25.94 19.03 21.45 2.57 0.08 0.27 0.21 6.80 5.16 5.24 12.65 13.57
27 100000.00 3.32 0.21 7.97 6.41 0.65 0.87 3.59 6.47 8.24 1.36 0.12 4.94 2.67 0.30 0.26 1.83 1.40 3.36
28 100000.00 1.28 2.59 9.04 7.33 9.12 8.22 11.12 1.61 9.62 100000.00 1.58 5.76 3.53 3.22 4.11 100000.00 0.46 5.94
29 100000.00 9.02 3.12 10.53 7.15 14.14 8.33 14.50 6.97 2.95 4.35 1.01 7.19 3.59 6.03 2.70 6.02 3.10 1.31
30 100000.00 1.86 5.67 1.59 3.39 2.38 3.36 0.13 3.11 4.24 1.07 3.76 0.44 100000.00 1.67 100000.00 0.07 1.54 100000.00
31 100000.00 4.90 0.90 1.90 0.20 2.22 5.03 1.34 4.83 5.47 2.53 0.21 0.42 0.14 1.19 3.11 0.70 2.90 2.66
32 100000.00 4.88 1.44 3.81 3.47 2.06 5.98 3.71 2.74 2.36 1.60 0.60 100000.00 1.84 1.38 3.85 1.76 100000.00 100000.00
<task rigidity>
1 6
2 10
3 6
4 3
5 4
6 6
7 1
8 10
9 9
10 6
11 10
12 3
13 3
14 4
15 8
16 5
17 6
18 4
19 6
20 9
21 5
22 2
23 6
24 10
25 2
26 10
27 6
28 6
29 6
30 2
31 9
32 6
<precedence relations>
1,5
2,6
3,9
4,15
5,6
6,7
6,8
6,9
7,21
8,21
9,10
9,11
10,16
11,12
12,13
13,14
13,15
14,16
14,17
15,17
16,18
17,19
18,21
19,20
20,21
21,22
21,23
21,24
22,25
23,32
24,32
25,26
26,27
27,28
28,29
29,30
30,31
31,32
<end>