<number of tasks>
35
<number of stations>
15
<number of workers>
15
<type of the robots>
1
<limit of the robots>
7
<task times>
1 39 6 14 2 25 16 29 23 17 12 21 19 21 9 21 4 5 10 2 18 10 19 15 12 9 14 13 14 7 15 3
2 100000 3 1 3 3 2 1 2 3 2 2 1 2 3 1 1 3 1 2 2 2 100000 100000 3 2 2 1 100000 100000 1 100000
3 6 3 5 5 1 1 1 3 1 5 2 5 4 1 2 5 2 4 4 1 1 1 3 1 4 2 4 3 1 2 4
4 29 11 22 6 10 19 17 18 12 7 13 16 20 2 1 15 7 14 5 7 12 11 12 9 5 9 11 14 2 1 10
5 100000 5 5 5 1 6 4 3 4 3 6 2 2 3 4 1 4 4 100000 100000 5 3 2 3 3 5 100000 2 2 3 1
6 100000 10 11 3 13 6 6 1 8 9 11 3 12 8 9 4 7 7 2 100000 4 100000 1 6 6 100000 3 8 5 100000 3
7 2 2 2 2 2 1 2 1 2 2 2 1 1 2 1 2 2 2 2 2 1 2 1 2 2 2 1 1 2 1 2
8 100000 2 5 1 3 2 2 3 4 5 4 4 5 1 4 2 100000 4 100000 2 2 100000 3 3 4 3 3 100000 100000 3 2
9 28 19 14 20 10 8 15 15 7 17 13 19 3 18 10 14 13 10 14 7 6 11 11 5 11 9 13 3 12 7 10
10 40 20 30 2 20 1 12 14 12 12 29 5 26 5 15 26 13 21 2 13 1 8 9 8 9 20 4 18 4 10 17
11 29 18 21 14 15 12 22 10 18 21 13 9 19 20 11 18 13 14 10 11 9 14 7 12 14 9 6 12 14 8 13
12 100000 22 1 14 17 22 18 2 6 6 25 12 25 23 2 16 100000 1 10 11 14 13 2 5 5 100000 9 100000 15 2 11
13 29 13 15 5 22 19 18 7 20 20 14 15 8 2 9 10 9 10 4 15 14 13 5 13 13 10 11 6 2 7 7
14 100000 2 2 2 1 1 2 2 2 2 2 2 1 2 1 2 2 100000 2 1 1 2 2 100000 100000 2 100000 1 100000 1 100000
15 25 5 16 1 9 12 4 7 9 17 17 2 9 3 6 10 4 12 1 7 9 3 5 7 11 12 2 7 3 5 7
16 100000 4 22 26 29 10 2 21 8 14 6 7 10 24 2 6 100000 100000 100000 19 7 2 15 100000 10 4 100000 7 100000 2 4
17 2 1 2 1 1 2 2 2 1 2 1 1 2 2 2 1 1 2 1 1 2 2 2 1 2 1 1 2 2 2 1
18 100000 1 2 2 2 2 1 2 2 1 1 2 1 2 1 2 1 2 100000 2 100000 100000 2 100000 100000 1 2 1 2 100000 2
19 100000 17 1 6 17 17 1 10 17 6 8 17 10 6 5 12 100000 1 100000 100000 11 100000 7 100000 100000 6 12 7 100000 4 8
20 100000 16 24 21 6 29 19 7 23 11 14 20 16 15 27 5 11 17 13 5 18 100000 5 15 100000 9 100000 100000 10 100000 4
21 8 2 3 4 2 4 3 5 6 6 6 3 3 3 4 3 2 3 3 2 3 2 4 5 4 4 2 3 3 3 3
22 100000 8 9 7 10 1 4 10 6 8 2 7 2 1 7 6 6 100000 100000 7 1 3 100000 4 6 100000 5 2 1 5 4
23 100000 10 12 9 4 9 8 11 15 1 9 4 15 8 6 8 7 8 6 3 6 6 100000 100000 1 100000 3 11 5 4 100000
24 100000 21 16 5 14 23 18 13 18 3 12 21 2 14 3 13 14 11 4 9 100000 13 100000 12 2 9 14 100000 9 100000 9
25 7 4 3 3 2 3 5 1 5 2 2 5 3 3 4 2 3 3 3 2 2 4 1 4 2 2 4 2 3 3 2
26 100000 4 5 1 3 4 4 3 2 5 2 5 5 4 2 4 3 100000 1 2 3 3 100000 2 4 100000 100000 4 100000 2 100000
27 100000 4 2 3 3 5 1 1 2 4 1 1 2 1 2 5 100000 2 2 3 4 1 1 2 100000 100000 1 100000 1 2 4
28 100000 24 14 4 12 32 20 13 39 14 33 24 19 8 14 15 17 10 100000 8 100000 14 8 100000 100000 100000 17 14 6 10 10
29 2 1 2 2 1 2 2 2 1 1 2 1 1 2 1 2 1 2 2 1 2 2 2 1 1 2 1 1 2 1 2
30 7 2 5 3 5 2 2 2 2 4 1 1 4 5 3 2 2 4 2 4 2 2 2 2 3 1 1 3 4 2 2
31 6 2 1 4 5 1 5 2 1 4 1 2 1 3 4 4 2 1 3 4 1 4 2 1 3 1 2 1 3 3 3
32 100000 1 1 1 1 1 1 1 1 1 1 1 1 1 1 1 1 1 1 100000 1 1 1 100000 1 1 1 1 100000 1 1
33 56 29 10 19 15 5 8 18 33 21 25 12 6 13 32 16 19 7 12 10 4 5 12 21 15 16 8 5 9 21 12
34 2 2 1 2 2 1 1 1 2 2 1 2 2 2 2 1 2 1 2 2 1 1 1 2 2 1 2 2 2 2 1
35 2 1 1 2 2 1 1 1 1 2 1 1 2 1 2 1 1 1 2 2 1 1 1 1 2 1 1 2 1 2 1
<posture of tasks>
1 1
2 1
3 1
4 1
5 1
6 1
7 1
8 1
9 1
10 0
11 1
12 1
13 0
14 0
15 1
16 1
17 1
18 1
19 1
20 1
21 1
22 1
23 1
24 1
25 0
26 1
27 1
28 0
29 1
30 1
31 1
32 1
33 1
34 1
35 1
<max energy cosumption of alternatives>
1 100000.00
2 4.96
3 2.91
4 4.38
5 5.25
6 4.64
7 3.20
8 5.30
9 2.73
10 3.17
11 2.28
12 2.50
13 2.18
14 4.92
15 2.28
16 4.47
<energy cosumption of alternatives>
1 100000.00 0.23 0.39 0.11 0.86 0.56 0.80 0.74 0.45 0.33 0.52 0.49 0.55 0.32 0.55 0.17 0.07 0.16 0.04 0.42 0.35 0.34 0.42 0.26 0.22 0.24 0.19 0.35 0.21 0.33 0.05
2 100000.00 0.13 0.05 0.13 0.13 0.10 0.05 0.10 0.11 0.08 0.08 0.05 0.08 0.13 0.05 0.07 0.04 0.02 0.03 0.05 0.04 100000.00 100000.00 0.03 0.05 0.03 0.02 100000.00 100000.00 0.02 100000.00
3 100000.00 0.14 0.17 0.20 0.07 0.07 0.05 0.13 0.05 0.17 0.08 0.14 0.14 0.07 0.08 0.20 0.08 0.11 0.11 0.05 0.02 0.03 0.09 0.01 0.09 0.03 0.04 0.06 0.04 0.04 0.05
4 100000.00 0.38 0.58 0.23 0.35 0.65 0.45 0.59 0.33 0.21 0.34 0.43 0.54 0.11 0.06 0.51 0.14 0.30 0.13 0.08 0.34 0.16 0.32 0.15 0.11 0.14 0.18 0.28 0.03 0.02 0.28
5 100000.00 0.19 0.17 0.19 0.07 0.23 0.14 0.13 0.14 0.11 0.17 0.08 0.08 0.13 0.14 0.07 0.09 0.09 100000.00 100000.00 0.10 0.06 0.06 0.06 0.04 0.05 100000.00 0.06 0.04 0.08 0.05
6 100000.00 0.33 0.28 0.12 0.45 0.21 0.15 0.06 0.21 0.24 0.28 0.09 0.31 0.27 0.24 0.15 0.21 0.16 0.06 100000.00 0.05 100000.00 0.01 0.07 0.06 100000.00 0.02 0.16 0.09 100000.00 0.03
7 100000.00 0.10 0.07 0.10 0.10 0.07 0.07 0.07 0.07 0.08 0.07 0.05 0.05 0.10 0.05 0.10 0.03 0.05 0.05 0.05 0.02 0.03 0.05 0.04 0.03 0.04 0.03 0.02 0.05 0.02 0.05
8 100000.00 0.11 0.17 0.07 0.14 0.11 0.09 0.14 0.14 0.17 0.14 0.14 0.17 0.08 0.14 0.11 100000.00 0.06 100000.00 0.03 0.03 100000.00 0.06 0.10 0.10 0.08 0.07 100000.00 100000.00 0.07 0.06
9 100000.00 0.61 0.37 0.64 0.34 0.28 0.38 0.49 0.19 0.44 0.32 0.47 0.10 0.61 0.28 0.46 0.43 0.08 0.39 0.13 0.07 0.09 0.28 0.13 0.15 0.15 0.22 0.07 0.30 0.09 0.15
10 100000.00 0.51 0.64 0.08 0.51 0.05 0.24 0.35 0.24 0.24 0.57 0.10 0.49 0.15 0.31 0.65 0.11 0.20 0.03 0.13 0.03 0.05 0.07 0.09 0.07 0.25 0.04 0.23 0.07 0.18 0.32
11 100000.00 0.60 0.55 0.47 0.53 0.42 0.55 0.35 0.46 0.57 0.33 0.27 0.51 0.68 0.30 0.60 0.13 0.37 0.11 0.24 0.13 0.19 0.11 0.13 0.15 0.16 0.18 0.33 0.18 0.12 0.21
12 100000.00 0.72 0.03 0.45 0.57 0.73 0.43 0.09 0.16 0.16 0.59 0.31 0.64 0.76 0.06 0.52 100000.00 0.01 0.12 0.13 0.46 0.30 0.03 0.05 0.10 100000.00 0.09 100000.00 0.24 0.04 0.22
13 100000.00 0.33 0.31 0.14 0.56 0.49 0.33 0.19 0.37 0.40 0.26 0.28 0.17 0.08 0.19 0.26 0.15 0.18 0.05 0.38 0.26 0.18 0.10 0.14 0.24 0.15 0.13 0.04 0.05 0.06 0.09
14 100000.00 0.08 0.06 0.08 0.06 0.06 0.06 0.08 0.06 0.06 0.06 0.06 0.04 0.08 0.04 0.08 0.05 100000.00 0.03 0.04 0.03 0.04 0.02 100000.00 100000.00 0.03 100000.00 0.02 100000.00 0.01 100000.00
15 100000.00 0.18 0.41 0.06 0.31 0.40 0.13 0.24 0.23 0.44 0.41 0.07 0.25 0.12 0.16 0.34 0.06 0.20 0.04 0.11 0.15 0.04 0.05 0.10 0.20 0.14 0.02 0.13 0.06 0.11 0.11
16 100000.00 0.15 0.55 0.82 1.02 0.33 0.06 0.66 0.21 0.37 0.15 0.18 0.27 0.79 0.06 0.21 100000.00 100000.00 100000.00 0.35 0.22 0.03 0.36 100000.00 0.09 0.06 100000.00 0.17 100000.00 0.02 0.14
17 100000.00 0.08 0.09 0.08 0.08 0.11 0.09 0.11 0.06 0.09 0.06 0.06 0.09 0.11 0.09 0.08 0.04 0.06 0.04 0.06 0.08 0.04 0.03 0.02 0.06 0.03 0.02 0.03 0.07 0.03 0.03
18 100000.00 0.07 0.08 0.10 0.10 0.10 0.05 0.10 0.08 0.05 0.05 0.08 0.05 0.10 0.05 0.10 0.04 0.02 100000.00 0.05 100000.00 100000.00 0.06 100000.00 100000.00 0.03 0.03 0.02 0.04 100000.00 0.05
19 100000.00 0.56 0.05 0.22 0.58 0.58 0.05 0.34 0.44 0.17 0.23 0.44 0.29 0.22 0.16 0.40 100000.00 0.02 100000.00 100000.00 0.34 100000.00 0.08 100000.00 100000.00 0.13 0.22 0.15 100000.00 0.11 0.23
20 100000.00 0.54 0.64 0.69 0.23 1.05 0.49 0.26 0.58 0.30 0.36 0.52 0.43 0.53 0.70 0.20 0.30 0.19 0.21 0.06 0.25 100000.00 0.07 0.36 100000.00 0.19 100000.00 100000.00 0.17 100000.00 0.06
21 100000.00 0.10 0.10 0.16 0.10 0.16 0.10 0.19 0.16 0.17 0.16 0.10 0.10 0.13 0.13 0.13 0.03 0.02 0.04 0.07 0.10 0.05 0.05 0.10 0.05 0.03 0.06 0.07 0.05 0.08 0.06
22 100000.00 0.29 0.27 0.26 0.35 0.07 0.14 0.35 0.18 0.24 0.08 0.21 0.08 0.07 0.21 0.23 0.18 100000.00 100000.00 0.16 0.04 0.08 100000.00 0.04 0.10 100000.00 0.12 0.05 0.02 0.05 0.07
23 100000.00 0.35 0.33 0.32 0.17 0.32 0.24 0.38 0.39 0.06 0.24 0.14 0.42 0.29 0.18 0.29 0.15 0.15 0.21 0.08 0.19 0.16 100000.00 100000.00 0.02 100000.00 0.03 0.13 0.09 0.09 100000.00
24 100000.00 0.71 0.42 0.20 0.50 0.77 0.45 0.44 0.45 0.11 0.32 0.54 0.08 0.47 0.11 0.44 0.43 0.21 0.06 0.13 100000.00 0.22 100000.00 0.16 0.05 0.09 0.11 100000.00 0.13 100000.00 0.20
25 100000.00 0.13 0.09 0.10 0.08 0.10 0.11 0.06 0.11 0.06 0.06 0.11 0.09 0.10 0.11 0.08 0.07 0.05 0.06 0.05 0.05 0.04 0.03 0.04 0.04 0.02 0.07 0.05 0.07 0.03 0.03
26 100000.00 0.17 0.17 0.07 0.14 0.17 0.14 0.13 0.08 0.17 0.08 0.15 0.17 0.17 0.08 0.17 0.06 100000.00 0.04 0.05 0.06 0.04 100000.00 0.03 0.10 100000.00 100000.00 0.09 100000.00 0.05 100000.00
27 100000.00 0.16 0.07 0.13 0.13 0.19 0.04 0.06 0.07 0.13 0.04 0.04 0.07 0.07 0.07 0.19 100000.00 0.04 0.06 0.04 0.04 0.03 0.02 0.03 100000.00 100000.00 0.03 100000.00 0.03 0.02 0.07
28 100000.00 0.62 0.30 0.14 0.34 0.90 0.39 0.34 0.79 0.30 0.67 0.46 0.39 0.23 0.30 0.39 0.37 0.10 100000.00 0.20 100000.00 0.12 0.22 100000.00 100000.00 100000.00 0.28 0.27 0.14 0.10 0.09
29 100000.00 0.06 0.06 0.09 0.06 0.09 0.06 0.09 0.03 0.03 0.06 0.03 0.03 0.09 0.03 0.09 0.04 0.04 0.05 0.01 0.02 0.03 0.03 0.01 0.01 0.02 0.01 0.02 0.05 0.01 0.06
30 100000.00 0.11 0.18 0.14 0.20 0.11 0.09 0.11 0.09 0.15 0.06 0.06 0.15 0.20 0.12 0.11 0.07 0.06 0.03 0.05 0.07 0.05 0.07 0.03 0.04 0.01 0.04 0.09 0.12 0.08 0.07
31 100000.00 0.10 0.04 0.16 0.19 0.07 0.14 0.10 0.04 0.13 0.04 0.07 0.04 0.13 0.13 0.16 0.03 0.03 0.06 0.05 0.03 0.06 0.06 0.02 0.05 0.02 0.03 0.03 0.04 0.06 0.04
32 100000.00 0.08 0.06 0.08 0.08 0.08 0.06 0.08 0.06 0.06 0.06 0.06 0.06 0.08 0.06 0.08 0.02 0.04 0.05 100000.00 0.04 0.04 0.02 100000.00 0.03 0.03 0.01 0.02 100000.00 0.04 0.04
33 100000.00 1.01 0.28 0.61 0.52 0.19 0.22 0.58 0.86 0.56 0.59 0.31 0.16 0.43 0.86 0.52 0.59 0.14 0.34 0.18 0.06 0.06 0.23 0.18 0.36 0.16 0.16 0.04 0.27 0.57 0.24
34 100000.00 0.10 0.05 0.10 0.10 0.07 0.05 0.07 0.08 0.08 0.05 0.08 0.08 0.10 0.08 0.07 0.05 0.02 0.06 0.06 0.03 0.02 0.03 0.02 0.05 0.03 0.04 0.05 0.07 0.02 0.04
35 100000.00 0.07 0.05 0.10 0.10 0.07 0.05 0.07 0.05 0.08 0.05 0.05 0.08 0.07 0.08 0.07 0.04 0.03 0.07 0.03 0.03 0.04 0.03 0.02 0.04 0.03 0.01 0.02 0.04 0.04 0.04
<task rigidity>
1 7
2 9
3 3
4 9
5 8
6 7
7 4
8 6
9 2
10 1
11 9
12 7
13 1
14 6
15 3
16 3
17 3
18 3
19 7
20 3
21 4
22 7
23 4
24 5
25 7
26 1
27 6
28 4
29 2
30 9
31 6
32 6
33 7
34 10
35 4
<precedence relations>
1,2
1,5
1,7
1,10
1,12
2,3
3,4
4,11
5,6
6,7
6,8
7,14
7,18
8,9
9,13
10,14
11,28
11,33
12,18
13,28
13,33
14,15
15,16
16,21
17,20
18,19
19,20
20,21
21,22
21,25
21,30
21,32
22,23
23,24
24,27
25,26
26,27
27,28
27,33
27,34
28,29
30,31
31,32
32,33
33,35
<end>