<number of tasks>
35
<number of stations>
12
<number of workers>
12
<type of the robots>
1
<limit of the robots>
3
<task times>
1 100000 21 7 7 10 25 24 27 22 21 14 4 26 14 5 5 7 17 100000 18 16 14 9 100000 17
2 4 2 2 3 1 1 3 3 1 2 2 1 1 2 2 2 1 1 2 2 1 2 2 1 1
3 6 2 4 1 3 4 1 5 4 5 2 5 1 2 3 1 2 3 1 4 3 4 2 4 1
4 100000 7 1 13 3 4 13 8 1 17 11 3 6 5 100000 10 2 3 9 6 1 12 100000 3 4
5 100000 6 2 4 6 2 3 4 1 5 5 3 1 4 100000 100000 5 2 100000 3 1 4 4 100000 1
6 18 7 1 4 14 2 13 14 14 9 10 6 10 5 1 3 10 2 8 10 9 6 7 4 7
7 2 2 1 1 2 2 1 2 2 2 1 2 1 2 1 1 2 2 1 2 2 2 1 2 1
8 7 2 3 5 2 5 1 5 3 5 5 2 4 2 2 4 2 4 1 4 2 4 4 2 3
9 29 2 1 9 6 8 16 19 4 18 3 14 15 2 1 6 4 6 11 14 3 12 2 10 11
10 39 5 24 8 24 1 22 13 2 23 8 25 1 4 16 6 17 1 16 9 2 14 5 17 1
11 100000 23 23 4 22 11 10 10 17 22 6 10 23 15 16 100000 14 8 100000 7 11 15 100000 100000 15
12 41 17 6 10 3 4 4 14 19 22 5 6 8 12 4 7 3 3 3 10 13 15 4 4 6
13 30 19 5 3 11 11 20 9 17 13 20 12 15 12 4 3 8 8 13 6 11 9 14 9 10
14 100000 1 2 1 2 2 2 1 1 2 2 1 2 1 2 100000 2 100000 2 1 100000 2 100000 100000 2
15 24 7 12 7 14 3 6 12 11 18 7 5 10 5 9 5 10 3 4 8 8 13 5 4 7
16 100000 8 28 15 5 16 2 29 12 16 19 19 9 100000 100000 11 4 11 2 19 8 10 100000 12 6
17 100000 1 1 1 1 1 2 1 2 2 2 1 1 1 1 1 1 100000 2 1 2 2 2 1 1
18 100000 1 1 1 1 2 2 1 2 2 1 2 1 100000 100000 100000 1 2 2 1 2 2 100000 2 100000
19 26 18 4 5 2 15 5 16 6 17 16 10 14 12 3 4 2 11 4 11 4 11 11 7 10
20 37 15 25 14 9 28 2 3 17 26 19 16 22 10 16 10 6 20 2 2 11 18 13 11 15
21 100000 1 2 2 3 2 1 2 6 1 1 5 3 1 2 100000 100000 100000 1 2 100000 1 100000 4 2
22 14 8 4 6 6 2 10 3 7 6 8 7 10 6 3 4 4 2 7 2 5 4 6 5 7
23 21 16 4 3 5 15 12 2 7 11 5 10 6 11 3 3 4 10 8 2 5 7 4 7 4
24 100000 8 9 8 16 13 17 13 23 1 9 9 22 100000 6 6 11 100000 100000 9 16 1 100000 6 16
25 6 1 4 3 1 2 3 2 3 5 1 4 5 1 3 2 1 2 2 2 2 4 1 3 4
26 6 5 1 2 3 3 2 5 3 5 2 3 5 4 1 2 3 2 2 4 2 4 2 2 4
27 100000 1 3 5 5 2 2 3 1 2 1 5 1 100000 2 100000 4 100000 100000 2 1 100000 1 4 1
28 56 32 23 2 2 8 10 25 33 17 22 29 34 22 16 2 2 5 7 17 22 12 14 19 23
29 2 1 1 2 2 1 2 1 1 2 1 2 2 1 1 2 2 1 2 1 1 2 1 2 2
30 7 1 1 4 4 5 4 3 1 3 5 4 5 1 1 3 3 4 3 2 1 2 4 3 4
31 7 1 5 2 5 2 3 2 4 5 1 5 1 1 4 2 4 2 2 2 3 4 1 4 1
32 1 1 1 1 1 1 1 1 1 1 1 1 1 1 1 1 1 1 1 1 1 1 1 1 1
33 55 4 34 40 25 4 17 19 13 25 17 22 5 3 24 28 18 3 12 13 9 17 12 15 4
34 100000 1 1 2 2 1 1 1 2 1 2 2 1 100000 100000 2 100000 100000 1 1 2 1 100000 2 1
35 2 1 2 1 2 1 2 2 2 1 1 2 2 1 2 1 2 1 2 2 2 1 1 2 2
<posture of tasks>
1 1
2 0
3 1
4 1
5 1
6 1
7 1
8 1
9 0
10 1
11 1
12 0
13 1
14 1
15 0
16 0
17 1
18 1
19 0
20 0
21 0
22 0
23 0
24 1
25 1
26 1
27 1
28 1
29 1
30 1
31 1
32 1
33 1
34 0
35 1
<max energy cosumption of alternatives>
1 100000.00
2 2.22
3 5.73
4 2.39
5 4.91
6 2.49
7 4.43
8 4.56
9 2.54
10 5.43
11 5.12
12 4.21
13 5.29
<energy cosumption of alternatives>
1 100000.00 0.50 0.24 0.19 0.33 0.65 0.76 0.88 0.53 0.67 0.45 0.15 0.82 0.14 0.05 0.06 0.12 0.21 100000.00 0.23 0.33 0.32 0.26 100000.00 0.29
2 100000.00 0.05 0.07 0.07 0.05 0.03 0.10 0.10 0.03 0.07 0.07 0.05 0.05 0.03 0.03 0.05 0.02 0.01 0.02 0.03 0.02 0.03 0.03 0.01 0.01
3 100000.00 0.08 0.17 0.06 0.14 0.15 0.08 0.20 0.14 0.20 0.11 0.20 0.08 0.04 0.10 0.01 0.05 0.04 0.05 0.11 0.05 0.13 0.03 0.08 0.03
4 100000.00 0.20 0.07 0.32 0.13 0.13 0.43 0.28 0.04 0.55 0.37 0.13 0.22 0.08 100000.00 0.20 0.03 0.08 0.11 0.11 0.01 0.20 100000.00 0.05 0.12
5 100000.00 0.17 0.10 0.14 0.22 0.08 0.13 0.16 0.05 0.19 0.19 0.13 0.07 0.04 100000.00 100000.00 0.13 0.02 100000.00 0.09 0.03 0.11 0.10 100000.00 0.01
6 100000.00 0.18 0.06 0.12 0.45 0.06 0.42 0.45 0.34 0.30 0.33 0.21 0.33 0.11 0.03 0.03 0.22 0.03 0.21 0.27 0.07 0.20 0.07 0.11 0.23
7 100000.00 0.06 0.06 0.03 0.09 0.06 0.06 0.09 0.06 0.09 0.06 0.09 0.06 0.04 0.01 0.01 0.03 0.04 0.03 0.05 0.03 0.02 0.03 0.04 0.02
8 100000.00 0.07 0.12 0.13 0.09 0.16 0.06 0.18 0.10 0.18 0.18 0.09 0.15 0.01 0.07 0.06 0.06 0.04 0.01 0.11 0.06 0.09 0.10 0.04 0.08
9 100000.00 0.06 0.06 0.18 0.17 0.18 0.40 0.47 0.11 0.45 0.10 0.36 0.38 0.01 0.03 0.06 0.11 0.05 0.15 0.13 0.04 0.19 0.06 0.12 0.16
10 100000.00 0.14 0.83 0.23 0.77 0.05 0.71 0.44 0.08 0.74 0.28 0.80 0.07 0.09 0.25 0.06 0.24 0.01 0.40 0.23 0.03 0.48 0.14 0.51 0.05
11 100000.00 0.58 0.78 0.14 0.72 0.33 0.35 0.35 0.43 0.71 0.23 0.35 0.74 0.38 0.37 100000.00 0.42 0.08 100000.00 0.18 0.12 0.27 100000.00 100000.00 0.46
12 100000.00 0.33 0.19 0.21 0.12 0.12 0.14 0.37 0.37 0.55 0.16 0.19 0.23 0.08 0.10 0.10 0.05 0.03 0.07 0.14 0.08 0.16 0.04 0.11 0.15
13 100000.00 0.48 0.20 0.11 0.38 0.32 0.65 0.32 0.42 0.44 0.65 0.41 0.50 0.20 0.07 0.06 0.20 0.12 0.41 0.10 0.26 0.20 0.16 0.18 0.15
14 100000.00 0.04 0.10 0.04 0.09 0.07 0.09 0.06 0.04 0.09 0.09 0.06 0.09 0.02 0.05 100000.00 0.04 100000.00 0.02 0.04 100000.00 0.04 100000.00 100000.00 0.03
15 100000.00 0.17 0.35 0.17 0.37 0.10 0.18 0.32 0.23 0.46 0.21 0.16 0.28 0.10 0.21 0.11 0.11 0.05 0.04 0.16 0.08 0.32 0.08 0.09 0.17
16 100000.00 0.17 0.79 0.29 0.15 0.33 0.08 0.79 0.24 0.40 0.47 0.47 0.24 100000.00 100000.00 0.13 0.07 0.17 0.03 0.55 0.06 0.17 100000.00 0.33 0.11
17 100000.00 0.05 0.07 0.05 0.07 0.05 0.10 0.07 0.08 0.10 0.10 0.07 0.07 0.01 0.04 0.03 0.04 100000.00 0.03 0.03 0.02 0.03 0.04 0.03 0.02
18 100000.00 0.04 0.06 0.04 0.06 0.07 0.09 0.06 0.07 0.09 0.06 0.09 0.06 100000.00 100000.00 100000.00 0.04 0.02 0.06 0.02 0.04 0.05 100000.00 0.02 100000.00
19 100000.00 0.35 0.14 0.12 0.09 0.33 0.16 0.41 0.14 0.44 0.41 0.28 0.37 0.11 0.07 0.04 0.05 0.14 0.10 0.23 0.08 0.25 0.28 0.08 0.16
20 100000.00 0.29 0.66 0.27 0.24 0.63 0.08 0.11 0.32 0.63 0.47 0.41 0.54 0.17 0.46 0.14 0.11 0.21 0.02 0.03 0.10 0.36 0.21 0.17 0.23
21 100000.00 0.03 0.07 0.05 0.10 0.05 0.05 0.07 0.12 0.05 0.05 0.14 0.10 0.01 0.05 100000.00 100000.00 100000.00 0.03 0.05 100000.00 0.03 100000.00 0.07 0.05
22 100000.00 0.16 0.12 0.12 0.16 0.05 0.25 0.09 0.14 0.16 0.21 0.19 0.25 0.05 0.04 0.03 0.09 0.01 0.06 0.04 0.04 0.06 0.08 0.07 0.07
23 100000.00 0.31 0.13 0.08 0.15 0.31 0.31 0.08 0.15 0.29 0.15 0.26 0.17 0.14 0.03 0.04 0.07 0.14 0.19 0.04 0.10 0.10 0.06 0.06 0.06
24 100000.00 0.22 0.31 0.22 0.52 0.35 0.55 0.43 0.56 0.06 0.31 0.31 0.70 100000.00 0.14 0.10 0.26 100000.00 100000.00 0.30 0.22 0.05 100000.00 0.22 0.41
25 100000.00 0.04 0.16 0.10 0.07 0.08 0.13 0.10 0.10 0.19 0.07 0.16 0.19 0.03 0.04 0.06 0.01 0.03 0.09 0.04 0.04 0.11 0.04 0.10 0.13
26 100000.00 0.14 0.07 0.08 0.13 0.11 0.10 0.19 0.11 0.19 0.10 0.13 0.19 0.09 0.05 0.02 0.08 0.03 0.05 0.06 0.06 0.12 0.07 0.04 0.09
27 100000.00 0.04 0.12 0.13 0.18 0.07 0.09 0.12 0.04 0.09 0.06 0.18 0.06 100000.00 0.03 100000.00 0.06 100000.00 100000.00 0.06 0.02 100000.00 0.02 0.07 0.03
28 100000.00 0.81 0.76 0.06 0.09 0.22 0.33 0.82 0.82 0.54 0.70 0.96 1.11 0.57 0.53 0.04 0.05 0.11 0.11 0.21 0.25 0.13 0.17 0.21 0.32
29 100000.00 0.03 0.06 0.06 0.09 0.04 0.09 0.06 0.03 0.09 0.06 0.09 0.09 0.02 0.02 0.02 0.05 0.02 0.04 0.01 0.02 0.02 0.04 0.05 0.02
30 100000.00 0.04 0.06 0.13 0.16 0.16 0.15 0.12 0.04 0.12 0.19 0.16 0.19 0.02 0.02 0.06 0.08 0.08 0.08 0.08 0.03 0.08 0.05 0.10 0.07
31 100000.00 0.06 0.21 0.09 0.20 0.09 0.14 0.11 0.15 0.20 0.08 0.20 0.08 0.04 0.05 0.06 0.12 0.03 0.10 0.06 0.10 0.12 0.05 0.11 0.04
32 100000.00 0.05 0.07 0.05 0.07 0.05 0.07 0.07 0.05 0.07 0.07 0.07 0.07 0.03 0.02 0.02 0.05 0.01 0.04 0.03 0.02 0.01 0.04 0.04 0.04
33 100000.00 0.13 1.21 1.03 0.80 0.14 0.56 0.62 0.32 0.80 0.56 0.71 0.19 0.08 0.52 0.52 0.30 0.07 0.16 0.32 0.23 0.25 0.32 0.35 0.13
34 100000.00 0.05 0.07 0.07 0.09 0.05 0.07 0.07 0.07 0.06 0.09 0.09 0.07 100000.00 100000.00 0.03 100000.00 100000.00 0.02 0.03 0.05 0.01 100000.00 0.04 0.02
35 100000.00 0.05 0.11 0.05 0.11 0.06 0.11 0.11 0.08 0.08 0.08 0.11 0.11 0.03 0.02 0.03 0.03 0.02 0.05 0.03 0.04 0.05 0.04 0.05 0.04
<task rigidity>
1 10
2 2
3 8
4 9
5 2
6 5
7 9
8 8
9 1
10 1
11 10
12 8
13 7
14 1
15 5
16 8
17 6
18 4
19 7
20 3
21 5
22 6
23 9
24 9
25 2
26 8
27 4
28 8
29 5
30 6
31 6
32 4
33 1
34 8
35 1
<precedence relations>
1,2
1,5
1,7
1,10
1,12
2,3
3,4
4,11
5,6
6,7
6,8
7,14
7,18
8,9
9,13
10,14
11,28
11,33
12,18
13,28
13,33
14,15
15,16
16,21
17,20
18,19
19,20
20,21
21,22
21,25
21,30
21,32
22,23
23,24
24,27
25,26
26,27
27,28
27,33
27,34
28,29
30,31
31,32
32,33
33,35
<end>