<number of tasks>
35
<number of stations>
6
<number of workers>
6
<type of the robots>
1
<limit of the robots>
2
<task times>
1 100000 22 7 3 19 18 13 14 5 2 14 100000 9
2 4 1 3 3 3 3 2 1 2 2 3 3 2
3 7 3 3 3 4 3 1 2 2 2 3 2 1
4 100000 21 22 4 21 5 20 100000 100000 100000 100000 4 13
5 7 3 3 6 6 1 2 3 2 4 5 1 2
6 100000 13 1 3 12 1 14 9 1 2 9 1 9
7 100000 1 2 1 1 1 1 1 2 100000 100000 1 100000
8 100000 5 3 3 2 2 3 100000 2 3 2 2 100000
9 30 2 13 11 2 14 15 2 9 7 2 10 10
10 42 3 22 7 21 4 19 2 15 5 15 3 13
11 100000 3 22 17 11 6 22 3 15 12 7 100000 100000
12 42 20 25 22 13 23 24 14 16 16 9 15 16
13 100000 20 17 6 10 17 10 13 11 100000 100000 100000 7
14 2 1 1 1 1 1 1 1 1 1 1 1 1
15 100000 7 18 5 3 13 1 5 12 100000 100000 9 100000
16 38 29 14 26 4 20 17 20 10 17 3 13 11
17 100000 1 1 1 2 1 1 1 100000 1 2 1 100000
18 2 2 1 2 2 1 2 2 1 2 2 1 2
19 24 2 10 1 1 2 6 2 7 1 1 2 4
20 100000 27 6 24 14 14 12 100000 5 17 10 9 9
21 100000 3 3 1 2 6 4 100000 2 1 2 5 3
22 13 2 7 4 6 5 8 2 5 3 4 4 5
23 21 3 9 16 11 12 2 3 6 11 7 8 2
24 100000 7 23 1 19 13 19 5 15 1 13 9 14
25 6 4 2 1 4 1 4 3 2 1 3 1 3
26 100000 3 1 2 3 5 4 100000 100000 100000 2 4 3
27 7 1 4 2 2 2 1 1 3 2 2 2 1
28 100000 17 16 37 36 7 22 12 11 24 24 5 16
29 2 1 2 1 2 1 1 1 2 1 2 1 1
30 100000 5 2 2 2 2 5 4 2 100000 2 2 100000
31 7 5 5 1 5 1 2 4 4 1 4 1 2
32 1 1 1 1 1 1 1 1 1 1 1 1 1
33 100000 35 28 31 35 12 25 24 18 20 24 8 100000
34 100000 1 2 1 1 2 2 1 100000 100000 1 100000 2
35 100000 2 1 2 2 1 2 100000 100000 2 100000 1 2
<posture of tasks>
1 1
2 0
3 0
4 1
5 0
6 1
7 1
8 0
9 1
10 0
11 0
12 1
13 0
14 1
15 0
16 1
17 1
18 0
19 1
20 1
21 0
22 1
23 1
24 1
25 1
26 0
27 1
28 1
29 0
30 1
31 1
32 1
33 1
34 1
35 1
<max energy cosumption of alternatives>
1 100000.00
2 2.91
3 5.13
4 4.53
5 5.21
6 3.17
7 4.72
<energy cosumption of alternatives>
1 100000.00 0.57 0.25 0.13 0.65 0.45 0.44 0.26 0.13 0.03 0.25 100000.00 0.22
2 100000.00 0.04 0.11 0.11 0.11 0.09 0.08 0.02 0.04 0.05 0.04 0.06 0.02
3 100000.00 0.09 0.11 0.11 0.13 0.09 0.06 0.05 0.07 0.03 0.03 0.04 0.02
4 100000.00 0.54 0.70 0.16 0.70 0.13 0.67 100000.00 100000.00 100000.00 100000.00 0.07 0.16
5 100000.00 0.08 0.10 0.17 0.17 0.03 0.07 0.05 0.04 0.09 0.08 0.02 0.03
6 100000.00 0.35 0.07 0.13 0.41 0.05 0.47 0.16 0.02 0.03 0.25 0.02 0.32
7 100000.00 0.04 0.09 0.06 0.07 0.04 0.06 0.03 0.03 100000.00 100000.00 0.03 100000.00
8 100000.00 0.13 0.10 0.10 0.08 0.06 0.11 100000.00 0.03 0.04 0.05 0.02 100000.00
9 100000.00 0.08 0.44 0.38 0.10 0.36 0.50 0.06 0.18 0.19 0.07 0.13 0.30
10 100000.00 0.08 0.54 0.20 0.54 0.11 0.47 0.05 0.33 0.10 0.30 0.04 0.30
11 100000.00 0.08 0.54 0.42 0.28 0.12 0.56 0.04 0.32 0.19 0.08 100000.00 100000.00
12 100000.00 0.53 0.80 0.70 0.44 0.57 0.80 0.25 0.52 0.25 0.25 0.24 0.47
13 100000.00 0.41 0.43 0.18 0.27 0.34 0.27 0.22 0.11 100000.00 100000.00 100000.00 0.17
14 100000.00 0.04 0.07 0.07 0.07 0.04 0.07 0.03 0.02 0.02 0.02 0.01 0.03
15 100000.00 0.17 0.46 0.16 0.12 0.26 0.07 0.11 0.23 100000.00 100000.00 0.09 100000.00
16 100000.00 0.81 0.46 0.83 0.16 0.50 0.56 0.40 0.30 0.51 0.05 0.19 0.17
17 100000.00 0.04 0.06 0.06 0.09 0.04 0.06 0.03 100000.00 0.04 0.04 0.01 100000.00
18 100000.00 0.06 0.06 0.08 0.09 0.04 0.08 0.02 0.03 0.04 0.05 0.01 0.03
19 100000.00 0.07 0.33 0.06 0.06 0.07 0.22 0.03 0.22 0.02 0.02 0.03 0.09
20 100000.00 0.68 0.21 0.76 0.46 0.35 0.40 100000.00 0.14 0.22 0.26 0.08 0.16
21 100000.00 0.08 0.10 0.06 0.08 0.13 0.12 100000.00 0.05 0.02 0.03 0.06 0.05
22 100000.00 0.07 0.24 0.15 0.22 0.13 0.28 0.04 0.10 0.10 0.13 0.09 0.16
23 100000.00 0.11 0.31 0.53 0.38 0.32 0.10 0.07 0.20 0.31 0.15 0.16 0.03
24 100000.00 0.19 0.73 0.06 0.64 0.32 0.61 0.06 0.43 0.03 0.25 0.22 0.36
25 100000.00 0.13 0.09 0.06 0.15 0.04 0.15 0.03 0.05 0.02 0.07 0.01 0.05
26 100000.00 0.10 0.07 0.10 0.12 0.12 0.14 100000.00 100000.00 100000.00 0.04 0.03 0.08
27 100000.00 0.04 0.16 0.09 0.10 0.07 0.06 0.03 0.09 0.06 0.03 0.03 0.03
28 100000.00 0.44 0.51 1.20 1.23 0.19 0.72 0.24 0.16 0.69 0.67 0.08 0.37
29 100000.00 0.06 0.10 0.07 0.10 0.06 0.07 0.03 0.02 0.03 0.06 0.04 0.03
30 100000.00 0.15 0.09 0.09 0.09 0.06 0.18 0.08 0.06 100000.00 0.03 0.03 100000.00
31 100000.00 0.15 0.18 0.06 0.18 0.04 0.09 0.05 0.12 0.02 0.04 0.02 0.04
32 100000.00 0.05 0.07 0.07 0.07 0.05 0.07 0.03 0.04 0.04 0.03 0.02 0.02
33 100000.00 0.95 0.94 1.03 1.22 0.31 0.82 0.28 0.32 0.52 0.58 0.14 100000.00
34 100000.00 0.05 0.10 0.07 0.07 0.08 0.11 0.03 100000.00 100000.00 0.04 100000.00 0.06
35 100000.00 0.08 0.07 0.10 0.10 0.05 0.10 100000.00 100000.00 0.06 100000.00 0.03 0.03
<task rigidity>
1 3
2 6
3 4
4 5
5 1
6 7
7 3
8 10
9 3
10 8
11 4
12 1
13 4
14 8
15 2
16 5
17 6
18 9
19 2
20 10
21 10
22 5
23 4
24 3
25 3
26 4
27 7
28 4
29 4
30 6
31 3
32 2
33 6
34 2
35 2
<precedence relations>
1,2
1,5
1,7
1,10
1,12
2,3
3,4
4,11
5,6
6,7
6,8
7,14
7,18
8,9
9,13
10,14
11,28
11,33
12,18
13,28
13,33
14,15
15,16
16,21
17,20
18,19
19,20
20,21
21,22
21,25
21,30
21,32
22,23
23,24
24,27
25,26
26,27
27,28
27,33
27,34
28,29
30,31
31,32
32,33
33,35
<end>