<number of tasks>
35
<number of stations>
9
<number of workers>
9
<type of the robots>
1
<limit of the robots>
3
<task times>
1 100000 26 24 27 2 29 6 22 21 9 100000 100000 100000 2 20 100000 100000 15 100000
2 3 1 1 3 1 1 2 3 1 1 1 1 2 1 1 2 3 1 1
3 100000 2 3 4 2 5 2 1 4 2 2 3 3 100000 100000 2 1 3 2
4 28 16 8 1 18 20 13 3 11 14 11 6 1 12 14 9 3 7 9
5 8 5 1 6 1 3 2 3 1 2 4 1 4 1 3 2 3 1 2
6 100000 8 8 2 8 12 3 12 12 8 100000 6 2 100000 8 2 8 9 6
7 100000 2 2 2 2 1 2 1 2 2 100000 2 100000 100000 100000 2 1 100000 2
8 6 3 3 4 4 4 3 3 2 5 2 3 3 3 3 2 2 2 4
9 29 12 19 1 5 11 14 17 6 4 8 14 1 4 8 10 11 5 3
10 100000 28 1 23 23 29 7 11 25 20 19 1 100000 100000 18 5 8 17 13
11 30 21 5 14 2 10 9 23 1 15 14 4 10 2 7 7 16 1 10
12 100000 10 28 30 7 6 9 30 17 29 7 20 100000 100000 4 6 19 12 20
13 30 9 11 6 9 22 16 7 22 11 7 8 4 7 14 11 5 15 8
14 2 2 2 1 2 1 1 2 1 2 2 2 1 2 1 1 2 1 2
15 26 15 15 3 10 3 7 4 7 7 10 11 3 7 3 5 3 5 5
16 38 22 12 12 28 25 1 6 23 28 15 8 9 19 16 1 4 16 19
17 2 2 2 2 2 2 2 2 1 1 2 2 2 2 2 2 2 1 1
18 2 1 2 1 1 2 2 2 2 1 1 2 1 1 2 2 2 2 1
19 24 4 6 5 14 15 8 8 18 12 3 5 4 10 10 6 5 13 9
20 40 27 6 25 13 10 27 14 6 18 17 4 17 8 7 17 9 4 12
21 100000 6 5 3 1 4 2 5 3 2 100000 4 2 1 100000 2 4 2 100000
22 14 5 5 9 5 6 8 8 3 10 4 4 6 4 5 5 6 2 7
23 100000 1 8 7 14 8 10 8 9 16 100000 6 5 100000 100000 100000 5 6 11
24 100000 12 19 6 15 21 17 1 22 10 8 13 4 11 100000 11 1 14 7
25 7 4 2 5 4 4 3 5 2 2 3 2 4 3 3 3 4 2 2
26 100000 3 5 1 2 2 4 1 1 5 3 4 1 2 2 3 100000 1 4
27 7 4 5 5 4 4 3 1 2 2 3 4 4 3 3 2 1 2 2
28 100000 24 21 19 22 2 4 24 18 28 17 14 13 14 2 3 15 12 18
29 100000 2 2 1 1 1 2 2 1 2 2 100000 1 1 1 2 2 1 2
30 100000 5 1 3 5 2 3 3 4 2 4 1 2 4 2 2 2 100000 2
31 6 4 1 2 1 3 2 5 3 2 3 1 2 1 2 2 4 2 2
32 1 1 1 1 1 1 1 1 1 1 1 1 1 1 1 1 1 1 1
33 52 8 25 33 1 6 5 37 29 2 6 16 21 1 5 4 24 19 2
34 2 1 1 1 1 1 2 2 1 2 1 1 1 1 1 2 2 1 2
35 100000 2 1 2 2 2 2 2 1 2 100000 100000 2 2 2 2 2 100000 2
<posture of tasks>
1 1
2 0
3 1
4 1
5 0
6 1
7 1
8 1
9 1
10 0
11 0
12 1
13 1
14 1
15 1
16 1
17 0
18 1
19 1
20 1
21 1
22 0
23 1
24 1
25 1
26 1
27 1
28 1
29 1
30 1
31 1
32 1
33 1
34 1
35 1
<max energy cosumption of alternatives>
1 100000.00
2 5.20
3 5.16
4 4.33
5 2.60
6 2.17
7 5.53
8 2.20
9 2.90
10 4.85
<energy cosumption of alternatives>
1 100000.00 0.84 0.78 0.87 0.09 0.79 0.24 0.58 0.55 0.33 100000.00 100000.00 100000.00 0.03 0.45 100000.00 100000.00 0.30 100000.00
2 100000.00 0.05 0.05 0.10 0.03 0.03 0.07 0.08 0.03 0.05 0.03 0.02 0.05 0.01 0.01 0.04 0.05 0.01 0.01
3 100000.00 0.09 0.12 0.15 0.07 0.13 0.09 0.04 0.13 0.09 0.06 0.06 0.08 100000.00 100000.00 0.04 0.03 0.08 0.05
4 100000.00 0.52 0.28 0.07 0.47 0.50 0.43 0.10 0.29 0.46 0.32 0.10 0.04 0.29 0.15 0.20 0.04 0.15 0.18
5 100000.00 0.17 0.08 0.19 0.06 0.10 0.10 0.10 0.06 0.10 0.11 0.04 0.10 0.01 0.05 0.06 0.05 0.01 0.04
6 100000.00 0.29 0.29 0.11 0.24 0.33 0.14 0.33 0.33 0.29 100000.00 0.09 0.04 100000.00 0.10 0.04 0.13 0.21 0.15
7 100000.00 0.09 0.09 0.09 0.06 0.03 0.09 0.03 0.06 0.09 100000.00 0.04 100000.00 100000.00 100000.00 0.06 0.02 100000.00 0.04
8 100000.00 0.12 0.12 0.15 0.13 0.13 0.12 0.10 0.07 0.18 0.03 0.04 0.04 0.05 0.05 0.07 0.05 0.02 0.08
9 100000.00 0.39 0.60 0.06 0.15 0.28 0.46 0.43 0.16 0.15 0.14 0.31 0.02 0.09 0.12 0.30 0.20 0.08 0.04
10 100000.00 0.77 0.07 0.57 0.46 0.61 0.21 0.23 0.49 0.53 0.51 0.02 100000.00 100000.00 0.31 0.06 0.09 0.15 0.26
11 100000.00 0.53 0.16 0.37 0.07 0.21 0.25 0.46 0.05 0.39 0.34 0.11 0.09 0.04 0.07 0.13 0.24 0.02 0.15
12 100000.00 0.34 0.96 1.02 0.20 0.17 0.31 0.84 0.44 1.02 0.20 0.59 100000.00 100000.00 0.11 0.17 0.39 0.30 0.71
13 100000.00 0.30 0.36 0.21 0.24 0.52 0.54 0.18 0.55 0.36 0.07 0.17 0.06 0.11 0.35 0.26 0.12 0.37 0.24
14 100000.00 0.10 0.10 0.07 0.08 0.05 0.07 0.08 0.05 0.10 0.03 0.05 0.02 0.03 0.03 0.03 0.03 0.03 0.05
15 100000.00 0.50 0.50 0.13 0.29 0.11 0.26 0.14 0.20 0.26 0.34 0.23 0.07 0.14 0.05 0.14 0.09 0.06 0.12
16 100000.00 0.70 0.40 0.40 0.77 0.60 0.06 0.17 0.59 0.97 0.41 0.15 0.16 0.53 0.16 0.04 0.07 0.19 0.68
17 100000.00 0.08 0.08 0.08 0.06 0.06 0.08 0.06 0.03 0.05 0.04 0.03 0.05 0.01 0.03 0.03 0.01 0.01 0.01
18 100000.00 0.06 0.09 0.06 0.03 0.06 0.09 0.06 0.06 0.06 0.04 0.02 0.02 0.01 0.04 0.04 0.03 0.02 0.03
19 100000.00 0.15 0.21 0.18 0.37 0.37 0.27 0.22 0.46 0.40 0.07 0.14 0.05 0.19 0.24 0.08 0.09 0.21 0.08
20 100000.00 0.86 0.22 0.80 0.36 0.26 0.89 0.39 0.17 0.59 0.60 0.07 0.16 0.18 0.15 0.52 0.17 0.04 0.26
21 100000.00 0.21 0.18 0.12 0.04 0.13 0.09 0.16 0.10 0.09 100000.00 0.11 0.09 0.01 100000.00 0.05 0.05 0.05 100000.00
22 100000.00 0.15 0.15 0.25 0.14 0.14 0.22 0.18 0.09 0.27 0.06 0.06 0.06 0.09 0.07 0.09 0.07 0.02 0.11
23 100000.00 0.06 0.27 0.24 0.37 0.22 0.34 0.22 0.25 0.52 100000.00 0.11 0.07 100000.00 100000.00 100000.00 0.04 0.05 0.18
24 100000.00 0.42 0.63 0.23 0.43 0.52 0.60 0.06 0.58 0.36 0.21 0.35 0.09 0.10 100000.00 0.18 0.03 0.37 0.19
25 100000.00 0.14 0.08 0.17 0.12 0.12 0.11 0.15 0.06 0.08 0.10 0.03 0.05 0.06 0.06 0.03 0.06 0.02 0.03
26 100000.00 0.12 0.19 0.06 0.07 0.07 0.16 0.04 0.04 0.19 0.08 0.05 0.04 0.02 0.03 0.08 100000.00 0.02 0.13
27 100000.00 0.15 0.18 0.18 0.12 0.12 0.12 0.04 0.07 0.09 0.07 0.11 0.11 0.08 0.04 0.06 0.01 0.03 0.03
28 100000.00 0.75 0.66 0.60 0.55 0.06 0.15 0.61 0.46 0.94 0.16 0.24 0.33 0.23 0.04 0.08 0.30 0.17 0.39
29 100000.00 0.11 0.11 0.08 0.06 0.06 0.12 0.09 0.06 0.12 0.04 100000.00 0.02 0.04 0.04 0.08 0.04 0.03 0.06
30 100000.00 0.19 0.07 0.13 0.17 0.08 0.13 0.11 0.14 0.10 0.09 0.03 0.05 0.06 0.02 0.08 0.04 100000.00 0.03
31 100000.00 0.17 0.07 0.11 0.06 0.11 0.11 0.17 0.11 0.11 0.05 0.02 0.03 0.03 0.06 0.07 0.10 0.07 0.03
32 100000.00 0.07 0.07 0.07 0.05 0.05 0.07 0.05 0.05 0.07 0.03 0.03 0.03 0.03 0.03 0.04 0.02 0.01 0.04
33 100000.00 0.27 0.79 1.09 0.04 0.16 0.19 0.98 0.77 0.09 0.09 0.44 0.23 0.01 0.07 0.04 0.64 0.18 0.06
34 100000.00 0.07 0.07 0.07 0.04 0.04 0.10 0.07 0.04 0.10 0.03 0.05 0.02 0.02 0.03 0.03 0.03 0.02 0.06
35 100000.00 0.11 0.08 0.11 0.09 0.09 0.11 0.09 0.06 0.11 100000.00 100000.00 0.07 0.03 0.06 0.03 0.05 100000.00 0.04
<task rigidity>
1 10
2 1
3 10
4 3
5 5
6 5
7 9
8 2
9 10
10 1
11 5
12 2
13 9
14 6
15 4
16 6
17 2
18 6
19 5
20 3
21 5
22 6
23 10
24 6
25 1
26 9
27 2
28 6
29 3
30 3
31 10
32 1
33 6
34 1
35 6
<precedence relations>
1,2
1,5
1,7
1,10
1,12
2,3
3,4
4,11
5,6
6,7
6,8
7,14
7,18
8,9
9,13
10,14
11,28
11,33
12,18
13,28
13,33
14,15
15,16
16,21
17,20
18,19
19,20
20,21
21,22
21,25
21,30
21,32
22,23
23,24
24,27
25,26
26,27
27,28
27,33
27,34
28,29
30,31
31,32
32,33
33,35
<end>