<number of tasks>
45
<number of stations>
4
<number of workers>
4
<type of the robots>
1
<limit of the robots>
1
<task times>
1 100000 7 4 1 9 5 3 1 7
2 11 3 2 9 4 3 2 6 3
3 14 6 8 7 8 4 5 5 6
4 100000 6 6 4 3 4 4 3 2
5 22 9 9 17 4 7 7 12 3
6 100000 3 5 14 13 2 4 100000 9
7 100000 10 8 9 4 100000 5 6 3
8 100000 12 2 6 10 8 2 4 7
9 26 10 17 5 4 7 12 4 3
10 100000 16 7 1 20 100000 100000 1 13
11 100000 7 2 6 1 5 100000 5 1
12 100000 9 5 2 7 6 4 2 5
13 7 5 1 2 1 4 1 2 1
14 28 12 14 5 18 8 10 4 13
15 100000 11 6 6 1 8 5 4 1
16 24 2 17 7 11 2 12 5 8
17 15 3 9 5 12 3 6 4 8
18 100000 1 2 3 2 100000 100000 3 2
19 9 6 1 3 3 5 1 3 3
20 100000 1 2 1 3 1 2 1 3
21 75 26 49 1 2 16 34 1 2
22 100000 14 6 7 13 100000 4 100000 9
23 100000 3 25 13 18 100000 100000 100000 12
24 38 11 19 22 19 8 14 14 13
25 36 13 7 20 9 9 5 13 6
26 100000 2 2 6 4 100000 2 4 3
27 6 1 5 5 1 1 4 4 1
28 32 12 17 8 22 8 12 5 16
29 5 2 4 1 2 2 3 1 2
30 100000 3 3 1 2 3 100000 1 2
31 9 1 3 3 6 1 2 2 4
32 5 1 3 3 4 1 2 2 3
33 19 12 10 10 6 9 7 7 4
34 3 3 3 3 1 2 2 2 1
35 9 4 7 6 5 3 5 4 4
36 100000 2 7 9 9 2 5 100000 100000
37 100000 4 1 4 4 3 100000 3 100000
38 100000 5 7 1 4 100000 5 1 3
39 6 5 4 1 5 4 3 1 4
40 100000 4 4 1 2 100000 3 1 2
41 28 5 1 4 4 4 1 3 3
42 100000 7 10 1 9 5 100000 1 6
43 100000 6 6 6 2 100000 4 4 2
44 100000 1 1 5 4 1 1 4 3
45 7 2 4 1 3 2 3 1 3
<posture of tasks>
1 0
2 1
3 1
4 1
5 1
6 1
7 0
8 1
9 1
10 1
11 1
12 1
13 1
14 1
15 1
16 1
17 1
18 1
19 1
20 1
21 1
22 0
23 1
24 1
25 1
26 0
27 1
28 1
29 1
30 0
31 1
32 1
33 0
34 1
35 1
36 1
37 1
38 1
39 1
40 1
41 1
42 0
43 1
44 1
45 1
<max energy cosumption of alternatives>
1 100000.00
2 3.01
3 3.19
4 2.34
5 5.00
<energy cosumption of alternatives>
1 100000.00 0.15 0.10 0.03 0.24 0.07 0.05 0.02 0.10
2 100000.00 0.10 0.08 0.26 0.16 0.07 0.04 0.16 0.10
3 100000.00 0.17 0.23 0.21 0.29 0.08 0.08 0.14 0.14
4 100000.00 0.16 0.16 0.13 0.13 0.07 0.06 0.09 0.06
5 100000.00 0.23 0.26 0.44 0.16 0.12 0.06 0.23 0.10
6 100000.00 0.09 0.13 0.34 0.43 0.04 0.07 100000.00 0.12
7 100000.00 0.19 0.17 0.19 0.12 100000.00 0.08 0.07 0.04
8 100000.00 0.31 0.07 0.16 0.34 0.19 0.02 0.11 0.18
9 100000.00 0.26 0.45 0.14 0.16 0.16 0.25 0.10 0.11
10 100000.00 0.41 0.20 0.05 0.67 100000.00 100000.00 0.02 0.43
11 100000.00 0.21 0.09 0.18 0.08 0.05 100000.00 0.04 0.03
12 100000.00 0.23 0.14 0.08 0.25 0.14 0.03 0.02 0.09
13 100000.00 0.13 0.04 0.07 0.06 0.07 0.01 0.04 0.03
14 100000.00 0.31 0.35 0.13 0.58 0.07 0.15 0.03 0.27
15 100000.00 0.28 0.16 0.16 0.06 0.19 0.05 0.05 0.04
16 100000.00 0.06 0.43 0.19 0.37 0.04 0.25 0.08 0.15
17 100000.00 0.10 0.25 0.14 0.40 0.05 0.09 0.08 0.22
18 100000.00 0.03 0.06 0.09 0.09 100000.00 100000.00 0.06 0.06
19 100000.00 0.18 0.06 0.12 0.14 0.04 0.02 0.03 0.04
20 100000.00 0.05 0.08 0.05 0.13 0.03 0.05 0.02 0.06
21 100000.00 0.64 1.30 0.05 0.11 0.27 0.27 0.02 0.06
22 100000.00 0.27 0.13 0.16 0.34 100000.00 0.03 100000.00 0.18
23 100000.00 0.11 0.63 0.35 0.59 100000.00 100000.00 100000.00 0.13
24 100000.00 0.28 0.47 0.56 0.62 0.13 0.13 0.28 0.12
25 100000.00 0.32 0.20 0.51 0.31 0.09 0.07 0.19 0.20
26 100000.00 0.06 0.06 0.13 0.12 100000.00 0.03 0.08 0.02
27 100000.00 0.03 0.13 0.13 0.06 0.02 0.07 0.06 0.04
28 100000.00 0.33 0.45 0.24 0.74 0.07 0.23 0.14 0.25
29 100000.00 0.08 0.14 0.05 0.10 0.03 0.09 0.03 0.03
30 100000.00 0.09 0.09 0.05 0.09 0.05 100000.00 0.03 0.06
31 100000.00 0.04 0.10 0.10 0.22 0.01 0.05 0.03 0.06
32 100000.00 0.05 0.11 0.11 0.16 0.02 0.02 0.04 0.04
33 100000.00 0.24 0.20 0.20 0.17 0.08 0.11 0.04 0.10
34 100000.00 0.09 0.09 0.09 0.06 0.05 0.05 0.02 0.02
35 100000.00 0.14 0.20 0.17 0.20 0.09 0.06 0.11 0.07
36 100000.00 0.08 0.20 0.26 0.32 0.03 0.10 100000.00 100000.00
37 100000.00 0.13 0.04 0.13 0.16 0.03 100000.00 0.06 100000.00
38 100000.00 0.15 0.21 0.06 0.17 100000.00 0.05 0.01 0.09
39 100000.00 0.15 0.14 0.06 0.20 0.07 0.08 0.04 0.13
40 100000.00 0.12 0.12 0.03 0.09 100000.00 0.06 0.01 0.03
41 100000.00 0.14 0.05 0.14 0.16 0.04 0.01 0.03 0.03
42 100000.00 0.16 0.20 0.04 0.25 0.03 100000.00 0.03 0.17
43 100000.00 0.18 0.18 0.18 0.11 100000.00 0.08 0.08 0.05
44 100000.00 0.06 0.06 0.16 0.17 0.02 0.03 0.07 0.12
45 100000.00 0.07 0.13 0.04 0.13 0.05 0.09 0.03 0.08
<task rigidity>
1 4
2 8
3 2
4 6
5 2
6 6
7 9
8 1
9 10
10 8
11 1
12 10
13 2
14 10
15 5
16 6
17 5
18 6
19 7
20 3
21 9
22 2
23 5
24 7
25 9
26 2
27 3
28 5
29 3
30 9
31 4
32 4
33 3
34 4
35 6
36 1
37 8
38 1
39 10
40 9
41 7
42 7
43 7
44 1
45 10
<precedence relations>
1,3
1,7
2,4
2,8
3,5
4,6
5,9
6,10
7,9
7,14
8,10
8,14
9,41
10,41
11,13
12,13
12,37
13,14
13,15
14,17
14,25
14,29
14,30
14,31
14,32
15,16
15,18
15,23
15,24
16,19
17,26
17,27
18,19
19,20
19,33
20,21
21,22
22,28
23,33
24,33
25,26
26,38
27,28
27,33
28,38
29,41
30,41
31,41
32,41
33,34
33,35
33,36
34,38
35,40
36,38
37,43
38,40
39,41
40,41
41,42
42,44
42,45
<end>