<number of tasks>
45
<number of stations>
6
<number of workers>
6
<type of the robots>
1
<limit of the robots>
2
<task times>
1 100000 6 3 8 4 1 7 4 100000 6 3 100000 5
2 100000 5 3 9 6 9 4 4 2 6 4 100000 3
3 13 10 3 7 8 9 10 7 2 5 6 6 7
4 14 2 9 5 5 5 4 2 6 4 4 4 3
5 100000 17 1 12 5 16 2 12 1 8 4 10 100000
6 22 17 17 6 3 11 14 12 11 5 3 8 9
7 16 1 5 3 10 10 7 1 4 3 7 7 5
8 16 6 13 7 10 9 6 4 8 5 7 6 5
9 26 3 17 8 16 8 2 2 11 6 11 6 2
10 100000 20 16 19 17 16 4 14 10 13 100000 11 3
11 100000 7 10 10 5 7 9 5 7 100000 4 100000 6
12 100000 9 2 1 5 1 5 6 2 1 4 1 100000
13 8 6 3 5 5 2 3 4 2 4 4 2 2
14 28 2 19 15 17 8 10 2 13 11 12 6 7
15 14 11 11 4 7 3 8 7 8 3 5 2 5
16 100000 2 17 10 3 2 12 100000 12 7 100000 100000 100000
17 15 1 1 9 12 8 8 1 1 7 9 6 6
18 4 2 3 2 3 1 3 2 2 2 2 1 3
19 9 3 5 5 2 5 6 3 4 4 2 4 4
20 5 4 3 1 1 1 2 3 2 1 1 1 2
21 73 44 32 24 34 13 18 28 21 17 22 9 11
22 18 2 14 9 10 9 13 2 10 6 7 7 9
23 100000 19 26 11 21 15 7 100000 100000 100000 13 10 5
24 38 3 22 15 18 12 11 3 16 10 13 8 7
25 35 1 6 18 16 17 18 1 4 13 11 12 12
26 100000 1 4 3 3 4 4 100000 3 2 3 3 100000
27 100000 2 2 2 5 3 2 100000 100000 2 4 2 100000
28 33 7 10 7 4 24 18 5 7 5 3 15 12
29 5 4 2 3 4 4 4 3 2 2 3 3 3
30 100000 3 5 5 2 4 1 3 4 4 2 3 1
31 100000 5 7 7 1 4 6 4 100000 5 1 3 100000
32 5 4 3 3 3 4 1 3 2 3 2 3 1
33 20 5 7 3 14 6 1 4 5 2 10 5 1
34 100000 1 3 2 3 3 2 1 2 2 3 2 2
35 9 6 1 1 2 6 5 4 1 1 2 4 4
36 100000 2 8 5 6 3 9 2 100000 4 5 100000 7
37 5 4 1 3 4 4 1 3 1 2 3 3 1
38 9 1 4 5 5 7 2 1 3 4 4 5 2
39 100000 4 3 4 2 4 4 3 100000 100000 2 100000 3
40 5 2 1 3 3 2 2 2 1 2 2 2 2
41 28 12 6 14 14 10 13 8 4 10 10 7 9
42 15 5 10 10 6 8 3 4 7 7 4 6 3
43 8 4 1 3 6 2 3 3 1 2 4 2 3
44 6 5 3 5 2 4 5 4 2 4 2 3 4
45 6 3 5 5 3 2 3 2 4 4 2 2 2
<posture of tasks>
1 1
2 1
3 1
4 0
5 1
6 1
7 0
8 0
9 1
10 1
11 1
12 1
13 0
14 1
15 1
16 1
17 1
18 1
19 1
20 1
21 1
22 1
23 1
24 1
25 1
26 1
27 1
28 0
29 1
30 1
31 1
32 1
33 1
34 1
35 1
36 1
37 1
38 1
39 1
40 1
41 1
42 1
43 1
44 0
45 1
<max energy cosumption of alternatives>
1 100000.00
2 5.42
3 4.67
4 5.08
5 5.51
6 5.19
7 4.40
<energy cosumption of alternatives>
1 100000.00 0.23 0.13 0.29 0.16 0.07 0.26 0.08 100000.00 0.17 0.04 100000.00 0.13
2 100000.00 0.21 0.15 0.33 0.24 0.33 0.18 0.06 0.09 0.20 0.11 100000.00 0.11
3 100000.00 0.33 0.12 0.24 0.27 0.30 0.33 0.19 0.03 0.16 0.15 0.16 0.22
4 100000.00 0.08 0.24 0.14 0.14 0.14 0.12 0.02 0.12 0.05 0.05 0.07 0.04
5 100000.00 0.58 0.07 0.40 0.19 0.52 0.10 0.30 0.03 0.12 0.10 0.28 100000.00
6 100000.00 0.59 0.56 0.22 0.13 0.37 0.47 0.35 0.35 0.06 0.05 0.11 0.28
7 100000.00 0.07 0.16 0.12 0.28 0.28 0.21 0.04 0.09 0.03 0.13 0.07 0.10
8 100000.00 0.18 0.34 0.20 0.27 0.25 0.18 0.06 0.13 0.14 0.08 0.15 0.05
9 100000.00 0.12 0.54 0.27 0.51 0.27 0.09 0.06 0.16 0.12 0.31 0.18 0.05
10 100000.00 0.68 0.52 0.61 0.55 0.52 0.16 0.26 0.33 0.24 100000.00 0.13 0.11
11 100000.00 0.27 0.36 0.36 0.20 0.27 0.33 0.06 0.19 100000.00 0.09 100000.00 0.13
12 100000.00 0.31 0.09 0.06 0.18 0.06 0.18 0.21 0.05 0.02 0.06 0.02 100000.00
13 100000.00 0.19 0.12 0.16 0.16 0.09 0.12 0.05 0.04 0.11 0.07 0.05 0.05
14 100000.00 0.10 0.62 0.50 0.56 0.28 0.35 0.07 0.40 0.24 0.26 0.16 0.18
15 100000.00 0.37 0.37 0.15 0.25 0.12 0.28 0.15 0.10 0.07 0.08 0.08 0.11
16 100000.00 0.10 0.56 0.34 0.13 0.10 0.41 100000.00 0.20 0.17 100000.00 100000.00 100000.00
17 100000.00 0.07 0.07 0.31 0.41 0.28 0.29 0.03 0.02 0.17 0.17 0.06 0.18
18 100000.00 0.11 0.14 0.11 0.14 0.07 0.14 0.07 0.06 0.05 0.07 0.03 0.09
19 100000.00 0.13 0.19 0.19 0.10 0.19 0.22 0.04 0.09 0.07 0.03 0.07 0.06
20 100000.00 0.17 0.14 0.08 0.08 0.08 0.11 0.04 0.07 0.04 0.02 0.05 0.04
21 100000.00 1.56 1.13 0.78 1.17 0.45 0.60 0.97 0.50 0.19 0.47 0.23 0.32
22 100000.00 0.10 0.47 0.31 0.35 0.32 0.44 0.02 0.30 0.19 0.22 0.21 0.18
23 100000.00 0.65 0.84 0.38 0.68 0.50 0.26 100000.00 100000.00 100000.00 0.20 0.22 0.09
24 100000.00 0.12 0.70 0.49 0.58 0.40 0.37 0.06 0.26 0.29 0.35 0.16 0.13
25 100000.00 0.06 0.21 0.57 0.51 0.54 0.58 0.03 0.12 0.29 0.17 0.27 0.30
26 100000.00 0.07 0.16 0.12 0.12 0.16 0.16 100000.00 0.04 0.04 0.05 0.10 100000.00
27 100000.00 0.10 0.10 0.10 0.19 0.13 0.10 100000.00 100000.00 0.06 0.09 0.06 100000.00
28 100000.00 0.19 0.26 0.19 0.12 0.58 0.45 0.08 0.11 0.06 0.08 0.37 0.29
29 100000.00 0.16 0.09 0.12 0.16 0.16 0.16 0.04 0.02 0.05 0.10 0.05 0.05
30 100000.00 0.14 0.20 0.20 0.11 0.17 0.07 0.05 0.05 0.12 0.07 0.05 0.05
31 100000.00 0.20 0.26 0.26 0.08 0.17 0.23 0.13 100000.00 0.16 0.05 0.04 100000.00
32 100000.00 0.17 0.13 0.13 0.13 0.17 0.07 0.07 0.03 0.09 0.07 0.06 0.05
33 100000.00 0.20 0.26 0.14 0.47 0.23 0.08 0.08 0.18 0.08 0.33 0.14 0.05
34 100000.00 0.08 0.14 0.11 0.14 0.14 0.11 0.05 0.10 0.03 0.10 0.05 0.07
35 100000.00 0.23 0.07 0.07 0.10 0.23 0.20 0.06 0.03 0.03 0.03 0.09 0.11
36 100000.00 0.09 0.28 0.18 0.21 0.12 0.31 0.03 100000.00 0.04 0.10 100000.00 0.16
37 100000.00 0.16 0.07 0.13 0.16 0.16 0.07 0.05 0.04 0.08 0.04 0.07 0.04
38 100000.00 0.06 0.16 0.19 0.19 0.25 0.09 0.04 0.10 0.12 0.11 0.14 0.03
39 100000.00 0.15 0.11 0.14 0.08 0.14 0.14 0.04 100000.00 100000.00 0.02 100000.00 0.04
40 100000.00 0.09 0.06 0.12 0.12 0.09 0.09 0.06 0.04 0.08 0.07 0.05 0.06
41 100000.00 0.44 0.23 0.47 0.47 0.35 0.44 0.22 0.15 0.13 0.29 0.12 0.19
42 100000.00 0.19 0.34 0.34 0.22 0.28 0.13 0.07 0.15 0.23 0.12 0.16 0.05
43 100000.00 0.17 0.08 0.14 0.23 0.11 0.14 0.07 0.02 0.10 0.12 0.04 0.04
44 100000.00 0.15 0.10 0.15 0.08 0.12 0.15 0.04 0.05 0.07 0.04 0.05 0.07
45 100000.00 0.12 0.18 0.18 0.12 0.09 0.12 0.07 0.08 0.04 0.07 0.04 0.05
<task rigidity>
1 7
2 6
3 10
4 6
5 1
6 7
7 1
8 3
9 1
10 3
11 1
12 2
13 9
14 4
15 5
16 7
17 2
18 3
19 6
20 8
21 9
22 4
23 1
24 4
25 3
26 7
27 3
28 2
29 6
30 1
31 4
32 5
33 5
34 2
35 3
36 1
37 5
38 5
39 4
40 9
41 2
42 6
43 8
44 6
45 1
<precedence relations>
1,3
1,7
2,4
2,8
3,5
4,6
5,9
6,10
7,9
7,14
8,10
8,14
9,41
10,41
11,13
12,13
12,37
13,14
13,15
14,17
14,25
14,29
14,30
14,31
14,32
15,16
15,18
15,23
15,24
16,19
17,26
17,27
18,19
19,20
19,33
20,21
21,22
22,28
23,33
24,33
25,26
26,38
27,28
27,33
28,38
29,41
30,41
31,41
32,41
33,34
33,35
33,36
34,38
35,40
36,38
37,43
38,40
39,41
40,41
41,42
42,44
42,45
<end>