<number of tasks>
45
<number of stations>
10
<number of workers>
10
<type of the robots>
1
<limit of the robots>
4
<task times>
1 12 8 9 4 6 6 8 9 4 6 8 6 7 3 5 5 6 6 3 4 5
2 100000 4 4 6 7 3 9 8 9 2 7 100000 3 4 5 2 6 100000 7 100000 5
3 13 4 7 5 4 9 8 2 3 10 4 3 5 4 3 7 6 2 2 7 3
4 14 2 7 5 1 6 10 3 8 5 2 2 5 4 1 4 7 2 5 4 2
5 23 4 6 7 4 15 7 15 13 10 1 3 4 5 3 10 5 10 9 7 1
6 100000 13 9 15 11 7 14 10 6 8 7 100000 100000 10 7 5 9 100000 100000 6 5
7 18 9 5 4 2 1 9 11 7 3 1 6 4 3 2 1 6 8 5 2 1
8 16 7 11 12 7 4 8 7 9 4 5 5 8 8 5 3 5 5 6 3 4
9 100000 7 17 10 17 2 3 5 8 2 15 5 12 7 100000 2 2 100000 6 2 10
10 100000 9 3 3 20 15 6 14 8 13 20 7 100000 100000 13 100000 4 9 100000 100000 13
11 14 4 4 3 3 8 6 8 1 6 6 3 3 2 2 5 4 6 1 5 4
12 100000 8 9 1 1 6 6 10 5 3 8 6 100000 100000 100000 4 100000 7 4 100000 6
13 7 3 6 2 5 3 1 1 4 4 2 3 4 2 4 3 1 1 3 3 2
14 30 4 14 14 11 22 12 13 22 17 19 3 10 9 8 15 8 9 14 11 13
15 100000 1 1 10 8 11 4 10 5 9 2 1 1 7 100000 8 100000 100000 100000 6 100000
16 100000 18 17 5 13 1 19 11 14 6 1 100000 11 4 9 1 13 100000 9 4 100000
17 15 7 8 9 3 12 2 3 1 2 11 5 6 6 3 9 2 2 1 2 8
18 100000 2 3 3 1 1 2 1 1 2 1 2 100000 2 1 1 2 1 1 2 1
19 9 1 2 5 1 7 7 2 2 4 5 1 2 4 1 5 5 2 2 3 4
20 5 1 4 1 1 2 2 1 4 1 4 1 3 1 1 2 2 1 3 1 3
21 71 53 27 42 32 4 4 37 28 26 42 33 19 29 22 3 3 25 20 18 29
22 100000 1 10 7 3 12 14 10 7 1 12 1 7 100000 2 8 9 7 5 1 8
23 36 8 8 17 23 4 11 23 19 14 17 5 5 12 16 3 7 16 13 10 12
24 37 25 26 9 9 1 2 25 26 8 25 16 17 6 7 1 2 16 17 6 17
25 33 2 20 19 9 9 18 24 19 24 26 2 14 12 7 6 11 16 12 16 18
26 8 1 3 5 6 3 3 3 3 3 6 1 3 4 5 2 2 2 2 3 5
27 6 5 4 3 3 4 3 1 4 2 4 4 3 3 2 3 2 1 3 2 3
28 100000 24 24 22 22 13 6 14 20 1 21 100000 15 15 15 9 4 9 13 1 15
29 100000 1 3 2 4 4 3 4 1 4 4 100000 2 2 3 100000 2 100000 1 3 3
30 6 2 1 4 2 5 2 2 2 5 2 2 1 3 2 4 2 2 2 4 2
31 100000 6 3 5 5 5 2 2 4 7 2 4 2 4 4 100000 2 100000 3 5 2
32 5 1 1 4 2 4 3 3 2 1 4 1 1 3 2 3 2 2 2 1 3
33 100000 13 4 1 14 1 9 15 15 9 7 9 3 1 10 1 6 10 10 100000 100000
34 4 2 2 1 1 3 1 2 2 1 3 2 2 1 1 2 1 2 2 1 2
35 9 6 1 4 3 7 4 6 5 4 5 5 1 3 3 5 3 4 4 3 4
36 100000 8 8 2 5 5 8 6 9 6 5 6 6 100000 100000 100000 6 5 6 4 100000
37 100000 4 1 2 3 1 4 1 2 1 2 3 1 100000 2 100000 3 1 100000 1 2
38 9 6 7 7 2 2 2 1 4 6 6 5 5 5 2 2 2 1 3 4 5
39 100000 1 3 1 3 1 2 4 4 4 4 1 2 1 2 100000 2 3 100000 3 100000
40 100000 3 1 3 2 3 3 1 2 3 3 3 1 100000 100000 100000 100000 1 2 2 2
41 100000 6 11 4 19 9 10 4 7 7 19 5 8 3 12 100000 100000 3 5 5 14
42 16 3 1 2 3 4 9 10 9 4 7 3 1 2 3 3 6 7 6 3 5
43 100000 6 3 5 3 6 4 3 2 6 2 4 2 100000 2 4 3 3 2 4 100000
44 6 4 2 3 4 1 1 3 1 4 3 3 2 3 3 1 1 2 1 3 2
45 100000 4 4 2 1 3 4 4 3 3 3 3 3 2 1 100000 3 3 3 2 3
<posture of tasks>
1 1
2 1
3 1
4 1
5 1
6 1
7 1
8 1
9 0
10 1
11 1
12 0
13 1
14 1
15 1
16 1
17 1
18 1
19 1
20 1
21 1
22 1
23 0
24 1
25 1
26 1
27 1
28 0
29 1
30 1
31 1
32 1
33 0
34 1
35 1
36 1
37 1
38 1
39 0
40 1
41 0
42 1
43 1
44 0
45 0
<max energy cosumption of alternatives>
1 100000.00
2 2.49
3 5.22
4 4.43
5 4.46
6 5.20
7 5.47
8 2.56
9 2.26
10 5.15
11 5.48
<energy cosumption of alternatives>
1 100000.00 0.23 0.31 0.16 0.22 0.22 0.28 0.23 0.14 0.22 0.28 0.05 0.16 0.10 0.07 0.13 0.19 0.07 0.08 0.06 0.17
2 100000.00 0.14 0.16 0.23 0.26 0.13 0.32 0.23 0.24 0.10 0.26 100000.00 0.06 0.09 0.14 0.04 0.09 100000.00 0.13 100000.00 0.15
3 100000.00 0.13 0.25 0.19 0.16 0.31 0.28 0.07 0.10 0.34 0.16 0.08 0.17 0.12 0.03 0.19 0.15 0.02 0.05 0.18 0.07
4 100000.00 0.07 0.24 0.19 0.06 0.22 0.34 0.10 0.22 0.18 0.09 0.05 0.16 0.08 0.04 0.11 0.12 0.03 0.13 0.07 0.02
5 100000.00 0.14 0.22 0.25 0.16 0.50 0.25 0.38 0.32 0.34 0.07 0.08 0.08 0.15 0.08 0.12 0.14 0.24 0.18 0.18 0.04
6 100000.00 0.34 0.30 0.51 0.36 0.24 0.45 0.25 0.15 0.27 0.24 100000.00 100000.00 0.32 0.22 0.10 0.11 100000.00 100000.00 0.06 0.06
7 100000.00 0.27 0.20 0.18 0.11 0.08 0.33 0.31 0.21 0.14 0.08 0.13 0.12 0.04 0.04 0.02 0.07 0.13 0.07 0.08 0.02
8 100000.00 0.21 0.38 0.42 0.26 0.17 0.29 0.21 0.24 0.17 0.20 0.11 0.17 0.10 0.17 0.09 0.10 0.05 0.15 0.08 0.04
9 100000.00 0.16 0.43 0.27 0.43 0.09 0.11 0.11 0.18 0.09 0.39 0.08 0.27 0.19 100000.00 0.05 0.07 100000.00 0.05 0.03 0.26
10 100000.00 0.25 0.13 0.13 0.65 0.49 0.22 0.35 0.22 0.43 0.65 0.15 100000.00 100000.00 0.40 100000.00 0.12 0.09 100000.00 100000.00 0.41
11 100000.00 0.13 0.16 0.13 0.13 0.28 0.22 0.22 0.04 0.22 0.22 0.06 0.04 0.03 0.05 0.10 0.08 0.11 0.01 0.14 0.10
12 100000.00 0.18 0.24 0.06 0.06 0.18 0.18 0.20 0.11 0.11 0.22 0.07 100000.00 100000.00 100000.00 0.05 100000.00 0.09 0.03 100000.00 0.11
13 100000.00 0.12 0.23 0.11 0.20 0.14 0.08 0.06 0.14 0.17 0.11 0.07 0.15 0.07 0.11 0.05 0.04 0.04 0.09 0.08 0.07
14 100000.00 0.13 0.46 0.46 0.37 0.73 0.40 0.32 0.53 0.55 0.61 0.04 0.19 0.31 0.24 0.47 0.23 0.18 0.15 0.20 0.43
15 100000.00 0.05 0.07 0.35 0.28 0.38 0.16 0.26 0.14 0.31 0.10 0.02 0.03 0.14 100000.00 0.11 100000.00 100000.00 100000.00 0.13 100000.00
16 100000.00 0.46 0.54 0.18 0.42 0.06 0.61 0.28 0.34 0.21 0.06 100000.00 0.16 0.05 0.18 0.02 0.18 100000.00 0.14 0.13 100000.00
17 100000.00 0.19 0.27 0.31 0.12 0.40 0.09 0.10 0.04 0.09 0.37 0.06 0.14 0.13 0.08 0.27 0.03 0.06 0.01 0.02 0.11
18 100000.00 0.08 0.13 0.13 0.07 0.07 0.10 0.05 0.05 0.10 0.07 0.03 100000.00 0.04 0.03 0.02 0.07 0.02 0.02 0.03 0.03
19 100000.00 0.04 0.09 0.18 0.06 0.24 0.24 0.06 0.06 0.15 0.18 0.02 0.03 0.07 0.02 0.16 0.13 0.02 0.04 0.10 0.06
20 100000.00 0.06 0.17 0.08 0.07 0.11 0.11 0.05 0.14 0.07 0.17 0.03 0.11 0.04 0.03 0.02 0.05 0.01 0.04 0.05 0.11
21 100000.00 1.39 0.84 1.40 1.06 0.14 0.14 0.90 0.71 0.81 1.37 0.53 0.18 0.73 0.25 0.10 0.05 0.32 0.35 0.36 0.59
22 100000.00 0.05 0.35 0.26 0.14 0.41 0.47 0.27 0.20 0.07 0.41 0.02 0.16 100000.00 0.09 0.20 0.30 0.05 0.07 0.02 0.27
23 100000.00 0.18 0.22 0.45 0.57 0.13 0.29 0.43 0.36 0.36 0.43 0.09 0.07 0.26 0.21 0.09 0.19 0.12 0.21 0.13 0.28
24 100000.00 0.67 0.84 0.33 0.32 0.08 0.11 0.62 0.64 0.29 0.81 0.43 0.29 0.11 0.14 0.02 0.07 0.40 0.39 0.12 0.45
25 100000.00 0.07 0.64 0.64 0.30 0.30 0.58 0.59 0.47 0.76 0.82 0.04 0.13 0.19 0.06 0.14 0.15 0.17 0.32 0.31 0.22
26 100000.00 0.06 0.14 0.20 0.23 0.14 0.14 0.11 0.11 0.14 0.23 0.02 0.09 0.05 0.05 0.06 0.07 0.06 0.08 0.10 0.12
27 100000.00 0.16 0.15 0.12 0.12 0.15 0.12 0.04 0.13 0.09 0.15 0.09 0.04 0.06 0.03 0.04 0.07 0.01 0.04 0.02 0.05
28 100000.00 0.49 0.60 0.58 0.55 0.35 0.19 0.28 0.40 0.07 0.53 100000.00 0.27 0.25 0.33 0.14 0.09 0.12 0.17 0.04 0.29
29 100000.00 0.05 0.13 0.10 0.16 0.16 0.13 0.14 0.05 0.16 0.16 100000.00 0.03 0.04 0.06 100000.00 0.04 100000.00 0.01 0.04 0.09
30 100000.00 0.07 0.06 0.15 0.09 0.18 0.09 0.07 0.07 0.18 0.09 0.04 0.03 0.07 0.05 0.08 0.06 0.04 0.03 0.09 0.05
31 100000.00 0.19 0.14 0.21 0.20 0.21 0.11 0.09 0.15 0.26 0.11 0.11 0.03 0.14 0.09 100000.00 0.03 100000.00 0.04 0.15 0.04
32 100000.00 0.04 0.07 0.16 0.10 0.16 0.13 0.10 0.07 0.07 0.16 0.02 0.03 0.10 0.06 0.05 0.04 0.04 0.04 0.03 0.10
33 100000.00 0.26 0.12 0.05 0.35 0.05 0.24 0.29 0.29 0.24 0.19 0.13 0.05 0.02 0.19 0.03 0.14 0.14 0.18 100000.00 100000.00
34 100000.00 0.07 0.09 0.06 0.06 0.12 0.06 0.06 0.06 0.06 0.12 0.02 0.03 0.02 0.02 0.04 0.03 0.04 0.03 0.03 0.06
35 100000.00 0.17 0.06 0.16 0.13 0.25 0.16 0.16 0.14 0.16 0.19 0.07 0.02 0.06 0.08 0.16 0.05 0.07 0.06 0.09 0.10
36 100000.00 0.22 0.27 0.09 0.18 0.18 0.27 0.16 0.22 0.21 0.18 0.13 0.06 100000.00 100000.00 100000.00 0.15 0.04 0.13 0.09 100000.00
37 100000.00 0.13 0.06 0.09 0.12 0.06 0.16 0.04 0.07 0.06 0.09 0.06 0.03 100000.00 0.05 100000.00 0.04 0.02 100000.00 0.02 0.06
38 100000.00 0.18 0.26 0.26 0.11 0.11 0.11 0.06 0.14 0.23 0.23 0.10 0.14 0.16 0.06 0.03 0.04 0.01 0.04 0.11 0.11
39 100000.00 0.03 0.09 0.05 0.09 0.05 0.07 0.09 0.09 0.12 0.12 0.01 0.06 0.03 0.02 100000.00 0.02 0.03 100000.00 0.06 100000.00
40 100000.00 0.12 0.08 0.14 0.11 0.14 0.14 0.06 0.08 0.14 0.14 0.06 0.02 100000.00 100000.00 100000.00 100000.00 0.04 0.06 0.09 0.04
41 100000.00 0.13 0.29 0.13 0.47 0.24 0.27 0.11 0.16 0.20 0.47 0.03 0.06 0.06 0.12 100000.00 100000.00 0.05 0.08 0.10 0.15
42 100000.00 0.11 0.07 0.10 0.13 0.16 0.32 0.26 0.23 0.16 0.25 0.06 0.04 0.06 0.07 0.04 0.19 0.14 0.05 0.10 0.15
43 100000.00 0.17 0.12 0.19 0.12 0.22 0.15 0.10 0.07 0.21 0.09 0.04 0.08 100000.00 0.07 0.09 0.07 0.03 0.04 0.13 100000.00
44 100000.00 0.11 0.08 0.11 0.13 0.06 0.06 0.09 0.04 0.13 0.11 0.03 0.06 0.05 0.06 0.04 0.03 0.05 0.02 0.05 0.06
45 100000.00 0.12 0.14 0.09 0.07 0.11 0.14 0.12 0.10 0.11 0.11 0.06 0.08 0.03 0.04 100000.00 0.08 0.04 0.04 0.07 0.03
<task rigidity>
1 3
2 7
3 1
4 5
5 2
6 10
7 5
8 6
9 6
10 8
11 6
12 5
13 10
14 9
15 2
16 4
17 2
18 6
19 5
20 5
21 7
22 4
23 4
24 3
25 3
26 9
27 3
28 7
29 6
30 2
31 7
32 4
33 2
34 4
35 8
36 1
37 2
38 8
39 5
40 7
41 6
42 1
43 10
44 7
45 4
<precedence relations>
1,3
1,7
2,4
2,8
3,5
4,6
5,9
6,10
7,9
7,14
8,10
8,14
9,41
10,41
11,13
12,13
12,37
13,14
13,15
14,17
14,25
14,29
14,30
14,31
14,32
15,16
15,18
15,23
15,24
16,19
17,26
17,27
18,19
19,20
19,33
20,21
21,22
22,28
23,33
24,33
25,26
26,38
27,28
27,33
28,38
29,41
30,41
31,41
32,41
33,34
33,35
33,36
34,38
35,40
36,38
37,43
38,40
39,41
40,41
41,42
42,44
42,45
<end>