<number of tasks>
45
<number of stations>
8
<number of workers>
8
<type of the robots>
1
<limit of the robots>
4
<task times>
1 100000 1 6 4 4 7 4 8 1 1 5 3 100000 5 3 6 1
2 12 1 6 7 9 7 7 8 8 1 4 5 6 5 5 6 5
3 14 4 2 1 6 2 6 6 9 3 2 1 5 2 5 5 6
4 100000 2 7 7 7 4 2 7 1 2 100000 100000 100000 3 2 5 1
5 100000 16 1 2 14 7 17 2 2 10 1 2 100000 5 11 2 2
6 23 12 17 14 15 8 8 5 3 8 12 10 10 6 5 4 2
7 16 7 3 1 2 4 11 9 2 5 2 1 2 3 7 6 2
8 17 3 2 13 3 7 4 7 2 2 2 9 2 5 3 5 2
9 28 10 9 4 10 11 6 15 1 7 7 3 7 8 4 10 1
10 28 8 19 11 10 11 9 13 8 6 12 7 7 7 7 9 5
11 14 1 8 2 2 3 2 5 8 1 6 2 2 2 2 4 6
12 14 1 4 10 9 6 2 11 4 1 3 7 6 4 2 8 3
13 7 5 5 1 4 6 1 3 1 4 4 1 3 5 1 3 1
14 100000 1 15 20 10 4 7 5 8 1 10 14 7 3 5 4 6
15 15 5 3 2 8 6 8 6 2 4 2 2 6 5 6 5 2
16 24 15 9 2 13 6 3 2 19 10 7 2 9 4 2 2 13
17 15 7 10 3 6 4 7 5 12 5 7 2 4 3 5 4 8
18 100000 2 1 3 3 1 2 3 3 100000 100000 2 2 1 100000 3 3
19 100000 1 5 3 5 2 7 3 2 1 100000 3 4 2 5 2 2
20 5 4 4 1 2 4 2 2 2 3 3 1 2 3 2 2 2
21 100000 21 12 8 48 31 9 30 6 100000 8 6 100000 20 100000 20 4
22 18 7 1 11 5 13 12 13 7 5 1 8 4 9 8 9 5
23 37 3 9 17 20 25 8 9 20 2 6 11 14 16 6 6 14
24 37 9 17 26 12 27 19 4 17 6 12 18 8 19 14 3 12
25 100000 15 12 13 26 26 26 8 21 100000 8 8 100000 100000 18 6 15
26 7 6 4 2 5 6 2 5 4 5 3 2 4 4 2 4 3
27 100000 3 1 4 2 1 2 2 4 2 100000 3 2 100000 2 100000 3
28 100000 18 22 5 23 24 19 15 19 11 15 4 15 100000 100000 100000 13
29 100000 2 1 4 2 1 4 3 1 2 1 3 2 1 100000 2 100000
30 6 4 3 2 2 2 5 5 3 3 3 2 2 2 4 4 2
31 100000 6 6 1 2 7 7 7 1 5 4 100000 100000 5 5 100000 1
32 5 3 1 2 3 3 2 3 1 2 1 2 3 3 2 2 1
33 100000 13 1 8 8 2 5 10 3 9 100000 6 6 2 100000 7 3
34 4 2 1 2 3 3 2 2 3 2 1 2 3 3 2 2 2
35 9 7 1 1 7 1 6 2 4 5 1 1 5 1 5 2 3
36 12 1 9 3 6 3 4 1 9 1 6 2 5 2 3 1 6
37 5 4 3 4 4 4 1 1 1 3 2 3 3 3 1 1 1
38 100000 1 4 6 2 1 5 4 1 1 3 4 2 100000 4 3 1
39 100000 1 2 5 3 1 2 4 5 1 2 100000 2 1 2 3 4
40 100000 2 1 4 1 4 2 2 4 100000 100000 3 100000 3 2 2 3
41 29 2 10 15 18 11 12 9 10 2 7 10 12 8 9 7 7
42 16 2 10 6 1 11 3 1 2 2 7 4 1 8 2 1 2
43 7 3 4 1 4 6 1 4 5 2 3 1 3 4 1 3 4
44 7 1 3 2 5 1 2 5 1 1 3 2 4 1 2 4 1
45 100000 4 1 4 5 1 4 4 2 3 1 3 4 1 3 100000 2
<posture of tasks>
1 1
2 1
3 1
4 1
5 1
6 0
7 1
8 0
9 1
10 1
11 1
12 1
13 1
14 1
15 0
16 0
17 1
18 1
19 1
20 1
21 1
22 1
23 1
24 1
25 1
26 0
27 0
28 1
29 1
30 1
31 0
32 0
33 1
34 1
35 0
36 1
37 1
38 1
39 1
40 0
41 1
42 1
43 1
44 1
45 0
<max energy cosumption of alternatives>
1 100000.00
2 4.94
3 2.65
4 2.46
5 2.73
6 4.93
7 2.26
8 4.53
9 3.04
<energy cosumption of alternatives>
1 100000.00 0.07 0.18 0.14 0.14 0.26 0.14 0.29 0.06 0.04 0.10 0.07 100000.00 0.06 0.03 0.16 0.02
2 100000.00 0.06 0.17 0.20 0.26 0.25 0.20 0.28 0.23 0.02 0.08 0.06 0.12 0.11 0.05 0.07 0.12
3 100000.00 0.17 0.08 0.05 0.18 0.10 0.18 0.23 0.27 0.06 0.04 0.04 0.11 0.03 0.08 0.06 0.12
4 100000.00 0.11 0.21 0.21 0.21 0.17 0.09 0.26 0.06 0.02 100000.00 100000.00 100000.00 0.05 0.03 0.07 0.03
5 100000.00 0.54 0.03 0.06 0.37 0.24 0.43 0.09 0.07 0.37 0.01 0.04 100000.00 0.08 0.11 0.06 0.02
6 100000.00 0.31 0.34 0.29 0.31 0.22 0.18 0.15 0.08 0.19 0.14 0.18 0.07 0.11 0.10 0.04 0.05
7 100000.00 0.25 0.11 0.05 0.08 0.16 0.30 0.31 0.08 0.10 0.03 0.03 0.05 0.08 0.13 0.14 0.02
8 100000.00 0.10 0.06 0.26 0.08 0.19 0.10 0.19 0.06 0.03 0.03 0.12 0.05 0.10 0.06 0.08 0.03
9 100000.00 0.35 0.27 0.14 0.30 0.38 0.18 0.50 0.06 0.15 0.10 0.06 0.07 0.10 0.07 0.35 0.03
10 100000.00 0.27 0.49 0.28 0.27 0.36 0.24 0.42 0.21 0.13 0.12 0.14 0.16 0.08 0.15 0.25 0.09
11 100000.00 0.08 0.24 0.09 0.09 0.14 0.09 0.20 0.24 0.02 0.06 0.04 0.05 0.04 0.02 0.07 0.07
12 100000.00 0.07 0.14 0.29 0.26 0.22 0.08 0.38 0.14 0.02 0.07 0.09 0.08 0.15 0.05 0.26 0.04
13 100000.00 0.19 0.16 0.04 0.13 0.22 0.04 0.13 0.04 0.07 0.04 0.02 0.06 0.08 0.03 0.03 0.03
14 100000.00 0.06 0.40 0.53 0.28 0.15 0.19 0.19 0.22 0.01 0.17 0.34 0.17 0.08 0.06 0.12 0.13
15 100000.00 0.15 0.09 0.07 0.18 0.18 0.18 0.18 0.07 0.06 0.04 0.02 0.06 0.12 0.10 0.09 0.03
16 100000.00 0.41 0.21 0.07 0.28 0.18 0.09 0.09 0.39 0.21 0.13 0.05 0.14 0.08 0.07 0.03 0.10
17 100000.00 0.25 0.28 0.10 0.17 0.16 0.19 0.19 0.34 0.11 0.12 0.07 0.11 0.10 0.06 0.08 0.19
18 100000.00 0.10 0.05 0.11 0.11 0.07 0.08 0.13 0.11 100000.00 100000.00 0.04 0.04 0.04 100000.00 0.06 0.07
19 100000.00 0.08 0.18 0.12 0.18 0.11 0.21 0.14 0.09 0.02 100000.00 0.04 0.08 0.07 0.11 0.06 0.05
20 100000.00 0.17 0.15 0.06 0.09 0.17 0.09 0.11 0.09 0.04 0.09 0.02 0.03 0.10 0.04 0.06 0.02
21 100000.00 0.69 0.30 0.21 1.26 1.00 0.24 0.97 0.18 100000.00 0.14 0.13 100000.00 0.24 100000.00 0.64 0.09
22 100000.00 0.27 0.06 0.31 0.18 0.45 0.34 0.45 0.21 0.06 0.04 0.06 0.07 0.22 0.18 0.15 0.14
23 100000.00 0.13 0.26 0.45 0.54 0.80 0.23 0.31 0.54 0.04 0.18 0.26 0.36 0.35 0.12 0.06 0.33
24 100000.00 0.32 0.45 0.67 0.33 0.86 0.51 0.16 0.48 0.21 0.25 0.39 0.08 0.54 0.34 0.08 0.15
25 100000.00 0.51 0.31 0.34 0.67 0.81 0.65 0.27 0.55 100000.00 0.20 0.15 100000.00 100000.00 0.40 0.17 0.21
26 100000.00 0.17 0.10 0.05 0.12 0.17 0.05 0.14 0.10 0.11 0.05 0.02 0.03 0.05 0.02 0.05 0.03
27 100000.00 0.12 0.05 0.12 0.08 0.07 0.08 0.10 0.12 0.07 100000.00 0.05 0.05 100000.00 0.04 100000.00 0.03
28 100000.00 0.61 0.56 0.15 0.59 0.76 0.49 0.49 0.50 0.32 0.11 0.05 0.15 100000.00 100000.00 100000.00 0.32
29 100000.00 0.10 0.04 0.13 0.07 0.07 0.13 0.13 0.05 0.06 0.01 0.06 0.02 0.03 100000.00 0.06 100000.00
30 100000.00 0.16 0.10 0.07 0.07 0.09 0.16 0.18 0.10 0.11 0.05 0.05 0.02 0.05 0.09 0.07 0.06
31 100000.00 0.17 0.13 0.03 0.06 0.19 0.15 0.19 0.03 0.07 0.05 100000.00 100000.00 0.06 0.04 100000.00 0.02
32 100000.00 0.12 0.05 0.07 0.10 0.12 0.07 0.12 0.05 0.05 0.03 0.02 0.05 0.06 0.04 0.04 0.02
33 100000.00 0.45 0.06 0.24 0.24 0.11 0.17 0.35 0.11 0.15 100000.00 0.15 0.16 0.05 100000.00 0.08 0.05
34 100000.00 0.10 0.05 0.08 0.11 0.13 0.08 0.10 0.11 0.07 0.03 0.03 0.03 0.07 0.02 0.04 0.04
35 100000.00 0.20 0.04 0.04 0.15 0.06 0.13 0.08 0.11 0.12 0.02 0.01 0.06 0.02 0.03 0.03 0.03
36 100000.00 0.07 0.26 0.11 0.18 0.13 0.14 0.07 0.27 0.02 0.10 0.07 0.12 0.04 0.07 0.03 0.06
37 100000.00 0.16 0.10 0.13 0.13 0.15 0.04 0.06 0.04 0.09 0.03 0.09 0.05 0.05 0.01 0.02 0.01
38 100000.00 0.07 0.13 0.17 0.07 0.07 0.16 0.16 0.04 0.04 0.04 0.08 0.04 100000.00 0.04 0.08 0.03
39 100000.00 0.08 0.09 0.17 0.12 0.07 0.09 0.17 0.18 0.04 0.05 100000.00 0.08 0.05 0.02 0.04 0.05
40 100000.00 0.09 0.05 0.12 0.05 0.14 0.07 0.09 0.12 100000.00 100000.00 0.06 100000.00 0.08 0.03 0.04 0.05
41 100000.00 0.09 0.28 0.40 0.47 0.36 0.31 0.30 0.28 0.02 0.06 0.23 0.32 0.12 0.10 0.08 0.06
42 100000.00 0.11 0.30 0.18 0.06 0.38 0.12 0.08 0.09 0.04 0.20 0.10 0.03 0.09 0.08 0.05 0.04
43 100000.00 0.14 0.14 0.05 0.14 0.23 0.05 0.17 0.17 0.08 0.07 0.03 0.09 0.11 0.03 0.07 0.07
44 100000.00 0.07 0.11 0.08 0.17 0.07 0.08 0.20 0.05 0.05 0.03 0.06 0.06 0.03 0.04 0.13 0.04
45 100000.00 0.13 0.04 0.11 0.13 0.06 0.11 0.13 0.06 0.06 0.02 0.06 0.08 0.02 0.02 100000.00 0.03
<task rigidity>
1 3
2 1
3 1
4 3
5 2
6 7
7 4
8 1
9 8
10 10
11 3
12 6
13 6
14 3
15 7
16 2
17 9
18 3
19 6
20 8
21 6
22 10
23 8
24 1
25 5
26 2
27 5
28 9
29 6
30 5
31 7
32 8
33 8
34 9
35 4
36 3
37 9
38 5
39 10
40 1
41 10
42 10
43 9
44 1
45 5
<precedence relations>
1,3
1,7
2,4
2,8
3,5
4,6
5,9
6,10
7,9
7,14
8,10
8,14
9,41
10,41
11,13
12,13
12,37
13,14
13,15
14,17
14,25
14,29
14,30
14,31
14,32
15,16
15,18
15,23
15,24
16,19
17,26
17,27
18,19
19,20
19,33
20,21
21,22
22,28
23,33
24,33
25,26
26,38
27,28
27,33
28,38
29,41
30,41
31,41
32,41
33,34
33,35
33,36
34,38
35,40
36,38
37,43
38,40
39,41
40,41
41,42
42,44
42,45
<end>