<number of tasks>
53
<number of stations>
4
<number of workers>
4
<type of the robots>
1
<limit of the robots>
1
<task times>
1 1345 258 446 13 558 177 289 9 372
2 193 7 97 112 87 5 62 73 57
3 100000 55 60 82 58 100000 100000 100000 100000
4 187 62 50 16 77 38 34 11 53
5 100000 34 22 53 68 24 15 34 47
6 100000 8 83 15 66 6 54 10 40
7 134 96 44 4 3 63 27 3 2
8 100000 372 164 1099 534 249 100000 756 331
9 218 117 52 4 52 73 35 3 32
10 100000 59 79 54 153 39 54 33 98
11 111 43 4 8 28 28 3 5 20
12 100000 23 9 42 22 15 7 28 14
13 145 89 52 74 38 62 34 49 24
14 100000 344 49 172 281 233 31 113 185
15 2080 131 387 38 1182 82 264 24 806
16 330 130 2 34 110 88 2 24 75
17 360 142 39 160 254 87 27 104 159
18 164 73 6 115 97 47 4 77 64
19 809 511 521 345 376 326 354 230 258
20 111 19 23 33 18 14 15 23 12
21 100000 37 58 34 35 23 100000 22 100000
22 96 59 21 50 14 38 13 35 9
23 100000 10 83 25 23 100000 56 18 100000
24 100000 71 22 82 85 46 14 52 60
25 143 104 73 48 17 65 49 30 12
26 100000 294 96 66 319 201 60 46 215
27 176 83 58 65 119 55 36 43 77
28 100000 29 47 27 64 20 30 18 44
29 100000 57 86 68 78 100000 61 100000 50
30 100000 54 69 49 48 100000 45 32 32
31 100000 52 46 30 38 34 100000 100000 100000
32 215 35 1 41 59 24 1 28 36
33 254 184 187 179 62 127 125 125 42
34 100000 19 56 13 55 13 39 9 38
35 100000 14 44 28 47 10 28 20 100000
36 66 37 15 25 49 24 11 16 32
37 100000 12 65 41 125 100000 42 100000 81
38 460 15 335 147 247 10 219 91 158
39 100000 6 43 67 42 4 26 100000 28
40 168 85 124 56 22 59 76 37 14
41 100000 27 13 8 16 19 100000 6 100000
42 100000 326 256 170 56 100000 179 113 100000
43 123 24 12 80 84 17 8 56 58
44 100000 14 29 70 6 9 20 100000 4
45 153 82 31 86 41 50 21 53 28
46 100000 225 356 58 79 153 100000 100000 52
47 191 73 103 107 5 46 65 73 4
48 100000 75 37 63 8 100000 26 42 5
49 100000 13 45 55 18 100000 28 34 11
50 89 31 4 30 50 22 3 19 32
51 55 27 2 39 12 18 2 26 9
52 1023 336 144 596 41 231 101 361 28
53 100000 567 1016 717 594 353 100000 100000 409
<posture of tasks>
1 1
2 1
3 1
4 1
5 1
6 1
7 0
8 1
9 1
10 1
11 1
12 0
13 1
14 0
15 1
16 0
17 1
18 0
19 1
20 0
21 1
22 1
23 1
24 1
25 0
26 0
27 1
28 1
29 1
30 1
31 0
32 0
33 1
34 1
35 0
36 1
37 1
38 1
39 0
40 1
41 0
42 1
43 1
44 1
45 1
46 1
47 1
48 1
49 1
50 1
51 1
52 1
53 0
<max energy cosumption of alternatives>
1 100000.00
2 2.20
3 4.56
4 2.10
5 5.50
<energy cosumption of alternatives>
1 100000.00 6.97 15.27 0.33 18.29 1.64 4.50 0.08 9.48
2 100000.00 0.18 3.23 2.82 2.80 0.04 1.39 1.83 1.84
3 100000.00 1.46 2.04 2.06 1.90 100000.00 100000.00 100000.00 100000.00
4 100000.00 1.74 1.72 0.43 2.57 1.03 0.81 0.23 0.76
5 100000.00 0.97 0.75 1.37 2.28 0.64 0.36 0.75 1.06
6 100000.00 0.23 2.89 0.39 2.19 0.13 0.98 0.09 0.97
7 100000.00 1.93 1.14 0.10 0.10 1.06 0.36 0.04 0.05
8 100000.00 10.14 5.63 28.86 17.66 5.35 100000.00 15.55 8.83
9 100000.00 3.16 1.74 0.13 1.68 0.75 1.19 0.09 1.11
10 100000.00 1.63 2.68 1.38 5.05 0.75 1.82 0.58 2.66
11 100000.00 1.13 0.15 0.22 0.93 0.33 0.05 0.08 0.24
12 100000.00 0.46 0.25 0.86 0.55 0.22 0.11 0.58 0.33
13 100000.00 2.42 1.75 1.90 1.26 1.16 0.95 1.20 0.73
14 100000.00 7.06 1.27 3.40 7.08 1.55 0.65 1.89 3.92
15 100000.00 3.59 13.56 1.03 39.52 1.73 4.66 0.55 16.77
16 100000.00 2.73 0.09 0.72 2.82 0.74 0.04 0.36 1.50
17 100000.00 3.76 1.30 4.04 8.18 2.28 0.64 1.03 4.99
18 100000.00 1.47 0.17 2.27 2.43 0.65 0.06 1.36 1.33
19 100000.00 14.05 18.18 9.14 12.57 9.26 4.98 3.90 4.44
20 100000.00 0.39 0.59 0.68 0.45 0.27 0.30 0.23 0.17
21 100000.00 1.02 2.02 0.92 1.18 0.58 100000.00 0.62 100000.00
22 100000.00 1.63 0.71 1.29 0.47 0.93 0.34 0.42 0.24
23 100000.00 0.29 2.90 0.63 0.74 100000.00 2.02 0.29 100000.00
24 100000.00 1.96 0.75 2.15 2.91 0.65 0.23 0.77 1.08
25 100000.00 2.20 1.97 0.96 0.44 1.42 0.90 0.31 0.23
26 100000.00 6.14 2.56 1.33 8.18 4.13 1.13 0.43 3.85
27 100000.00 2.26 1.99 1.68 3.91 0.69 0.79 0.48 2.04
28 100000.00 0.79 1.57 0.66 2.07 0.41 0.76 0.38 0.96
29 100000.00 1.59 3.02 1.81 2.58 100000.00 1.67 100000.00 1.01
30 100000.00 1.43 2.36 1.25 1.57 100000.00 0.82 0.28 0.55
31 100000.00 1.04 1.21 0.63 0.97 0.51 100000.00 100000.00 100000.00
32 100000.00 0.75 0.06 0.82 1.53 0.37 0.04 0.20 0.89
33 100000.00 4.99 6.39 4.69 2.06 3.35 2.58 1.61 0.66
34 100000.00 0.51 1.96 0.33 1.82 0.16 1.33 0.08 1.09
35 100000.00 0.30 1.17 0.59 1.19 0.15 0.71 0.19 100000.00
36 100000.00 1.00 0.50 0.63 1.59 0.69 0.31 0.24 0.52
37 100000.00 0.31 2.19 1.04 4.03 100000.00 1.41 100000.00 1.17
38 100000.00 0.41 11.54 3.82 8.10 0.17 6.62 0.86 1.68
39 100000.00 0.14 1.15 1.36 1.08 0.03 0.55 100000.00 0.75
40 100000.00 2.36 4.29 1.50 0.71 0.57 1.80 0.59 0.24
41 100000.00 0.53 0.34 0.18 0.41 0.35 100000.00 0.13 100000.00
42 100000.00 8.62 8.67 4.36 1.84 100000.00 4.70 1.33 100000.00
43 100000.00 0.62 0.40 2.04 2.78 0.24 0.20 0.48 1.50
44 100000.00 0.40 1.06 1.87 0.23 0.18 0.30 100000.00 0.11
45 100000.00 2.23 1.11 2.31 1.38 0.76 0.43 0.88 0.56
46 100000.00 5.93 11.92 1.48 2.52 3.72 100000.00 100000.00 0.83
47 100000.00 1.94 3.49 2.73 0.18 0.74 1.90 1.42 0.11
48 100000.00 1.98 1.24 1.61 0.27 100000.00 0.81 0.38 0.09
49 100000.00 0.36 1.54 1.43 0.59 100000.00 1.07 0.79 0.28
50 100000.00 0.88 0.17 0.84 1.65 0.25 0.04 0.57 0.61
51 100000.00 0.70 0.10 1.01 0.41 0.35 0.04 0.52 0.21
52 100000.00 9.07 4.97 15.45 1.35 2.37 2.62 4.44 0.80
53 100000.00 11.75 27.16 14.31 15.18 5.76 100000.00 100000.00 3.58
<task rigidity>
1 5
2 3
3 5
4 10
5 3
6 3
7 2
8 8
9 8
10 1
11 1
12 2
13 7
14 4
15 2
16 4
17 10
18 4
19 7
20 3
21 4
22 4
23 5
24 9
25 6
26 10
27 5
28 2
29 3
30 2
31 8
32 2
33 1
34 10
35 4
36 4
37 5
38 1
39 6
40 6
41 4
42 3
43 3
44 1
45 6
46 1
47 4
48 1
49 5
50 3
51 8
52 3
53 5
<precedence relations>
1,2
1,3
1,4
1,5
1,6
1,7
2,36
3,36
4,9
5,9
6,9
7,9
8,9
9,10
10,11
11,12
12,13
12,14
12,15
13,16
13,17
13,18
14,22
15,16
15,17
16,29
16,30
16,31
17,19
18,42
19,20
19,21
19,22
20,23
21,24
22,25
23,36
24,36
25,26
26,27
27,28
28,29
28,30
28,31
28,32
28,33
28,34
29,35
30,35
31,35
32,35
33,35
34,35
35,36
36,37
37,38
37,39
37,40
38,41
39,41
40,41
41,42
42,43
42,44
42,45
42,46
42,47
43,48
44,49
45,51
45,52
46,50
47,51
47,52
48,51
48,52
49,51
49,52
50,51
50,52
51,53
52,53
<end>