<number of tasks>
53
<number of stations>
8
<number of workers>
8
<type of the robots>
1
<limit of the robots>
4
<task times>
1 1351 440 261 812 7 78 871 799 47 291 172 531 5 48 557 543 32
2 189 128 34 115 70 9 75 142 4 88 23 76 47 7 51 92 3
3 190 70 76 11 129 19 101 5 11 47 46 8 90 12 66 4 8
4 100000 7 65 49 6 139 121 21 72 100000 45 33 100000 100000 100000 15 44
5 100000 87 85 21 89 8 41 97 32 100000 100000 100000 56 6 27 100000 22
6 100000 59 62 25 19 43 84 32 87 100000 100000 100000 12 28 100000 100000 100000
7 137 42 50 91 25 65 2 13 63 27 34 63 17 44 2 10 43
8 1592 1077 1180 329 1185 249 154 253 204 689 814 217 719 164 100 160 140
9 209 52 100 102 151 156 32 153 29 33 65 62 103 96 21 106 20
10 245 115 172 101 133 4 68 5 82 77 115 68 89 3 46 4 55
11 110 72 78 2 54 38 56 39 31 50 55 2 37 27 37 26 20
12 100000 60 50 27 30 34 19 53 37 41 34 100000 100000 22 100000 34 100000
13 100000 61 32 99 69 17 90 5 67 39 21 65 100000 12 60 4 42
14 100000 249 150 120 89 415 117 416 47 172 97 75 54 271 77 254 32
15 2071 740 1206 1546 76 570 3 838 956 452 777 966 47 380 3 562 644
16 100000 234 10 151 236 85 46 28 234 161 7 101 165 59 32 19 157
17 350 16 154 239 143 55 51 90 191 10 103 152 91 36 36 57 124
18 100000 100 83 63 124 22 123 16 18 68 56 100000 100000 16 85 11 100000
19 100000 219 370 39 470 166 286 422 503 142 100000 26 289 114 185 293 100000
20 106 31 75 3 4 59 42 76 1 20 52 3 3 42 26 47 1
21 106 76 14 72 61 64 35 14 25 51 9 47 43 43 23 9 16
22 100000 41 44 8 6 11 28 18 19 100000 29 100000 4 7 19 100000 14
23 100000 73 74 43 10 52 35 89 70 48 48 30 100000 100000 23 100000 100000
24 124 78 73 88 55 25 5 70 87 55 48 57 36 16 4 48 59
25 136 58 43 43 58 70 17 69 69 37 30 29 38 49 12 44 48
26 100000 322 304 302 209 235 168 59 326 100000 100000 197 128 150 100000 38 100000
27 182 59 116 92 123 93 11 2 66 40 75 59 80 63 8 2 44
28 100000 64 39 5 10 32 2 51 3 41 26 4 7 22 2 100000 100000
29 135 23 40 88 84 9 24 88 5 16 27 57 58 6 16 61 4
30 94 10 36 39 38 46 48 27 14 7 25 27 26 30 30 18 9
31 93 12 68 1 27 53 11 20 8 9 43 1 19 34 8 13 5
32 100000 28 38 130 89 155 115 123 83 100000 24 100000 62 100000 79 81 53
33 248 70 183 145 12 183 20 58 151 43 112 94 9 120 13 37 103
34 100000 7 46 48 58 9 68 28 19 5 28 32 39 6 100000 17 13
35 69 2 42 34 43 29 39 37 15 2 28 22 29 19 27 23 10
36 68 45 6 31 3 30 24 12 35 31 4 19 2 21 17 8 25
37 168 4 74 23 4 105 115 41 5 3 46 16 3 65 75 28 4
38 100000 208 329 308 275 309 48 263 245 127 100000 216 100000 215 30 100000 159
39 95 21 45 36 1 63 56 55 1 13 28 23 1 45 36 38 1
40 100000 116 14 74 60 7 76 70 1 100000 9 51 42 100000 53 48 1
41 100000 64 56 6 36 47 43 21 23 45 100000 4 23 100000 100000 14 15
42 2420 1434 618 717 942 962 975 1528 1350 997 423 451 634 578 666 984 827
43 125 29 47 62 42 16 16 42 58 20 29 42 27 11 11 28 35
44 100000 18 30 55 20 64 21 63 72 12 21 100000 100000 40 14 41 48
45 147 26 79 102 34 95 91 64 54 16 48 69 22 64 63 42 33
46 100000 105 444 335 420 48 476 128 216 64 270 233 259 31 100000 100000 100000
47 187 106 70 16 107 12 93 124 126 66 49 12 73 8 59 82 77
48 110 48 28 10 49 52 59 10 40 29 20 7 32 34 38 7 27
49 100000 24 74 13 71 36 27 14 63 16 48 9 46 24 19 10 100000
50 87 18 15 43 12 50 16 14 33 13 10 29 9 35 11 9 23
51 54 20 24 32 13 7 30 15 26 14 16 20 8 5 20 10 19
52 1004 703 70 389 685 206 532 558 441 455 45 246 421 144 367 339 284
53 100000 93 138 104 911 233 1077 520 1038 100000 95 64 100000 141 664 361 100000
<posture of tasks>
1 1
2 1
3 1
4 0
5 1
6 1
7 1
8 1
9 0
10 1
11 0
12 1
13 1
14 1
15 0
16 0
17 1
18 1
19 1
20 1
21 1
22 1
23 0
24 1
25 1
26 1
27 1
28 1
29 1
30 1
31 0
32 0
33 1
34 1
35 1
36 1
37 0
38 1
39 1
40 1
41 1
42 1
43 1
44 1
45 1
46 1
47 1
48 1
49 1
50 0
51 1
52 1
53 1
<max energy cosumption of alternatives>
1 100000.00
2 4.32
3 2.38
4 4.87
5 2.53
6 4.90
7 5.58
8 2.30
9 4.44
<energy cosumption of alternatives>
1 100000.00 15.19 6.73 27.26 0.19 2.70 30.50 20.21 1.53 5.10 2.30 9.13 0.07 1.77 10.47 13.21 0.53
2 100000.00 4.50 0.93 3.96 1.84 0.32 2.66 3.70 0.17 1.33 0.42 1.30 1.26 0.19 0.87 1.02 0.10
3 100000.00 2.34 1.89 0.36 3.20 0.63 3.44 0.12 0.36 1.51 0.90 0.22 0.93 0.25 2.18 0.08 0.22
4 100000.00 0.21 1.36 1.30 0.15 3.98 3.45 0.40 1.92 100000.00 0.29 0.27 100000.00 100000.00 100000.00 0.24 0.55
5 100000.00 3.13 2.33 0.69 2.42 0.30 1.48 2.55 1.12 100000.00 100000.00 100000.00 1.42 0.14 0.83 100000.00 0.23
6 100000.00 2.04 1.61 0.80 0.47 1.49 2.97 0.84 2.89 100000.00 100000.00 100000.00 0.32 0.99 100000.00 100000.00 100000.00
7 100000.00 1.44 1.28 3.09 0.63 2.29 0.10 0.32 2.11 0.74 0.81 1.48 0.24 1.46 0.06 0.11 0.63
8 100000.00 37.52 30.72 11.09 30.91 8.81 5.42 6.48 6.81 11.27 21.15 6.40 16.93 3.93 2.52 2.75 2.05
9 100000.00 1.33 1.90 2.57 2.87 4.14 0.85 2.85 0.74 0.38 1.09 1.31 1.04 2.87 0.41 0.76 0.27
10 100000.00 3.99 4.42 3.38 3.38 0.16 2.38 0.13 2.68 2.71 1.79 1.76 1.65 0.09 1.36 0.03 1.52
11 100000.00 1.94 1.54 0.09 1.06 1.06 1.57 0.78 0.83 0.54 0.48 0.02 0.48 0.41 0.82 0.22 0.34
12 100000.00 2.08 1.26 0.86 0.80 1.18 0.64 1.30 1.21 1.20 0.76 100000.00 100000.00 0.26 100000.00 0.59 100000.00
13 100000.00 2.19 0.88 3.40 1.82 0.60 3.25 0.15 2.28 1.36 0.19 2.00 100000.00 0.21 1.18 0.06 0.92
14 100000.00 8.66 3.91 4.06 2.33 14.63 4.12 10.63 1.53 2.50 1.14 1.09 0.77 9.33 1.52 5.58 0.55
15 100000.00 20.69 25.08 42.08 1.57 16.17 0.12 17.12 25.58 12.07 13.24 9.01 0.78 11.12 0.03 3.89 11.21
16 100000.00 6.22 0.19 3.90 4.58 2.32 1.22 0.56 5.93 3.50 0.08 1.41 0.98 1.19 0.45 0.22 1.88
17 100000.00 0.56 4.07 8.17 3.79 1.96 1.80 2.35 6.43 0.17 2.58 3.70 0.81 1.05 0.45 1.09 3.06
18 100000.00 3.52 2.24 2.19 3.30 0.75 4.43 0.42 0.60 1.62 1.14 100000.00 100000.00 0.34 1.57 0.17 100000.00
19 100000.00 7.54 9.61 1.32 12.24 5.84 10.03 10.77 16.69 3.10 100000.00 0.32 5.35 4.06 2.50 7.28 100000.00
20 100000.00 1.14 1.99 0.14 0.15 2.15 1.51 1.99 0.08 0.71 0.91 0.05 0.08 1.21 0.96 0.76 0.03
21 100000.00 2.60 0.35 2.40 1.58 2.24 1.22 0.35 0.80 0.59 0.19 0.76 0.54 1.05 0.35 0.16 0.31
22 100000.00 1.38 1.09 0.27 0.16 0.36 0.98 0.43 0.60 100000.00 0.60 100000.00 0.07 0.22 0.60 100000.00 0.37
23 100000.00 1.91 1.42 1.10 0.19 1.37 0.94 1.70 1.77 0.63 0.86 0.29 100000.00 100000.00 0.60 100000.00 100000.00
24 100000.00 2.66 1.85 2.94 1.41 0.85 0.19 1.75 2.87 1.06 1.23 1.79 0.74 0.43 0.08 0.48 1.46
25 100000.00 2.05 1.11 1.46 1.55 2.48 0.59 1.77 2.32 1.25 0.66 0.71 0.36 0.58 0.26 0.46 0.76
26 100000.00 11.17 7.97 10.17 5.45 8.27 5.95 1.54 10.82 100000.00 100000.00 5.38 1.22 4.41 100000.00 0.93 100000.00
27 100000.00 2.06 3.03 3.12 3.21 3.28 0.38 0.08 2.21 1.33 0.92 2.09 1.76 2.16 0.14 0.02 0.63
28 100000.00 2.20 0.99 0.19 0.26 1.12 0.10 1.27 0.12 1.18 0.23 0.04 0.07 0.58 0.03 100000.00 100000.00
29 100000.00 0.77 1.03 2.98 2.21 0.32 0.82 2.27 0.19 0.44 0.28 0.97 0.82 0.08 0.40 1.26 0.09
30 100000.00 0.35 0.94 1.32 1.00 1.59 1.68 0.66 0.46 0.15 0.38 0.69 0.50 0.70 0.90 0.21 0.12
31 100000.00 0.31 1.34 0.06 0.50 1.40 0.29 0.38 0.22 0.11 0.45 0.04 0.30 0.72 0.07 0.22 0.05
32 100000.00 0.81 0.81 3.49 1.87 4.35 3.27 2.51 2.25 100000.00 0.24 100000.00 0.65 100000.00 1.76 1.42 0.65
33 100000.00 2.42 4.76 4.90 0.32 6.44 0.68 1.51 5.02 0.67 2.64 2.10 0.10 2.99 0.44 0.33 1.67
34 100000.00 0.27 1.22 1.63 1.58 0.33 2.45 0.79 0.63 0.11 0.38 0.46 0.61 0.14 100000.00 0.41 0.15
35 100000.00 0.10 1.09 1.16 1.09 1.04 1.37 0.94 0.49 0.07 0.56 0.62 0.56 0.71 0.61 0.54 0.26
36 100000.00 1.54 0.16 1.05 0.10 1.06 0.82 0.31 1.15 1.00 0.04 0.66 0.05 0.72 0.44 0.20 0.27
37 100000.00 0.13 1.43 0.56 0.10 2.83 3.15 0.78 0.15 0.06 0.85 0.34 0.04 0.58 1.15 0.21 0.08
38 100000.00 7.35 8.69 10.64 7.27 11.12 1.71 6.84 8.29 2.31 100000.00 2.62 100000.00 3.76 0.85 100000.00 3.43
39 100000.00 0.71 1.17 1.24 0.05 2.25 2.01 1.41 0.07 0.49 0.46 0.30 0.03 0.72 0.88 0.37 0.02
40 100000.00 3.95 0.35 2.43 1.54 0.24 2.61 1.73 0.06 100000.00 0.10 1.41 0.43 100000.00 1.76 0.75 0.04
41 100000.00 2.21 1.44 0.21 0.92 1.61 1.49 0.50 0.73 0.93 100000.00 0.07 0.41 100000.00 100000.00 0.10 0.41
42 100000.00 49.56 15.88 24.07 24.23 33.68 34.17 38.53 44.66 13.28 9.69 11.43 6.71 20.55 18.18 14.16 30.57
43 100000.00 1.03 1.23 2.13 1.11 0.56 0.56 1.08 1.96 0.51 0.38 1.41 0.57 0.33 0.32 0.74 1.00
44 100000.00 0.62 0.84 1.87 0.52 2.30 0.72 1.66 2.43 0.32 0.19 100000.00 100000.00 1.12 0.50 0.42 1.68
45 100000.00 0.85 1.98 3.36 0.88 3.26 3.14 1.61 1.72 0.19 1.14 1.75 0.58 1.22 1.65 1.04 0.84
46 100000.00 3.66 11.63 11.43 11.01 1.69 16.92 3.28 7.21 1.42 3.92 5.37 5.45 0.63 100000.00 100000.00 100000.00
47 100000.00 3.73 1.85 0.54 2.82 0.44 3.34 3.23 4.27 2.30 0.95 0.34 1.50 0.15 2.25 1.77 1.30
48 100000.00 1.64 0.74 0.34 1.23 1.79 2.07 0.25 1.31 1.02 0.29 0.20 0.49 0.69 1.29 0.05 0.62
49 100000.00 0.79 1.88 0.43 1.81 1.28 0.91 0.35 2.10 0.20 1.02 0.21 1.17 0.64 0.32 0.23 100000.00
50 100000.00 0.48 0.29 1.12 0.25 1.35 0.43 0.27 0.87 0.15 0.20 0.67 0.17 0.72 0.13 0.11 0.29
51 100000.00 0.68 0.61 1.13 0.33 0.26 1.10 0.39 0.84 0.42 0.36 0.62 0.10 0.10 0.24 0.08 0.33
52 100000.00 24.23 1.79 13.04 17.61 7.21 18.61 14.10 14.59 15.24 0.80 5.75 4.03 4.17 10.89 6.40 8.41
53 100000.00 3.23 3.58 3.48 23.57 8.20 37.94 13.17 34.48 100000.00 1.66 0.82 100000.00 3.12 15.92 7.80 100000.00
<task rigidity>
1 5
2 6
3 4
4 5
5 4
6 6
7 6
8 4
9 3
10 4
11 9
12 2
13 3
14 2
15 7
16 10
17 4
18 6
19 2
20 10
21 2
22 10
23 2
24 9
25 1
26 2
27 7
28 7
29 2
30 7
31 2
32 6
33 3
34 4
35 5
36 6
37 7
38 9
39 2
40 2
41 10
42 6
43 3
44 4
45 9
46 4
47 10
48 2
49 3
50 4
51 2
52 7
53 2
<precedence relations>
1,2
1,3
1,4
1,5
1,6
1,7
2,36
3,36
4,9
5,9
6,9
7,9
8,9
9,10
10,11
11,12
12,13
12,14
12,15
13,16
13,17
13,18
14,22
15,16
15,17
16,29
16,30
16,31
17,19
18,42
19,20
19,21
19,22
20,23
21,24
22,25
23,36
24,36
25,26
26,27
27,28
28,29
28,30
28,31
28,32
28,33
28,34
29,35
30,35
31,35
32,35
33,35
34,35
35,36
36,37
37,38
37,39
37,40
38,41
39,41
40,41
41,42
42,43
42,44
42,45
42,46
42,47
43,48
44,49
45,51
45,52
46,50
47,51
47,52
48,51
48,52
49,51
49,52
50,51
50,52
51,53
52,53
<end>