<number of tasks>
53
<number of stations>
6
<number of workers>
6
<type of the robots>
1
<limit of the robots>
3
<task times>
1 1288 28 572 255 961 301 461 18 395 175 614 196 303
2 193 54 27 141 29 87 8 34 18 89 19 57 6
3 100000 31 23 57 50 15 136 20 15 35 34 10 87
4 184 55 31 37 140 59 65 35 20 24 97 42 45
5 143 3 61 10 16 5 6 2 39 7 11 4 5
6 126 52 44 29 47 59 71 34 30 20 32 39 45
7 100000 96 43 53 52 76 35 61 27 35 100000 53 100000
8 1657 696 694 844 801 18 55 461 461 547 488 12 34
9 210 110 98 121 118 31 5 69 66 84 75 22 4
10 100000 52 116 113 90 38 40 34 72 74 100000 25 27
11 107 1 71 26 1 17 54 1 48 18 1 11 36
12 81 30 45 44 58 53 41 19 29 27 41 34 26
13 153 73 1 9 23 10 14 48 1 6 16 7 10
14 574 254 16 286 228 253 259 158 11 181 158 169 157
15 100000 651 348 215 1122 730 739 450 225 100000 100000 100000 465
16 330 91 87 112 175 78 138 63 58 68 109 51 84
17 100000 14 74 129 23 132 165 9 100000 91 100000 87 111
18 162 71 37 22 102 42 80 50 26 15 69 30 52
19 100000 598 306 101 6 61 417 385 209 64 4 100000 255
20 111 7 41 36 40 41 26 5 28 22 26 28 16
21 109 54 19 76 28 66 46 36 13 51 17 45 31
22 98 7 27 67 70 20 50 5 18 44 45 14 35
23 100000 55 45 56 12 29 28 37 30 100000 100000 100000 18
24 116 79 26 51 52 67 61 53 17 34 37 45 38
25 137 48 51 64 35 105 34 33 35 41 24 64 24
26 444 171 125 190 124 175 211 114 87 120 82 119 143
27 181 91 61 63 9 70 59 57 39 44 7 45 41
28 92 48 53 59 13 24 18 30 35 40 9 16 13
29 100000 93 2 12 3 97 93 100000 2 100000 2 100000 60
30 91 63 59 24 25 30 60 44 41 17 17 20 39
31 95 68 34 54 32 15 35 45 21 38 23 11 24
32 100000 125 76 153 113 30 117 82 53 100000 72 19 80
33 100000 2 101 73 156 43 42 100000 66 48 99 31 26
34 97 2 31 70 66 43 64 2 20 47 45 30 39
35 100000 11 37 20 40 27 38 100000 25 14 26 19 100000
36 69 49 48 33 43 14 9 35 33 21 28 9 7
37 173 117 63 64 82 117 72 78 45 40 50 71 50
38 488 244 140 197 96 270 61 163 98 121 61 188 39
39 100000 61 38 57 6 28 55 39 24 39 4 18 100000
40 170 50 55 91 111 124 88 32 35 63 78 84 57
41 100000 52 31 56 38 15 32 100000 100000 100000 24 100000 21
42 2441 1407 362 301 499 1175 1193 858 254 207 325 787 830
43 100000 73 81 86 8 30 13 50 56 54 100000 21 9
44 125 48 79 28 60 89 40 33 51 18 39 55 27
45 100000 104 22 76 6 41 62 63 16 100000 4 26 42
46 100000 374 5 128 16 324 86 100000 4 100000 100000 223 100000
47 190 114 24 73 117 114 104 72 17 49 77 78 65
48 100000 58 48 56 60 65 60 100000 31 37 38 100000 41
49 111 25 58 8 16 16 37 17 40 5 11 11 25
50 85 27 10 49 44 28 61 18 7 34 29 20 38
51 54 40 26 22 3 22 24 25 19 15 2 14 16
52 1004 392 728 52 464 275 630 241 492 36 313 187 433
53 100000 482 951 706 846 823 959 100000 636 441 529 509 577
<posture of tasks>
1 1
2 0
3 1
4 1
5 1
6 0
7 1
8 0
9 1
10 1
11 1
12 1
13 0
14 0
15 1
16 1
17 1
18 0
19 0
20 1
21 1
22 0
23 0
24 1
25 1
26 1
27 1
28 1
29 1
30 1
31 1
32 1
33 0
34 1
35 1
36 1
37 0
38 1
39 0
40 1
41 1
42 1
43 0
44 1
45 1
46 1
47 1
48 1
49 1
50 0
51 1
52 1
53 0
<max energy cosumption of alternatives>
1 100000.00
2 4.39
3 3.14
4 2.67
5 5.03
6 5.35
7 2.46
<energy cosumption of alternatives>
1 100000.00 0.94 15.18 6.54 32.04 10.17 12.69 0.56 9.69 1.43 12.78 6.41 4.88
2 100000.00 1.39 0.54 2.98 0.81 2.43 0.20 0.78 0.14 1.23 0.45 0.68 0.10
3 100000.00 1.04 0.59 1.48 1.65 0.49 3.74 0.58 0.26 0.99 0.64 0.25 1.34
4 100000.00 1.80 0.85 0.97 4.71 2.01 1.82 0.91 0.27 0.27 2.67 0.63 0.73
5 100000.00 0.13 1.67 0.26 0.53 0.19 0.20 0.05 1.05 0.06 0.14 0.13 0.04
6 100000.00 1.32 0.93 0.63 1.23 1.61 1.56 0.29 0.58 0.19 0.39 1.00 0.57
7 100000.00 3.18 1.15 1.34 1.71 2.57 0.99 1.67 0.53 0.91 100000.00 1.71 100000.00
8 100000.00 18.46 14.82 17.30 21.58 0.46 1.20 3.75 6.17 11.07 8.89 0.31 0.81
9 100000.00 3.71 2.70 3.22 4.06 1.11 0.18 0.89 1.80 1.79 2.42 0.59 0.09
10 100000.00 1.68 3.12 2.94 3.04 1.28 1.12 0.49 1.33 1.45 100000.00 0.89 0.39
11 100000.00 0.07 1.92 0.64 0.07 0.56 1.50 0.05 0.62 0.41 0.02 0.11 0.49
12 100000.00 1.05 1.25 1.16 2.03 1.81 1.19 0.58 0.47 0.38 0.78 0.79 0.72
13 100000.00 1.85 0.03 0.17 0.56 0.26 0.29 0.61 0.02 0.08 0.35 0.13 0.16
14 100000.00 6.69 0.32 5.80 6.08 6.86 5.65 1.80 0.19 2.78 3.09 2.74 3.77
15 100000.00 21.28 9.21 5.46 37.25 24.59 20.27 11.80 4.79 100000.00 100000.00 100000.00 5.15
16 100000.00 3.06 2.39 2.96 5.94 2.65 3.94 0.61 0.61 0.72 2.40 1.81 0.82
17 100000.00 0.47 2.00 3.35 0.74 4.52 4.63 0.26 100000.00 1.53 100000.00 0.91 2.48
18 100000.00 1.85 0.78 0.41 2.69 1.13 1.71 0.67 0.50 0.08 0.92 0.56 0.49
19 100000.00 14.87 6.08 1.92 0.16 1.58 8.62 8.45 2.23 1.10 0.09 100000.00 4.53
20 100000.00 0.26 1.13 0.98 1.38 1.44 0.71 0.14 0.40 0.55 0.86 0.64 0.27
21 100000.00 1.75 0.51 1.96 0.96 2.26 1.27 0.57 0.13 1.25 0.19 1.04 0.66
22 100000.00 0.19 0.51 1.29 1.78 0.51 1.02 0.09 0.23 0.82 1.02 0.21 0.31
23 100000.00 1.42 0.96 1.17 0.32 0.81 0.66 0.61 0.33 100000.00 100000.00 100000.00 0.40
24 100000.00 2.63 0.67 1.33 1.74 2.33 1.75 1.37 0.41 0.29 0.63 1.30 0.63
25 100000.00 1.56 1.33 1.67 1.19 3.55 0.96 0.96 0.29 1.03 0.54 2.35 0.65
26 100000.00 5.67 3.34 4.85 4.17 5.97 5.82 3.28 1.26 0.98 2.85 3.87 1.89
27 100000.00 3.06 1.68 1.68 0.32 2.41 1.70 0.77 0.96 1.05 0.17 0.57 0.93
28 100000.00 1.58 1.42 1.59 0.44 0.80 0.51 0.87 0.89 0.98 0.21 0.31 0.31
29 100000.00 3.06 0.07 0.31 0.12 3.27 2.56 100000.00 0.04 100000.00 0.06 100000.00 1.69
30 100000.00 2.11 1.61 0.60 0.80 1.05 1.70 1.06 0.56 0.33 0.22 0.55 1.00
31 100000.00 2.25 0.92 1.36 1.10 0.49 0.98 0.55 0.59 0.84 0.35 0.31 0.26
32 100000.00 4.14 2.00 3.93 3.80 1.04 3.25 2.54 0.60 100000.00 2.51 0.25 0.73
33 100000.00 0.09 2.10 1.45 4.13 1.16 0.92 100000.00 1.46 0.56 1.74 0.54 0.35
34 100000.00 0.11 0.88 1.86 2.29 1.50 1.85 0.04 0.28 0.85 1.16 0.42 0.92
35 100000.00 0.37 1.00 0.51 1.35 0.89 1.06 100000.00 0.65 0.25 0.32 0.57 100000.00
36 100000.00 1.59 1.27 0.87 1.43 0.46 0.26 0.46 0.27 0.43 0.64 0.17 0.07
37 100000.00 2.91 1.26 1.24 2.04 3.00 1.49 1.39 0.38 0.80 0.47 2.07 0.59
38 100000.00 8.14 3.83 5.17 3.26 9.27 1.72 5.18 0.77 1.62 2.06 4.72 0.62
39 100000.00 1.55 0.77 1.11 0.17 0.74 1.13 1.06 0.48 0.26 0.04 0.41 100000.00
40 100000.00 1.66 1.52 2.44 3.87 4.35 2.56 0.62 0.95 0.53 0.84 1.76 1.27
41 100000.00 1.69 0.84 1.46 1.29 0.50 0.90 100000.00 100000.00 100000.00 0.84 100000.00 0.23
42 100000.00 46.88 9.76 7.77 16.88 40.27 33.32 29.72 6.73 1.91 10.75 13.89 10.06
43 100000.00 1.87 1.64 1.73 0.22 0.82 0.27 1.29 0.74 1.13 100000.00 0.46 0.06
44 100000.00 1.55 2.08 0.74 2.03 3.02 1.10 0.34 1.30 0.22 0.64 1.88 0.40
45 100000.00 3.40 0.56 1.94 0.22 1.39 1.72 1.79 0.28 100000.00 0.05 0.32 0.67
46 100000.00 12.54 0.17 3.37 0.53 11.17 2.46 100000.00 0.11 100000.00 100000.00 7.31 100000.00
47 100000.00 3.72 0.61 1.82 3.87 3.84 2.81 0.99 0.27 0.68 0.94 0.79 1.73
48 100000.00 1.88 1.24 1.41 1.99 2.17 1.65 100000.00 0.53 0.97 0.61 100000.00 0.91
49 100000.00 0.81 1.62 0.24 0.53 0.54 1.05 0.47 0.36 0.10 0.14 0.26 0.61
50 100000.00 0.64 0.21 0.91 1.10 0.73 1.25 0.31 0.07 0.46 0.53 0.40 0.31
51 100000.00 1.32 0.66 0.54 0.13 0.73 0.65 0.38 0.20 0.33 0.08 0.25 0.45
52 100000.00 12.92 19.35 1.30 15.49 9.31 17.35 4.89 11.79 0.82 6.10 1.97 8.77
53 100000.00 12.43 19.68 14.05 22.13 21.84 20.60 100000.00 7.07 7.51 10.72 9.83 7.85
<task rigidity>
1 3
2 7
3 2
4 8
5 8
6 7
7 10
8 4
9 9
10 10
11 9
12 3
13 4
14 5
15 5
16 1
17 1
18 1
19 4
20 1
21 3
22 3
23 1
24 8
25 4
26 4
27 4
28 6
29 3
30 5
31 5
32 9
33 9
34 5
35 5
36 2
37 7
38 1
39 4
40 9
41 3
42 1
43 8
44 6
45 2
46 3
47 2
48 2
49 10
50 2
51 4
52 4
53 5
<precedence relations>
1,2
1,3
1,4
1,5
1,6
1,7
2,36
3,36
4,9
5,9
6,9
7,9
8,9
9,10
10,11
11,12
12,13
12,14
12,15
13,16
13,17
13,18
14,22
15,16
15,17
16,29
16,30
16,31
17,19
18,42
19,20
19,21
19,22
20,23
21,24
22,25
23,36
24,36
25,26
26,27
27,28
28,29
28,30
28,31
28,32
28,33
28,34
29,35
30,35
31,35
32,35
33,35
34,35
35,36
36,37
37,38
37,39
37,40
38,41
39,41
40,41
41,42
42,43
42,44
42,45
42,46
42,47
43,48
44,49
45,51
45,52
46,50
47,51
47,52
48,51
48,52
49,51
49,52
50,51
50,52
51,53
52,53
<end>