<number of tasks>
53
<number of stations>
10
<number of workers>
10
<type of the robots>
1
<limit of the robots>
3
<task times>
1 100000 672 324 502 363 159 453 600 252 426 585 409 227 100000 248 111 306 381 166 279 364
2 186 132 140 41 65 89 121 45 70 130 29 81 88 29 45 62 78 30 45 89 19
3 191 102 58 12 12 33 126 82 71 131 118 67 38 8 9 23 82 54 46 91 77
4 100000 41 27 125 24 104 76 132 100 97 74 27 100000 88 17 100000 100000 88 70 62 48
5 138 77 75 30 73 64 29 40 19 42 93 48 49 19 46 44 21 26 12 29 64
6 100000 21 13 83 92 28 72 42 9 58 43 13 9 56 60 20 44 29 7 39 100000
7 129 46 28 11 96 3 45 78 76 17 2 29 17 8 65 2 30 52 51 12 2
8 1669 306 930 508 59 650 855 858 664 173 1007 188 648 352 36 413 542 592 438 110 626
9 215 82 117 129 137 19 116 18 159 10 136 54 74 84 90 12 78 12 103 7 84
10 100000 83 38 61 40 133 79 148 131 19 125 50 27 100000 26 85 51 100 85 100000 79
11 100000 60 25 72 82 39 75 72 55 47 15 100000 100000 48 54 100000 48 50 36 31 100000
12 100000 53 14 30 18 3 56 1 17 28 28 100000 100000 100000 13 3 38 1 11 19 100000
13 100000 3 104 107 73 29 19 90 106 79 108 3 100000 69 48 18 13 58 100000 49 69
14 100000 331 265 81 42 248 241 291 24 73 242 211 167 56 29 173 153 197 15 100000 100000
15 2173 1299 812 244 1552 464 111 1073 1078 23 319 805 510 163 1061 303 74 690 746 16 219
16 322 164 127 174 119 17 99 207 187 194 119 106 78 111 74 12 65 134 129 134 80
17 347 250 171 120 220 250 20 164 12 210 192 162 120 78 153 174 13 112 8 145 129
18 172 60 16 103 32 61 114 17 78 9 117 37 11 66 21 39 74 12 49 7 71
19 813 142 578 218 214 50 184 229 129 425 322 98 396 147 144 34 127 147 80 292 211
20 105 6 50 56 52 55 26 22 22 27 20 4 34 38 34 35 18 14 14 19 13
21 100000 66 46 21 31 57 32 21 56 58 16 43 29 14 21 36 100000 100000 36 100000 11
22 100000 20 64 43 68 41 29 11 47 46 55 14 100000 100000 42 26 18 100000 100000 32 36
23 100000 18 14 18 24 24 23 34 29 29 31 13 10 100000 15 16 16 24 18 100000 100000
24 119 16 25 75 18 88 58 17 75 83 88 10 17 50 13 57 37 11 53 55 62
25 140 54 62 52 54 12 43 8 2 6 52 38 39 34 35 8 30 6 2 4 36
26 450 294 264 183 13 239 307 190 209 136 329 178 183 115 9 154 204 120 128 91 218
27 100000 2 3 39 83 80 38 120 76 60 14 2 2 26 51 52 26 100000 100000 38 9
28 100000 38 42 41 22 17 2 50 10 40 1 27 26 27 14 11 2 100000 7 27 1
29 100000 3 68 71 19 66 89 98 33 48 61 2 43 43 14 43 61 65 22 29 100000
30 100000 31 48 70 69 69 64 57 19 46 13 21 32 47 45 46 42 100000 13 28 100000
31 93 41 44 15 57 43 38 23 24 14 59 25 30 11 37 29 24 15 17 10 38
32 100000 22 139 150 2 21 139 44 28 88 81 14 89 91 2 100000 95 28 19 100000 100000
33 250 115 19 54 46 2 70 88 187 124 136 70 13 35 31 2 45 55 121 76 94
34 96 43 8 6 56 19 22 39 51 28 22 26 6 4 39 14 15 28 35 18 15
35 73 25 40 23 8 8 32 24 41 27 51 18 28 14 6 6 22 16 26 19 34
36 66 15 33 33 18 2 38 2 19 40 31 10 22 22 12 2 26 2 13 25 21
37 100000 109 104 17 19 90 94 10 1 106 33 100000 70 12 13 60 59 7 100000 100000 100000
38 100000 217 63 309 209 5 325 53 58 341 94 145 38 213 131 4 211 100000 100000 100000 59
39 91 56 64 12 16 14 23 14 30 16 33 36 45 8 11 9 15 10 20 10 23
40 176 72 35 83 58 15 123 56 118 120 34 45 22 56 38 11 82 39 74 77 22
41 87 2 9 11 61 19 29 25 6 7 32 2 6 8 42 13 20 16 4 5 22
42 100000 197 1060 1024 1303 1707 1581 1552 1243 379 246 132 100000 689 854 1123 1003 1050 851 256 149
43 121 15 44 54 41 23 30 76 75 89 34 11 31 33 29 15 21 49 47 62 22
44 124 51 40 51 47 24 29 4 2 54 65 32 26 33 29 16 19 3 2 36 45
45 100000 25 35 23 103 22 66 68 110 61 41 16 25 100000 68 14 45 43 76 100000 100000
46 100000 380 334 272 110 350 285 352 43 327 325 253 202 173 77 220 177 228 29 209 215
47 189 78 63 40 31 87 82 29 11 88 66 53 44 25 21 53 52 19 8 54 42
48 110 59 73 57 72 16 4 26 49 21 66 40 48 40 49 11 3 17 35 15 45
49 111 22 62 62 37 56 43 8 54 72 41 16 43 40 23 39 27 6 35 50 28
50 85 37 64 3 30 45 14 21 11 17 20 23 45 3 19 29 9 13 7 12 14
51 100000 28 19 23 29 20 4 6 5 11 35 100000 14 15 19 100000 3 4 4 7 22
52 999 551 62 414 285 463 678 39 241 221 361 371 42 269 187 299 423 24 164 141 220
53 1506 878 1045 93 699 264 385 356 394 883 295 578 729 58 484 164 246 239 252 536 202
<posture of tasks>
1 1
2 1
3 0
4 1
5 1
6 1
7 1
8 0
9 1
10 1
11 1
12 1
13 0
14 1
15 1
16 1
17 1
18 0
19 1
20 0
21 1
22 1
23 1
24 1
25 0
26 1
27 0
28 1
29 0
30 1
31 1
32 1
33 0
34 1
35 0
36 1
37 1
38 1
39 1
40 0
41 1
42 1
43 1
44 0
45 1
46 1
47 1
48 1
49 1
50 1
51 1
52 0
53 1
<max energy cosumption of alternatives>
1 100000.00
2 4.22
3 4.22
4 2.88
5 2.29
6 2.95
7 4.78
8 3.03
9 2.35
10 2.30
11 2.49
<energy cosumption of alternatives>
1 100000.00 23.04 10.62 14.03 9.25 4.27 15.97 15.25 6.56 11.67 14.88 14.65 2.17 100000.00 2.00 2.48 6.63 3.95 2.07 2.60 4.92
2 100000.00 4.44 4.55 1.13 1.62 2.37 4.22 1.11 1.77 3.50 0.74 2.47 2.67 0.74 0.44 0.90 2.30 0.58 0.58 1.86 0.24
3 100000.00 2.66 1.48 0.27 0.25 0.69 3.39 1.55 1.39 2.70 2.28 0.55 0.97 0.09 0.14 0.42 2.25 0.92 0.40 0.90 1.06
4 100000.00 1.39 0.85 3.44 0.59 2.75 2.64 3.30 2.54 2.62 1.84 0.66 100000.00 2.10 0.23 100000.00 100000.00 0.67 1.43 1.40 0.95
5 100000.00 2.61 2.46 0.88 1.85 1.75 1.05 1.03 0.48 1.16 2.38 0.70 0.62 0.19 0.56 1.18 0.67 0.48 0.13 0.46 1.02
6 100000.00 0.71 0.44 2.41 2.41 0.81 2.58 1.09 0.24 1.66 1.12 0.37 0.13 1.38 0.89 0.48 1.40 0.49 0.09 0.81 100000.00
7 100000.00 1.55 0.94 0.31 2.42 0.10 1.55 1.94 1.94 0.44 0.07 0.31 0.59 0.09 0.83 0.02 0.34 0.59 1.01 0.26 0.02
8 100000.00 8.24 23.81 10.99 1.18 13.54 23.67 16.84 13.32 3.69 19.74 4.00 14.75 5.95 0.32 6.97 12.21 7.86 2.68 0.76 8.09
9 100000.00 2.74 3.78 3.51 3.37 0.49 4.02 0.43 4.00 0.28 3.37 1.33 2.21 1.96 0.94 0.31 1.87 0.26 1.21 0.07 2.19
10 100000.00 2.90 1.27 1.72 1.03 3.58 2.76 3.80 3.40 0.51 3.18 1.77 0.51 100000.00 0.63 1.66 1.84 1.54 2.31 100000.00 1.07
11 100000.00 2.14 0.81 2.07 2.11 1.09 2.68 1.89 1.46 1.31 0.40 100000.00 100000.00 0.61 0.76 100000.00 1.58 0.71 0.61 0.28 100000.00
12 100000.00 1.75 0.45 0.85 0.44 0.10 1.95 0.04 0.43 0.76 0.73 100000.00 100000.00 100000.00 0.16 0.03 1.21 0.01 0.12 0.51 100000.00
13 100000.00 0.10 2.58 2.24 1.38 0.62 0.49 1.73 2.05 1.61 2.05 0.03 100000.00 0.86 0.49 0.43 0.30 0.44 100000.00 1.09 0.91
14 100000.00 11.17 8.54 2.20 1.05 6.59 8.34 7.28 0.59 1.96 6.04 7.00 2.18 1.50 0.38 2.78 4.48 4.51 0.31 100000.00 100000.00
15 100000.00 44.39 26.55 6.76 39.32 12.42 3.93 27.19 27.85 0.60 8.07 20.82 12.40 1.86 10.52 5.58 1.51 8.60 12.11 0.28 1.65
16 100000.00 5.62 4.19 4.91 3.07 0.45 3.51 5.31 4.87 5.39 3.07 1.14 2.81 1.88 2.12 0.15 0.95 3.07 1.46 1.28 1.61
17 100000.00 8.70 5.70 3.41 5.67 6.85 0.68 4.20 0.32 5.82 4.92 5.59 2.16 1.16 2.66 3.07 0.47 1.39 0.20 2.38 2.49
18 100000.00 1.67 0.42 2.26 0.68 1.32 3.23 0.33 1.57 0.21 2.37 1.15 0.28 1.26 0.21 0.34 0.88 0.16 0.64 0.07 1.49
19 100000.00 4.87 18.93 6.02 5.39 1.33 6.45 5.79 3.30 11.61 8.13 1.60 11.67 2.59 1.66 0.72 4.16 3.99 2.13 4.24 3.43
20 100000.00 0.18 1.26 1.23 1.00 1.14 0.68 0.41 0.41 0.55 0.38 0.11 0.40 0.44 0.28 0.34 0.26 0.24 0.18 0.13 0.25
21 100000.00 2.23 1.48 0.56 0.80 1.53 1.12 0.50 1.44 1.59 0.41 1.04 1.03 0.20 0.47 0.48 100000.00 100000.00 0.43 100000.00 0.22
22 100000.00 0.67 2.11 1.18 1.73 1.09 1.04 0.28 1.20 1.24 1.39 0.39 100000.00 100000.00 0.60 0.28 0.51 100000.00 100000.00 0.64 0.38
23 100000.00 0.58 0.45 0.49 0.59 0.62 0.76 0.85 0.76 0.79 0.79 0.25 0.13 100000.00 0.38 0.40 0.32 0.58 0.31 100000.00 100000.00
24 100000.00 0.53 0.80 2.10 0.46 2.43 2.07 0.43 1.96 2.33 2.31 0.20 0.37 0.48 0.10 1.64 1.22 0.12 0.90 0.53 1.54
25 100000.00 1.40 1.61 1.10 1.02 0.25 1.17 0.18 0.06 0.13 1.00 0.34 0.85 0.75 0.60 0.05 0.53 0.05 0.02 0.07 0.43
26 100000.00 10.05 8.66 5.11 0.33 6.45 10.83 4.83 5.44 3.72 8.37 2.85 1.83 3.45 0.13 3.41 6.20 2.94 2.23 1.50 2.81
27 100000.00 0.08 0.11 0.84 1.65 1.64 1.04 2.35 1.50 1.29 0.27 0.02 0.04 0.52 1.09 0.60 0.68 100000.00 100000.00 0.54 0.18
28 100000.00 1.29 1.37 1.15 0.54 0.44 0.10 1.25 0.26 1.09 0.04 0.41 0.96 0.33 0.37 0.12 0.04 100000.00 0.11 0.60 0.01
29 100000.00 0.10 1.71 1.50 0.35 1.33 2.42 1.86 0.66 0.98 1.17 0.05 0.78 0.42 0.22 0.57 0.83 0.61 0.25 0.47 100000.00
30 100000.00 1.12 1.60 2.01 1.81 1.92 2.33 1.53 0.49 1.28 0.34 0.53 0.48 0.65 0.71 1.25 1.37 100000.00 0.12 0.54 100000.00
31 100000.00 1.41 1.45 0.42 1.48 1.16 1.35 0.57 0.60 0.39 1.54 0.82 0.49 0.19 0.37 0.41 0.51 0.19 0.15 0.15 0.73
32 100000.00 0.72 4.46 4.08 0.06 0.53 4.78 1.09 0.72 2.35 1.97 0.23 0.95 1.19 0.02 100000.00 2.93 0.42 0.20 100000.00 100000.00
33 100000.00 3.03 0.47 1.13 0.88 0.06 1.88 1.73 3.67 2.59 2.61 1.44 0.17 0.41 0.61 0.04 1.24 0.46 2.40 1.72 1.78
34 100000.00 1.46 0.27 0.19 1.44 0.50 0.73 0.98 1.29 0.77 0.53 0.70 0.13 0.07 0.44 0.21 0.15 0.42 0.63 0.45 0.12
35 100000.00 0.63 1.00 0.47 0.17 0.17 0.86 0.44 0.79 0.54 0.95 0.31 0.35 0.15 0.11 0.07 0.42 0.10 0.39 0.23 0.58
36 100000.00 0.50 1.12 0.95 0.45 0.08 1.36 0.08 0.48 1.11 0.83 0.12 0.33 0.28 0.18 0.05 0.30 0.05 0.14 0.50 0.51
37 100000.00 3.64 3.34 0.46 0.46 2.39 3.25 0.25 0.03 2.82 0.82 100000.00 0.71 0.27 0.20 0.86 0.87 0.15 100000.00 100000.00 100000.00
38 100000.00 7.51 2.12 8.82 5.42 0.18 11.61 1.34 1.57 9.55 2.45 4.83 0.93 3.76 3.71 0.05 6.01 100000.00 100000.00 100000.00 1.01
39 100000.00 1.90 2.08 0.34 0.41 0.37 0.76 0.35 0.80 0.44 0.83 0.99 0.64 0.23 0.27 0.24 0.19 0.14 0.39 0.09 0.22
40 100000.00 1.92 0.92 1.86 1.18 0.33 3.41 1.16 2.41 2.60 0.70 0.41 0.61 0.99 0.31 0.22 2.05 0.56 0.88 1.01 0.48
41 100000.00 0.10 0.31 0.31 1.55 0.50 1.05 0.60 0.16 0.19 0.84 0.04 0.13 0.07 0.41 0.26 0.32 0.12 0.08 0.04 0.52
42 100000.00 6.69 34.40 28.21 32.66 45.33 55.22 38.90 31.76 10.23 6.13 2.56 100000.00 11.26 20.86 30.56 23.41 25.21 8.66 6.58 3.46
43 100000.00 0.49 1.43 1.47 1.02 0.59 1.07 1.90 1.91 2.42 0.86 0.31 0.52 0.70 0.24 0.25 0.64 1.19 0.91 0.53 0.38
44 100000.00 1.34 1.04 1.09 0.93 0.48 0.84 0.12 0.07 1.14 1.30 0.71 0.26 0.73 0.34 0.26 0.55 0.08 0.05 0.79 0.78
45 100000.00 0.82 1.15 0.62 2.57 0.56 2.29 1.71 2.80 1.65 1.02 0.39 0.47 100000.00 0.82 0.20 1.33 0.64 1.95 100000.00 100000.00
46 100000.00 12.83 10.82 7.43 2.73 9.24 9.91 8.77 1.07 8.79 8.08 5.14 3.92 1.60 0.87 4.60 6.01 5.66 0.62 5.86 2.33
47 100000.00 2.63 2.08 1.12 0.81 2.35 2.84 0.75 0.29 2.41 1.68 0.93 0.62 0.72 0.47 0.98 0.91 0.41 0.16 0.76 0.46
48 100000.00 2.06 2.42 1.66 1.88 0.43 0.17 0.64 1.28 0.58 1.72 1.40 1.67 0.44 0.63 0.20 0.06 0.22 0.51 0.12 0.57
49 100000.00 0.73 2.03 1.72 0.93 1.51 1.49 0.22 1.36 1.94 1.02 0.51 0.96 0.76 0.29 0.63 0.73 0.11 0.58 0.69 0.58
50 100000.00 1.28 2.14 0.12 0.81 1.23 0.50 0.52 0.30 0.46 0.51 0.33 1.24 0.04 0.40 0.50 0.26 0.24 0.13 0.13 0.18
51 100000.00 0.99 0.62 0.63 0.76 0.54 0.16 0.17 0.14 0.30 0.91 100000.00 0.41 0.32 0.27 100000.00 0.10 0.06 0.04 0.17 0.43
52 100000.00 14.32 1.55 8.69 5.40 9.30 18.12 0.75 4.64 4.55 6.85 3.84 1.05 2.63 1.65 2.36 9.48 0.21 2.20 2.96 2.18
53 100000.00 30.28 34.57 2.64 18.08 7.21 13.67 9.18 10.40 24.58 7.62 10.92 20.52 0.69 12.61 1.54 7.69 4.71 2.10 16.83 2.02
<task rigidity>
1 1
2 6
3 2
4 2
5 10
6 5
7 2
8 3
9 8
10 4
11 6
12 6
13 3
14 3
15 5
16 3
17 1
18 7
19 5
20 10
21 3
22 1
23 5
24 7
25 8
26 10
27 4
28 2
29 7
30 10
31 7
32 1
33 4
34 5
35 10
36 9
37 2
38 6
39 3
40 9
41 6
42 3
43 3
44 1
45 2
46 7
47 3
48 3
49 10
50 5
51 9
52 5
53 3
<precedence relations>
1,2
1,3
1,4
1,5
1,6
1,7
2,36
3,36
4,9
5,9
6,9
7,9
8,9
9,10
10,11
11,12
12,13
12,14
12,15
13,16
13,17
13,18
14,22
15,16
15,17
16,29
16,30
16,31
17,19
18,42
19,20
19,21
19,22
20,23
21,24
22,25
23,36
24,36
25,26
26,27
27,28
28,29
28,30
28,31
28,32
28,33
28,34
29,35
30,35
31,35
32,35
33,35
34,35
35,36
36,37
37,38
37,39
37,40
38,41
39,41
40,41
41,42
42,43
42,44
42,45
42,46
42,47
43,48
44,49
45,51
45,52
46,50
47,51
47,52
48,51
48,52
49,51
49,52
50,51
50,52
51,53
52,53
<end>