<number of tasks>
58
<number of stations>
12
<number of workers>
12
<type of the robots>
1
<limit of the robots>
5
<task times>
1 13 7 2 3 3 1 1 3 8 2 1 7 4 5 2 2 3 1 1 3 5 2 1 5 3
2 71 34 43 44 49 53 41 38 42 35 31 27 20 24 27 29 33 35 26 24 29 22 21 19 13
3 55 37 4 1 4 17 22 9 21 25 19 38 6 23 3 1 3 12 14 7 13 16 12 25 5
4 46 4 23 22 30 21 4 22 30 8 1 34 11 3 16 14 19 15 3 16 21 5 1 22 8
5 47 8 33 24 27 2 33 26 24 30 34 12 3 6 21 16 18 2 20 18 15 20 23 8 2
6 22 15 8 1 11 2 1 9 17 13 8 3 3 10 6 1 8 2 1 6 12 8 5 2 2
7 100000 2 13 31 26 12 30 7 16 25 20 27 19 2 9 21 17 9 21 5 100000 17 14 100000 14
8 100000 13 16 15 23 12 10 4 20 17 10 4 17 100000 100000 100000 15 9 7 100000 13 100000 7 100000 11
9 100000 7 12 12 7 1 3 5 13 12 4 5 5 5 100000 8 5 100000 100000 4 100000 9 100000 100000 4
10 67 13 15 24 22 40 5 39 7 49 33 48 13 9 10 15 14 28 4 27 5 32 23 31 10
11 42 16 3 17 24 26 22 16 2 31 21 33 28 12 3 11 16 19 15 10 2 19 15 23 20
12 100000 20 19 20 13 34 33 8 16 7 10 2 32 100000 13 100000 100000 100000 100000 100000 11 100000 100000 2 21
13 15 7 10 3 3 2 12 6 4 2 1 12 9 5 7 2 3 2 8 5 3 2 1 8 6
14 71 3 21 31 37 25 5 18 25 36 25 9 16 2 14 20 26 17 4 12 16 24 16 6 11
15 100000 12 2 10 3 1 5 11 11 11 10 10 3 100000 100000 100000 2 1 4 100000 8 8 100000 7 100000
16 46 22 18 12 27 20 11 12 19 22 33 6 31 14 12 8 17 14 8 8 13 16 22 4 22
17 100000 38 13 11 32 20 32 7 2 14 31 36 11 27 9 100000 21 13 21 100000 100000 9 100000 100000 7
18 9 1 1 7 5 5 3 7 4 2 6 2 3 1 1 5 4 4 3 5 3 2 4 2 3
19 100000 15 11 1 6 11 7 1 4 11 15 9 6 11 8 1 4 8 5 100000 100000 8 100000 100000 4
20 16 1 8 11 9 5 13 2 12 5 1 11 3 1 5 7 6 4 9 2 9 4 1 7 3
21 37 10 16 5 18 4 2 19 10 21 29 23 11 7 11 4 11 3 2 13 7 15 18 15 8
22 100000 13 36 7 15 13 14 15 27 37 28 6 17 9 25 5 10 9 9 11 17 26 100000 100000 11
23 60 36 1 30 4 41 19 14 25 6 27 37 10 23 1 20 3 26 14 10 18 4 18 25 7
24 100000 2 2 21 15 17 5 2 13 10 11 5 19 2 2 100000 100000 11 100000 100000 8 7 100000 100000 14
25 100000 14 12 8 11 4 5 9 21 4 24 20 16 100000 9 5 7 3 4 6 14 3 17 100000 11
26 12 5 4 5 1 1 9 3 9 9 7 8 3 4 3 4 1 1 6 3 6 6 5 6 3
27 100000 6 16 15 14 13 5 6 4 2 4 1 7 100000 10 11 100000 100000 4 4 3 100000 3 1 5
28 15 1 3 6 4 12 11 9 8 9 7 6 8 1 2 4 3 9 8 6 6 6 5 5 5
29 100000 5 13 7 16 22 23 20 7 13 22 17 11 4 100000 100000 11 15 100000 100000 5 100000 100000 100000 100000
30 30 21 5 8 22 22 9 22 1 6 8 4 18 14 4 6 15 14 6 15 1 5 6 3 13
31 70 18 21 26 38 16 3 49 35 30 23 1 14 12 15 19 27 11 3 34 23 20 16 1 9
32 65 32 5 9 20 2 44 16 9 4 38 47 2 21 4 7 13 2 30 12 6 3 25 30 2
33 46 10 29 30 10 16 34 16 3 17 31 29 4 7 19 21 7 11 24 11 2 11 22 20 3
34 29 21 15 6 11 16 10 21 21 15 9 5 22 14 11 5 8 10 7 15 13 11 6 4 15
35 16 12 5 7 4 7 11 7 1 8 7 9 7 8 4 5 3 5 8 5 1 6 5 7 5
36 100000 1 52 3 42 16 11 39 35 37 1 18 14 1 100000 3 28 100000 8 24 100000 25 100000 12 9
37 16 8 12 8 9 1 5 6 9 10 12 2 5 6 8 6 6 1 4 4 6 7 9 2 4
38 44 4 26 25 25 26 18 9 8 18 19 7 22 3 17 18 17 17 12 6 6 12 13 5 14
39 100000 26 37 4 39 6 30 26 21 36 22 11 24 100000 26 3 27 100000 21 100000 100000 22 14 7 16
40 9 7 3 7 1 5 2 1 1 7 4 5 5 5 2 5 1 4 2 1 1 5 3 4 4
41 20 2 5 5 2 3 9 10 13 4 3 12 5 2 4 4 2 2 6 7 9 3 2 8 4
42 100000 3 2 9 10 9 7 3 13 6 5 8 8 100000 2 6 7 100000 5 2 100000 4 100000 6 5
43 100000 25 4 10 26 22 2 25 11 9 10 14 19 100000 100000 7 17 100000 100000 100000 8 6 7 10 100000
44 49 37 14 13 19 18 21 8 12 35 10 6 16 23 9 8 12 13 15 6 8 24 7 4 11
45 58 25 35 33 43 8 34 42 14 36 43 12 17 18 22 23 30 6 23 26 10 25 28 8 12
46 100000 20 15 20 2 16 1 14 4 17 8 11 7 100000 100000 100000 2 11 100000 9 3 12 100000 8 5
47 33 16 6 5 7 24 3 8 2 3 4 9 7 11 4 4 5 16 3 5 2 2 3 7 5
48 100000 6 6 5 9 1 4 7 1 2 7 5 1 5 5 4 6 100000 3 5 1 2 100000 100000 1
49 22 9 6 12 11 13 14 6 4 3 15 10 9 7 5 9 8 9 10 5 3 3 10 7 6
50 16 5 11 2 3 7 3 1 9 8 10 7 5 4 7 2 2 5 2 1 6 6 7 5 4
51 34 15 3 16 12 6 20 5 19 5 26 7 24 10 2 11 8 4 13 4 12 4 17 5 16
52 15 7 2 7 6 7 2 10 8 2 9 8 9 5 2 5 4 5 2 7 6 2 6 6 6
53 69 49 11 21 26 3 26 14 49 21 11 39 36 34 8 14 18 3 18 9 32 14 8 26 22
54 100000 7 8 12 1 4 11 5 12 4 9 9 5 100000 5 9 1 3 100000 4 9 100000 6 100000 4
55 43 11 12 32 30 19 8 2 20 33 20 31 17 7 8 22 20 13 5 2 14 22 14 21 11
56 100000 28 25 21 4 33 43 29 9 7 19 31 11 100000 18 15 3 23 100000 18 6 5 100000 20 8
57 100000 7 1 1 5 6 2 2 6 5 6 2 7 5 100000 1 100000 4 2 100000 4 4 5 100000 5
58 19 12 13 10 10 11 13 3 4 7 8 4 9 8 10 7 7 7 9 3 3 5 6 3 6
<posture of tasks>
1 0
2 0
3 1
4 1
5 1
6 1
7 1
8 1
9 1
10 1
11 0
12 0
13 1
14 0
15 0
16 1
17 1
18 1
19 1
20 1
21 1
22 1
23 0
24 1
25 1
26 1
27 1
28 0
29 0
30 1
31 0
32 1
33 1
34 1
35 1
36 1
37 1
38 1
39 1
40 1
41 1
42 1
43 1
44 1
45 1
46 1
47 1
48 0
49 0
50 0
51 1
52 1
53 0
54 1
55 1
56 0
57 1
58 1
<max energy cosumption of alternatives>
1 100000.00
2 4.95
3 5.35
4 5.00
5 2.94
6 2.54
7 2.32
8 3.31
9 5.26
10 4.89
11 4.79
12 3.21
13 4.56
<energy cosumption of alternatives>
1 100000.00 0.19 0.07 0.10 0.08 0.03 0.03 0.08 0.21 0.07 0.05 0.14 0.12 0.10 0.03 0.03 0.04 0.01 0.01 0.04 0.09 0.02 0.02 0.07 0.06
2 100000.00 0.87 1.15 1.13 1.01 1.03 0.80 0.80 1.05 0.94 0.83 0.54 0.49 0.53 0.63 0.32 0.47 0.41 0.33 0.29 0.60 0.58 0.33 0.20 0.29
3 100000.00 1.25 0.17 0.08 0.15 0.46 0.55 0.27 0.68 0.84 0.63 1.08 0.23 0.36 0.04 0.05 0.05 0.11 0.29 0.16 0.21 0.54 0.25 0.46 0.11
4 100000.00 0.16 0.77 0.71 0.86 0.54 0.14 0.60 1.03 0.29 0.07 0.95 0.38 0.05 0.41 0.15 0.31 0.12 0.04 0.37 0.46 0.13 0.02 0.59 0.19
5 100000.00 0.28 1.16 0.77 0.72 0.08 0.87 0.69 0.76 1.06 1.16 0.32 0.13 0.15 0.50 0.37 0.38 0.02 0.42 0.38 0.32 0.44 0.66 0.22 0.03
6 100000.00 0.50 0.29 0.07 0.30 0.08 0.05 0.26 0.56 0.44 0.29 0.11 0.13 0.15 0.16 0.01 0.18 0.03 0.01 0.10 0.27 0.22 0.16 0.05 0.03
7 100000.00 0.11 0.48 1.12 0.71 0.34 0.86 0.22 0.54 0.84 0.66 0.73 0.63 0.08 0.15 0.76 0.34 0.14 0.59 0.06 100000.00 0.35 0.30 100000.00 0.27
8 100000.00 0.44 0.57 0.51 0.61 0.33 0.27 0.15 0.66 0.59 0.35 0.15 0.57 100000.00 100000.00 100000.00 0.17 0.15 0.11 100000.00 0.43 100000.00 0.23 100000.00 0.18
9 100000.00 0.25 0.43 0.41 0.21 0.05 0.11 0.17 0.44 0.41 0.16 0.17 0.19 0.11 100000.00 0.18 0.05 100000.00 100000.00 0.05 100000.00 0.28 100000.00 100000.00 0.13
10 100000.00 0.43 0.52 0.77 0.57 1.05 0.13 1.08 0.25 1.67 1.12 1.29 0.43 0.18 0.20 0.17 0.14 0.28 0.09 0.70 0.09 0.44 0.24 0.74 0.10
11 100000.00 0.39 0.09 0.41 0.46 0.49 0.39 0.33 0.07 0.82 0.51 0.66 0.71 0.21 0.02 0.18 0.13 0.17 0.20 0.18 0.02 0.36 0.35 0.45 0.35
12 100000.00 0.51 0.51 0.51 0.28 0.73 0.71 0.19 0.42 0.21 0.28 0.07 0.87 100000.00 0.35 100000.00 100000.00 100000.00 100000.00 100000.00 0.11 100000.00 100000.00 0.02 0.42
13 100000.00 0.26 0.35 0.14 0.12 0.09 0.33 0.21 0.17 0.11 0.08 0.33 0.32 0.15 0.19 0.07 0.06 0.02 0.20 0.11 0.06 0.07 0.04 0.10 0.15
14 100000.00 0.10 0.54 0.84 0.79 0.47 0.10 0.38 0.61 0.98 0.61 0.20 0.40 0.04 0.25 0.46 0.36 0.20 0.05 0.23 0.21 0.34 0.37 0.10 0.10
15 100000.00 0.31 0.08 0.27 0.08 0.04 0.11 0.25 0.29 0.29 0.27 0.22 0.11 100000.00 100000.00 100000.00 0.03 0.01 0.07 100000.00 0.12 0.13 100000.00 0.12 100000.00
16 100000.00 0.71 0.62 0.41 0.73 0.52 0.30 0.36 0.62 0.74 1.15 0.18 1.06 0.38 0.39 0.29 0.30 0.31 0.19 0.07 0.41 0.37 0.69 0.09 0.37
17 100000.00 1.26 0.46 0.37 0.90 0.51 0.85 0.20 0.10 0.47 1.07 1.00 0.37 0.48 0.15 100000.00 0.26 0.23 0.58 100000.00 100000.00 0.27 100000.00 100000.00 0.17
18 100000.00 0.07 0.07 0.25 0.17 0.14 0.11 0.20 0.16 0.10 0.22 0.08 0.13 0.03 0.03 0.08 0.04 0.07 0.07 0.06 0.04 0.06 0.05 0.05 0.07
19 100000.00 0.49 0.37 0.06 0.16 0.28 0.19 0.04 0.15 0.37 0.49 0.25 0.22 0.17 0.23 0.02 0.06 0.16 0.12 100000.00 100000.00 0.21 100000.00 100000.00 0.04
20 100000.00 0.06 0.28 0.36 0.25 0.13 0.31 0.07 0.39 0.18 0.06 0.28 0.12 0.04 0.18 0.20 0.15 0.04 0.09 0.02 0.21 0.06 0.04 0.15 0.07
21 100000.00 0.34 0.55 0.19 0.47 0.13 0.07 0.51 0.34 0.71 0.99 0.60 0.37 0.16 0.26 0.08 0.25 0.05 0.02 0.15 0.15 0.25 0.43 0.17 0.10
22 100000.00 0.44 1.31 0.26 0.42 0.36 0.37 0.43 0.87 1.32 0.99 0.18 0.57 0.09 0.91 0.16 0.21 0.16 0.25 0.10 0.18 0.58 100000.00 100000.00 0.27
23 100000.00 0.92 0.06 0.81 0.11 0.83 0.36 0.29 0.61 0.17 0.66 0.79 0.26 0.19 0.03 0.19 0.03 0.34 0.08 0.08 0.17 0.11 0.40 0.44 0.10
24 100000.00 0.10 0.10 0.68 0.42 0.45 0.14 0.08 0.44 0.35 0.38 0.17 0.62 0.06 0.03 100000.00 100000.00 0.27 100000.00 100000.00 0.14 0.21 100000.00 100000.00 0.38
25 100000.00 0.46 0.43 0.28 0.30 0.14 0.14 0.26 0.68 0.16 0.77 0.54 0.53 100000.00 0.28 0.06 0.09 0.09 0.07 0.10 0.16 0.11 0.44 100000.00 0.33
26 100000.00 0.19 0.16 0.19 0.05 0.05 0.23 0.11 0.31 0.31 0.25 0.23 0.13 0.13 0.09 0.06 0.01 0.02 0.14 0.05 0.20 0.19 0.16 0.07 0.05
27 100000.00 0.22 0.55 0.49 0.38 0.35 0.13 0.19 0.15 0.09 0.16 0.04 0.25 100000.00 0.16 0.16 100000.00 100000.00 0.04 0.09 0.06 100000.00 0.04 0.03 0.07
28 100000.00 0.05 0.09 0.16 0.09 0.23 0.21 0.19 0.21 0.23 0.18 0.12 0.21 0.02 0.03 0.05 0.03 0.09 0.09 0.13 0.05 0.13 0.05 0.06 0.13
29 100000.00 0.16 0.36 0.20 0.34 0.43 0.43 0.41 0.20 0.34 0.55 0.34 0.29 0.04 100000.00 100000.00 0.15 0.29 100000.00 100000.00 0.07 100000.00 100000.00 100000.00 100000.00
30 100000.00 0.68 0.20 0.29 0.58 0.58 0.24 0.61 0.07 0.23 0.29 0.15 0.59 0.15 0.11 0.07 0.19 0.23 0.06 0.25 0.02 0.16 0.07 0.03 0.25
31 100000.00 0.45 0.54 0.63 0.81 0.31 0.08 1.01 0.89 0.83 0.56 0.04 0.36 0.24 0.37 0.34 0.44 0.07 0.03 0.28 0.25 0.27 0.33 0.03 0.11
32 100000.00 1.07 0.19 0.31 0.54 0.08 1.13 0.44 0.31 0.16 1.28 1.27 0.10 0.33 0.10 0.17 0.20 0.04 0.35 0.21 0.21 0.09 0.82 0.26 0.06
33 100000.00 0.34 1.04 1.04 0.28 0.41 0.89 0.44 0.12 0.58 1.07 0.80 0.16 0.12 0.61 0.66 0.17 0.22 0.22 0.13 0.07 0.25 0.50 0.36 0.04
34 100000.00 0.68 0.52 0.22 0.30 0.42 0.26 0.57 0.68 0.52 0.31 0.17 0.71 0.22 0.14 0.06 0.18 0.25 0.10 0.39 0.22 0.22 0.21 0.09 0.19
35 100000.00 0.39 0.18 0.24 0.12 0.18 0.28 0.19 0.06 0.27 0.24 0.24 0.24 0.09 0.13 0.15 0.05 0.11 0.12 0.13 0.04 0.09 0.07 0.13 0.09
36 100000.00 0.06 1.79 0.12 1.14 0.41 0.28 1.08 1.15 1.28 0.06 0.47 0.46 0.02 100000.00 0.05 0.32 100000.00 0.07 0.45 100000.00 0.88 100000.00 0.21 0.25
37 100000.00 0.28 0.43 0.28 0.26 0.05 0.14 0.20 0.31 0.35 0.41 0.08 0.19 0.18 0.19 0.08 0.15 0.01 0.09 0.13 0.11 0.15 0.13 0.04 0.10
38 100000.00 0.15 0.88 0.79 0.65 0.65 0.44 0.25 0.27 0.60 0.61 0.19 0.70 0.03 0.28 0.28 0.17 0.35 0.09 0.05 0.10 0.18 0.27 0.08 0.33
39 100000.00 0.82 1.30 0.15 1.05 0.16 0.80 0.68 0.67 1.24 0.70 0.29 0.76 100000.00 0.28 0.05 0.27 100000.00 0.32 100000.00 100000.00 0.66 0.33 0.13 0.36
40 100000.00 0.25 0.13 0.25 0.04 0.14 0.07 0.04 0.06 0.25 0.15 0.16 0.19 0.06 0.03 0.09 0.02 0.08 0.03 0.02 0.02 0.07 0.08 0.03 0.05
41 100000.00 0.09 0.18 0.18 0.07 0.10 0.22 0.28 0.42 0.15 0.12 0.31 0.18 0.03 0.05 0.09 0.02 0.06 0.15 0.08 0.20 0.10 0.03 0.10 0.04
42 100000.00 0.11 0.08 0.30 0.27 0.24 0.18 0.09 0.42 0.21 0.18 0.21 0.27 100000.00 0.04 0.08 0.10 100000.00 0.09 0.04 100000.00 0.13 100000.00 0.09 0.08
43 100000.00 0.80 0.16 0.34 0.69 0.56 0.07 0.66 0.37 0.31 0.34 0.38 0.61 100000.00 100000.00 0.16 0.24 100000.00 100000.00 100000.00 0.24 0.14 0.08 0.10 100000.00
44 100000.00 1.25 0.50 0.44 0.52 0.48 0.55 0.24 0.41 1.25 0.35 0.18 0.53 0.53 0.18 0.18 0.27 0.20 0.18 0.12 0.25 0.55 0.12 0.09 0.28
45 100000.00 0.81 1.26 1.17 1.22 0.24 0.94 1.21 0.47 1.29 1.47 0.34 0.57 0.28 0.41 0.68 0.30 0.05 0.60 0.52 0.17 0.72 0.73 0.23 0.16
46 100000.00 0.66 0.54 0.66 0.09 0.43 0.06 0.40 0.17 0.60 0.30 0.31 0.27 100000.00 100000.00 100000.00 0.06 0.21 100000.00 0.13 0.11 0.37 100000.00 0.14 0.14
47 100000.00 0.52 0.22 0.18 0.19 0.59 0.10 0.22 0.09 0.12 0.15 0.25 0.24 0.29 0.09 0.05 0.13 0.41 0.03 0.07 0.05 0.06 0.07 0.13 0.08
48 100000.00 0.17 0.17 0.14 0.19 0.03 0.10 0.15 0.05 0.07 0.19 0.12 0.05 0.05 0.11 0.08 0.09 100000.00 0.02 0.06 0.02 0.04 100000.00 100000.00 0.03
49 100000.00 0.24 0.18 0.31 0.23 0.27 0.27 0.16 0.13 0.11 0.38 0.23 0.25 0.15 0.12 0.13 0.11 0.15 0.11 0.06 0.09 0.05 0.26 0.05 0.09
50 100000.00 0.15 0.28 0.08 0.08 0.15 0.08 0.03 0.24 0.22 0.26 0.15 0.15 0.05 0.09 0.02 0.02 0.06 0.05 0.02 0.08 0.13 0.08 0.08 0.10
51 100000.00 0.49 0.13 0.52 0.32 0.16 0.50 0.16 0.61 0.19 0.83 0.19 0.76 0.32 0.05 0.31 0.20 0.09 0.22 0.06 0.32 0.04 0.19 0.09 0.47
52 100000.00 0.24 0.09 0.24 0.16 0.19 0.06 0.28 0.27 0.09 0.30 0.22 0.30 0.16 0.02 0.06 0.05 0.09 0.04 0.06 0.06 0.05 0.19 0.14 0.18
53 100000.00 1.21 0.28 0.51 0.51 0.08 0.47 0.28 1.21 0.53 0.28 0.79 0.91 0.84 0.16 0.16 0.17 0.05 0.20 0.12 0.76 0.12 0.17 0.32 0.59
54 100000.00 0.24 0.28 0.40 0.04 0.13 0.29 0.16 0.40 0.16 0.31 0.25 0.18 100000.00 0.10 0.21 0.01 0.07 100000.00 0.04 0.25 100000.00 0.07 100000.00 0.05
55 100000.00 0.38 0.44 1.13 0.87 0.49 0.24 0.09 0.65 1.19 0.66 0.90 0.56 0.15 0.13 0.56 0.30 0.31 0.09 0.03 0.22 0.83 0.41 0.47 0.37
56 100000.00 0.72 0.65 0.51 0.10 0.65 0.81 0.63 0.23 0.19 0.46 0.65 0.28 100000.00 0.35 0.18 0.06 0.40 100000.00 0.28 0.09 0.04 100000.00 0.21 0.10
57 100000.00 0.26 0.07 0.07 0.17 0.17 0.08 0.08 0.22 0.20 0.23 0.08 0.26 0.07 100000.00 0.03 100000.00 0.08 0.03 100000.00 0.11 0.11 0.08 100000.00 0.11
58 100000.00 0.41 0.47 0.35 0.29 0.30 0.33 0.11 0.16 0.26 0.29 0.14 0.32 0.13 0.14 0.16 0.15 0.20 0.20 0.06 0.11 0.18 0.09 0.07 0.08
<task rigidity>
1 2
2 4
3 6
4 4
5 8
6 2
7 2
8 1
9 3
10 7
11 4
12 2
13 9
14 5
15 6
16 3
17 1
18 5
19 6
20 5
21 7
22 1
23 4
24 8
25 1
26 9
27 8
28 3
29 4
30 1
31 10
32 1
33 4
34 9
35 6
36 6
37 1
38 4
39 9
40 10
41 5
42 5
43 7
44 6
45 9
46 10
47 6
48 7
49 8
50 4
51 5
52 6
53 1
54 1
55 2
56 2
57 8
58 2
<precedence relations>
1,9
2,25
3,21
3,22
4,10
5,36
6,23
6,24
7,43
8,44
9,11
11,13
11,14
11,15
12,17
13,17
14,17
15,17
16,18
17,20
18,19
19,23
20,21
20,25
21,26
21,44
22,27
23,31
24,31
25,38
26,29
27,30
28,32
28,33
29,31
30,34
31,36
32,45
33,35
34,36
35,43
36,37
36,38
37,39
37,40
37,41
38,52
39,43
40,43
41,42
42,43
43,45
44,45
45,46
45,48
45,49
46,47
46,50
47,51
48,55
49,58
50,58
51,52
52,53
53,54
54,55
54,56
55,57
56,57
57,58
<end>