<number of tasks>
58
<number of stations>
18
<number of workers>
18
<type of the robots>
1
<limit of the robots>
9
<task times>
1 14 5 7 9 5 10 4 8 2 2 9 9 5 6 7 9 9 2 8 4 5 6 4 7 3 5 2 2 6 6 4 5 5 6 6 2 6
2 100000 13 49 26 7 1 38 31 47 41 37 9 51 26 4 49 43 43 17 9 34 16 5 1 100000 100000 100000 29 100000 6 100000 16 3 32 28 100000 100000
3 57 12 31 32 5 5 39 16 35 18 21 30 8 11 30 37 29 33 26 8 20 23 4 4 27 11 22 12 13 21 5 8 21 23 20 21 18
4 46 13 10 4 8 35 8 9 14 23 13 24 17 21 32 9 23 9 15 9 7 3 6 23 6 7 9 16 8 17 12 14 20 7 16 6 10
5 45 1 5 21 24 23 11 35 13 14 21 8 18 16 5 15 6 27 34 1 4 13 17 16 8 23 9 10 15 6 12 11 4 10 4 17 22
6 100000 13 7 9 12 14 4 2 4 13 10 17 12 12 8 7 6 5 17 9 5 7 8 100000 3 100000 3 9 7 100000 8 9 6 5 100000 100000 100000
7 100000 25 12 28 15 8 10 34 25 4 24 16 23 18 4 3 13 7 7 16 8 100000 10 6 7 24 17 3 100000 10 16 13 100000 3 10 100000 100000
8 29 9 16 22 2 7 1 11 2 2 10 2 11 21 19 7 18 20 21 6 11 14 2 5 1 8 2 2 7 2 7 14 12 5 12 14 15
9 18 12 9 4 9 7 6 10 13 6 2 10 2 13 3 13 8 9 2 8 7 3 6 5 4 7 9 4 2 7 2 9 3 9 5 6 2
10 100000 29 16 26 35 43 48 37 46 3 9 43 44 14 38 12 16 51 20 20 10 16 22 100000 100000 24 100000 100000 100000 29 31 9 25 9 11 100000 14
11 43 5 14 5 28 10 15 10 23 30 29 28 10 1 24 9 23 5 6 4 10 4 19 7 10 7 15 21 19 19 7 1 16 6 15 4 4
12 100000 4 31 24 34 5 22 19 34 24 21 33 2 24 17 31 17 18 28 100000 20 16 22 100000 15 100000 22 17 14 22 2 100000 12 20 11 100000 20
13 16 7 4 1 1 6 6 4 7 3 4 9 2 8 10 8 2 12 3 5 3 1 1 5 4 3 5 2 3 6 2 6 7 6 2 8 2
14 69 31 49 19 43 30 19 7 41 26 19 36 13 35 25 52 36 48 38 20 31 13 29 20 12 5 28 18 13 25 9 22 18 35 23 33 23
15 15 12 11 5 9 6 12 11 12 3 10 12 1 12 9 8 11 2 4 8 8 4 6 4 9 8 8 2 7 9 1 8 6 5 7 2 3
16 100000 10 4 14 33 2 31 33 3 3 32 25 24 8 30 20 26 33 4 100000 3 100000 21 2 19 21 100000 2 20 18 16 6 21 100000 16 22 3
17 61 31 15 20 20 5 26 34 11 40 8 42 5 44 16 28 37 36 41 20 10 14 14 4 19 23 7 27 5 29 4 30 10 18 25 23 27
18 9 1 7 7 1 2 1 1 6 6 7 5 3 6 2 4 2 6 2 1 5 5 1 2 1 1 4 4 5 4 2 4 2 3 2 5 2
19 100000 10 3 1 3 14 13 8 8 6 5 15 8 6 13 11 5 13 3 7 2 1 100000 10 100000 6 100000 5 4 11 6 100000 100000 8 4 9 3
20 18 8 6 6 9 11 11 8 6 4 1 6 7 13 12 1 8 4 3 6 4 4 6 8 7 6 4 3 1 4 5 9 8 1 6 3 3
21 100000 16 17 2 23 1 13 15 16 2 21 23 6 8 20 10 15 28 3 12 12 2 16 1 8 100000 11 2 14 15 4 6 14 100000 10 19 2
22 100000 16 37 8 15 33 1 30 32 20 29 19 17 36 27 9 2 37 3 10 26 6 100000 21 1 21 23 100000 18 100000 11 100000 100000 7 100000 23 2
23 56 27 1 33 26 20 34 8 13 19 6 33 32 4 37 26 3 15 37 19 1 21 17 14 24 5 8 13 4 23 20 3 25 16 2 10 23
24 100000 6 12 13 9 21 12 14 17 9 19 19 8 11 22 19 19 7 17 100000 8 9 100000 13 100000 10 11 6 13 100000 100000 100000 100000 12 12 5 11
25 31 14 13 8 2 19 10 13 7 13 19 24 18 19 8 10 10 11 18 10 9 6 2 12 7 8 5 9 13 15 13 13 6 7 7 8 12
26 100000 9 4 8 9 4 4 1 2 6 1 6 2 2 1 9 6 9 7 6 3 6 7 3 3 1 100000 4 1 100000 2 100000 1 6 5 100000 5
27 100000 13 13 8 3 13 5 1 10 15 1 4 16 6 9 10 5 12 8 9 8 100000 100000 9 4 100000 100000 100000 1 100000 100000 5 7 7 4 9 6
28 16 8 2 9 3 8 11 8 5 10 4 1 7 12 12 3 12 12 5 6 2 6 2 6 7 6 4 7 3 1 5 8 8 3 9 8 4
29 33 22 16 7 26 25 5 2 9 23 14 12 21 1 5 22 26 6 20 14 10 5 17 18 4 2 6 16 10 8 14 1 4 16 18 5 13
30 100000 1 4 7 11 6 20 7 7 22 21 14 15 17 17 8 4 7 4 1 3 100000 8 5 13 5 5 15 14 9 11 12 12 100000 3 5 3
31 67 13 15 10 7 24 7 41 23 19 32 45 31 11 9 45 25 3 6 10 10 7 5 16 5 25 15 12 22 32 21 8 6 32 16 2 4
32 62 11 9 12 44 29 19 35 27 37 45 36 41 45 45 28 24 14 32 7 7 8 28 20 13 24 19 24 31 24 29 30 30 18 15 10 22
33 45 16 16 20 30 11 26 32 28 12 26 31 30 9 33 10 15 1 22 11 11 14 20 8 17 22 19 8 17 20 20 6 23 7 10 1 15
34 100000 6 3 4 6 5 9 1 22 2 22 19 21 23 20 11 12 22 18 5 3 3 5 4 100000 1 15 2 100000 13 100000 15 14 100000 8 100000 13
35 16 10 4 1 12 2 7 11 11 4 6 2 8 11 4 2 6 10 8 7 3 1 9 2 5 7 7 3 5 2 6 8 3 2 4 7 5
36 100000 18 52 18 10 30 2 50 35 50 11 37 43 27 25 16 36 37 26 13 36 13 7 19 100000 32 23 35 7 23 29 100000 100000 11 23 23 16
37 16 1 5 10 2 9 9 6 2 6 4 3 11 3 7 9 10 1 5 1 4 7 2 7 7 4 2 4 3 3 7 2 5 6 7 1 4
38 100000 12 1 19 18 24 7 7 13 18 18 3 33 4 22 8 26 8 27 9 100000 100000 100000 16 100000 5 10 12 13 2 22 3 100000 100000 100000 6 100000
39 100000 20 19 19 20 1 7 42 33 21 31 26 33 25 26 36 3 32 39 13 13 100000 13 100000 5 100000 23 15 20 100000 21 16 18 25 3 100000 100000
40 9 4 1 5 2 7 4 5 4 5 4 5 4 6 1 1 4 7 4 3 1 4 2 5 3 4 3 4 3 4 3 4 1 1 3 5 3
41 20 12 4 11 5 2 14 9 3 2 5 3 13 13 11 8 13 11 7 8 3 8 4 2 9 6 2 2 4 2 10 9 8 6 9 8 5
42 100000 6 4 9 10 4 3 7 6 4 5 8 12 2 1 11 3 5 5 4 100000 100000 100000 100000 100000 5 4 100000 4 6 9 2 100000 100000 2 100000 4
43 40 1 10 22 9 16 28 26 25 12 24 2 26 14 18 26 15 27 5 1 7 16 6 10 20 17 16 8 17 2 18 10 12 18 10 19 4
44 100000 26 6 36 22 32 26 1 12 19 19 19 10 23 2 7 1 7 23 18 5 25 100000 21 100000 100000 8 12 13 13 100000 15 2 100000 1 5 16
45 100000 8 5 40 3 39 16 29 33 34 11 33 12 25 1 18 14 27 28 6 4 25 3 26 11 18 22 100000 7 100000 8 17 1 12 10 19 20
46 31 12 18 14 20 19 15 6 22 16 9 16 13 15 21 17 18 18 14 8 12 10 14 13 10 4 16 11 6 11 9 10 13 12 13 11 10
47 100000 13 13 13 3 17 8 9 10 6 9 21 20 6 16 9 8 5 15 9 100000 9 3 100000 100000 6 100000 100000 6 14 100000 100000 100000 6 100000 4 100000
48 100000 8 4 1 1 2 5 6 8 9 3 4 1 5 6 9 1 8 4 6 3 100000 1 100000 4 5 6 6 100000 3 1 100000 4 6 1 6 3
49 100000 10 1 13 3 5 15 14 2 12 16 11 14 16 13 12 15 8 5 7 100000 100000 2 4 100000 9 100000 9 11 8 9 10 10 8 10 6 100000
50 100000 8 9 3 7 12 7 5 4 6 2 10 1 6 4 12 7 5 2 100000 100000 100000 5 100000 5 4 3 4 2 7 1 100000 3 100000 5 4 2
51 35 21 13 26 15 25 12 22 17 2 26 26 20 21 9 26 25 13 21 14 9 18 11 17 8 16 11 2 18 18 14 15 6 18 17 8 14
52 100000 3 11 1 2 11 1 6 9 10 1 11 12 3 1 12 12 2 2 100000 7 1 2 100000 1 5 7 7 1 8 8 100000 1 8 100000 2 100000
53 100000 21 34 29 26 26 10 52 41 5 26 37 12 44 43 4 41 17 23 14 22 20 18 16 7 35 100000 4 18 24 9 100000 100000 100000 25 11 16
54 15 11 9 7 4 4 2 3 2 1 6 10 8 4 11 1 3 9 12 8 7 5 3 3 2 2 2 1 5 7 6 3 8 1 2 7 8
55 100000 32 21 11 26 8 16 24 29 2 30 23 25 3 18 9 26 32 28 22 100000 8 16 100000 11 15 100000 100000 100000 16 18 100000 100000 6 18 100000 19
56 100000 1 40 27 9 32 7 6 39 32 4 13 27 15 11 42 6 35 17 100000 28 17 6 20 5 5 27 20 3 9 100000 11 8 29 5 22 12
57 9 5 1 6 7 4 1 2 3 6 3 1 4 2 4 6 7 7 3 4 1 5 5 3 1 2 2 4 3 1 3 2 3 4 5 5 3
58 100000 7 14 8 3 7 5 10 11 2 11 9 11 5 12 8 6 8 13 5 10 6 100000 5 4 7 8 2 8 7 8 4 8 100000 100000 6 100000
<posture of tasks>
1 1
2 0
3 1
4 0
5 0
6 1
7 1
8 1
9 1
10 1
11 1
12 0
13 0
14 1
15 0
16 0
17 1
18 1
19 0
20 0
21 0
22 1
23 0
24 1
25 0
26 1
27 1
28 0
29 1
30 1
31 1
32 0
33 1
34 0
35 1
36 1
37 1
38 1
39 1
40 1
41 1
42 1
43 1
44 0
45 1
46 1
47 1
48 1
49 1
50 1
51 1
52 0
53 1
54 1
55 0
56 1
57 1
58 0
<max energy cosumption of alternatives>
1 100000.00
2 3.15
3 5.38
4 4.98
5 3.12
6 2.62
7 4.64
8 2.84
9 4.23
10 4.63
11 5.32
12 5.19
13 3.17
14 4.62
15 2.48
16 4.26
17 2.45
18 4.15
19 2.29
<energy cosumption of alternatives>
1 100000.00 0.16 0.24 0.31 0.13 0.28 0.15 0.22 0.09 0.09 0.30 0.31 0.13 0.21 0.19 0.30 0.25 0.09 0.22 0.05 0.15 0.13 0.05 0.10 0.04 0.10 0.03 0.03 0.18 0.13 0.06 0.12 0.05 0.14 0.13 0.05 0.07
2 100000.00 0.26 1.23 0.67 0.14 0.03 0.95 0.65 1.20 1.02 0.93 0.23 0.97 0.62 0.10 1.23 0.88 1.06 0.33 0.10 0.26 0.28 0.08 0.01 100000.00 100000.00 100000.00 0.41 100000.00 0.10 100000.00 0.18 0.04 0.30 0.36 100000.00 100000.00
3 100000.00 0.34 1.04 1.10 0.13 0.15 1.26 0.43 1.17 0.57 0.66 1.04 0.21 0.36 0.78 1.22 0.78 1.08 0.65 0.16 0.33 0.39 0.08 0.06 0.27 0.15 0.70 0.30 0.42 0.27 0.08 0.21 0.49 0.70 0.51 0.45 0.32
4 100000.00 0.26 0.25 0.12 0.16 0.71 0.21 0.19 0.35 0.55 0.32 0.60 0.32 0.51 0.62 0.23 0.44 0.23 0.30 0.07 0.16 0.03 0.04 0.25 0.12 0.13 0.16 0.36 0.15 0.18 0.16 0.26 0.26 0.09 0.18 0.16 0.12
5 100000.00 0.04 0.15 0.54 0.45 0.45 0.29 0.76 0.33 0.36 0.52 0.22 0.34 0.40 0.11 0.38 0.13 0.66 0.72 0.03 0.06 0.25 0.17 0.15 0.12 0.22 0.18 0.12 0.19 0.06 0.20 0.22 0.04 0.24 0.04 0.44 0.29
6 100000.00 0.36 0.25 0.32 0.32 0.38 0.16 0.08 0.16 0.44 0.34 0.59 0.32 0.40 0.23 0.25 0.17 0.19 0.45 0.11 0.16 0.17 0.19 100000.00 0.07 100000.00 0.11 0.25 0.11 100000.00 0.15 0.15 0.12 0.17 100000.00 100000.00 100000.00
7 100000.00 0.67 0.41 1.03 0.39 0.23 0.35 0.98 0.83 0.17 0.77 0.56 0.58 0.59 0.14 0.14 0.36 0.26 0.20 0.30 0.13 100000.00 0.19 0.13 0.16 0.52 0.19 0.11 100000.00 0.28 0.12 0.33 100000.00 0.07 0.23 100000.00 100000.00
8 100000.00 0.26 0.53 0.74 0.08 0.20 0.07 0.32 0.10 0.10 0.34 0.10 0.29 0.68 0.48 0.25 0.48 0.65 0.54 0.17 0.12 0.37 0.05 0.10 0.05 0.12 0.04 0.03 0.13 0.03 0.07 0.30 0.21 0.10 0.24 0.31 0.36
9 100000.00 0.34 0.30 0.15 0.24 0.19 0.21 0.28 0.43 0.21 0.09 0.34 0.06 0.42 0.09 0.43 0.22 0.30 0.06 0.19 0.13 0.07 0.15 0.08 0.07 0.16 0.14 0.08 0.05 0.11 0.03 0.24 0.06 0.16 0.08 0.11 0.02
10 100000.00 0.85 0.53 0.89 0.94 1.16 1.56 1.03 1.56 0.13 0.31 1.48 1.13 0.46 1.00 0.40 0.44 1.66 0.53 0.50 0.19 0.26 0.64 100000.00 100000.00 0.59 100000.00 100000.00 100000.00 0.80 0.67 0.15 0.33 0.28 0.18 100000.00 0.25
11 100000.00 0.16 0.46 0.19 0.74 0.28 0.49 0.28 0.76 1.00 0.97 0.97 0.25 0.06 0.59 0.31 0.59 0.18 0.16 0.11 0.20 0.07 0.34 0.08 0.22 0.15 0.41 0.30 0.61 0.40 0.18 0.02 0.34 0.14 0.24 0.09 0.08
12 100000.00 0.11 0.84 0.64 0.71 0.14 0.55 0.39 0.91 0.59 0.52 0.91 0.07 0.59 0.34 0.84 0.34 0.45 0.62 100000.00 0.22 0.42 0.22 100000.00 0.33 100000.00 0.56 0.24 0.15 0.21 0.04 100000.00 0.14 0.32 0.10 100000.00 0.28
13 100000.00 0.17 0.14 0.07 0.06 0.15 0.19 0.13 0.21 0.12 0.14 0.26 0.08 0.23 0.22 0.23 0.08 0.33 0.10 0.04 0.09 0.02 0.04 0.06 0.09 0.06 0.10 0.04 0.08 0.17 0.04 0.15 0.06 0.16 0.02 0.12 0.05
14 100000.00 0.86 1.61 0.64 1.11 0.83 0.61 0.19 1.39 0.82 0.61 1.24 0.32 1.15 0.62 1.70 0.99 1.55 1.02 0.41 0.43 0.34 0.31 0.44 0.16 0.07 0.74 0.51 0.37 0.56 0.10 0.32 0.36 0.42 0.66 1.05 0.55
15 100000.00 0.26 0.28 0.15 0.19 0.12 0.31 0.24 0.31 0.10 0.26 0.31 0.03 0.31 0.17 0.22 0.22 0.08 0.10 0.15 0.17 0.08 0.08 0.06 0.14 0.07 0.07 0.02 0.06 0.07 0.01 0.10 0.06 0.11 0.08 0.03 0.05
16 100000.00 0.23 0.14 0.39 0.70 0.07 0.83 0.74 0.11 0.11 0.85 0.64 0.46 0.23 0.65 0.50 0.53 0.88 0.12 100000.00 0.09 100000.00 0.14 0.03 0.17 0.20 100000.00 0.03 0.18 0.32 0.25 0.09 0.28 100000.00 0.16 0.53 0.04
17 100000.00 0.87 0.49 0.68 0.51 0.16 0.83 0.96 0.37 1.31 0.28 1.43 0.14 1.43 0.41 0.95 1.02 1.19 1.09 0.26 0.16 0.44 0.27 0.04 0.38 0.23 0.18 0.40 0.17 0.63 0.08 0.85 0.15 0.31 0.29 0.72 0.49
18 100000.00 0.04 0.25 0.25 0.04 0.07 0.06 0.04 0.22 0.22 0.24 0.19 0.10 0.21 0.07 0.15 0.07 0.22 0.07 0.02 0.08 0.13 0.02 0.03 0.02 0.03 0.11 0.08 0.06 0.10 0.06 0.13 0.02 0.10 0.02 0.05 0.03
19 100000.00 0.23 0.11 0.07 0.10 0.30 0.34 0.19 0.23 0.18 0.16 0.41 0.19 0.18 0.26 0.30 0.14 0.34 0.10 0.05 0.07 0.03 100000.00 0.08 100000.00 0.04 100000.00 0.05 0.07 0.13 0.10 100000.00 100000.00 0.08 0.07 0.18 0.03
20 100000.00 0.19 0.18 0.18 0.21 0.23 0.29 0.19 0.18 0.13 0.06 0.18 0.16 0.34 0.25 0.06 0.19 0.13 0.09 0.05 0.04 0.10 0.09 0.10 0.06 0.04 0.08 0.05 0.02 0.10 0.08 0.11 0.06 0.03 0.12 0.03 0.03
21 100000.00 0.36 0.45 0.10 0.47 0.06 0.35 0.34 0.42 0.10 0.54 0.61 0.15 0.24 0.40 0.28 0.34 0.80 0.11 0.11 0.14 0.04 0.16 0.02 0.19 100000.00 0.29 0.02 0.19 0.26 0.05 0.09 0.28 100000.00 0.08 0.19 0.03
22 100000.00 0.44 1.25 0.28 0.38 0.89 0.06 0.86 1.10 0.64 0.97 0.64 0.44 1.19 0.66 0.31 0.07 1.22 0.10 0.09 0.34 0.18 100000.00 0.49 0.02 0.58 0.72 100000.00 0.57 100000.00 0.27 100000.00 100000.00 0.15 100000.00 0.68 0.07
23 100000.00 0.56 0.08 0.95 0.52 0.43 0.93 0.20 0.35 0.49 0.19 0.95 0.70 0.14 0.79 0.65 0.10 0.40 0.81 0.34 0.05 0.63 0.30 0.11 0.35 0.08 0.19 0.17 0.11 0.22 0.47 0.09 0.53 0.18 0.05 0.24 0.24
24 100000.00 0.18 0.39 0.45 0.24 0.52 0.39 0.37 0.54 0.29 0.60 0.63 0.21 0.35 0.52 0.60 0.49 0.23 0.43 100000.00 0.09 0.24 100000.00 0.27 100000.00 0.16 0.15 0.11 0.28 100000.00 100000.00 100000.00 100000.00 0.19 0.17 0.09 0.26
25 100000.00 0.29 0.34 0.22 0.06 0.39 0.27 0.27 0.20 0.34 0.47 0.61 0.34 0.47 0.18 0.27 0.22 0.29 0.36 0.11 0.08 0.12 0.02 0.19 0.10 0.17 0.07 0.10 0.12 0.14 0.15 0.22 0.11 0.06 0.08 0.07 0.19
26 100000.00 0.25 0.15 0.28 0.25 0.13 0.15 0.04 0.09 0.21 0.06 0.21 0.07 0.09 0.04 0.30 0.16 0.30 0.19 0.11 0.08 0.15 0.09 0.05 0.10 0.02 100000.00 0.05 0.03 100000.00 0.04 100000.00 0.02 0.21 0.04 100000.00 0.10
27 100000.00 0.35 0.44 0.28 0.11 0.35 0.19 0.05 0.34 0.49 0.07 0.16 0.41 0.22 0.23 0.34 0.17 0.40 0.23 0.22 0.24 100000.00 100000.00 0.13 0.13 100000.00 100000.00 100000.00 0.02 100000.00 100000.00 0.06 0.14 0.18 0.08 0.24 0.05
28 100000.00 0.19 0.09 0.25 0.10 0.19 0.30 0.19 0.16 0.28 0.14 0.07 0.16 0.32 0.26 0.11 0.26 0.32 0.14 0.10 0.03 0.14 0.03 0.04 0.17 0.11 0.11 0.13 0.04 0.01 0.10 0.16 0.13 0.06 0.12 0.14 0.09
29 100000.00 0.61 0.54 0.27 0.68 0.67 0.21 0.09 0.33 0.75 0.48 0.42 0.55 0.08 0.16 0.73 0.71 0.24 0.55 0.22 0.28 0.08 0.19 0.26 0.05 0.06 0.13 0.18 0.10 0.12 0.24 0.05 0.05 0.36 0.32 0.08 0.22
30 100000.00 0.03 0.15 0.24 0.28 0.15 0.63 0.18 0.24 0.69 0.66 0.45 0.37 0.54 0.43 0.27 0.12 0.24 0.12 0.02 0.06 100000.00 0.10 0.04 0.42 0.05 0.08 0.18 0.23 0.30 0.17 0.27 0.10 100000.00 0.08 0.11 0.07
31 100000.00 0.36 0.50 0.35 0.21 0.63 0.25 1.16 0.77 0.62 1.08 1.56 0.83 0.38 0.24 1.51 0.67 0.13 0.18 0.13 0.25 0.10 0.14 0.13 0.15 0.40 0.41 0.22 0.46 0.50 0.51 0.13 0.11 0.48 0.30 0.07 0.12
32 100000.00 0.25 0.24 0.34 0.88 0.63 0.47 0.77 0.68 0.96 1.14 0.98 0.81 1.14 0.88 0.75 0.48 0.36 0.68 0.07 0.10 0.14 0.39 0.23 0.20 0.44 0.25 0.22 0.66 0.63 0.33 0.33 0.48 0.46 0.24 0.19 0.31
33 100000.00 0.44 0.52 0.67 0.81 0.29 0.82 0.90 0.97 0.40 0.82 1.09 0.80 0.31 0.87 0.34 0.41 0.06 0.57 0.13 0.22 0.28 0.34 0.07 0.48 0.33 0.39 0.24 0.47 0.63 0.50 0.20 0.34 0.13 0.27 0.04 0.23
34 100000.00 0.17 0.12 0.14 0.14 0.14 0.26 0.05 0.58 0.10 0.55 0.51 0.42 0.58 0.40 0.30 0.26 0.56 0.37 0.04 0.04 0.03 0.04 0.04 100000.00 0.01 0.38 0.03 100000.00 0.31 100000.00 0.23 0.20 100000.00 0.18 100000.00 0.26
35 100000.00 0.28 0.15 0.06 0.31 0.07 0.24 0.31 0.37 0.15 0.21 0.09 0.22 0.37 0.13 0.09 0.16 0.34 0.22 0.12 0.09 0.03 0.17 0.03 0.17 0.11 0.24 0.04 0.14 0.06 0.10 0.25 0.04 0.03 0.08 0.14 0.06
36 100000.00 0.51 1.73 0.62 0.27 0.86 0.10 1.39 1.21 1.64 0.38 1.30 1.12 0.86 0.64 0.53 1.02 1.24 0.67 0.16 1.02 0.14 0.15 0.54 100000.00 0.31 0.49 0.53 0.21 0.63 0.43 100000.00 100000.00 0.24 0.41 0.29 0.42
37 100000.00 0.06 0.20 0.36 0.09 0.27 0.32 0.21 0.11 0.23 0.17 0.14 0.30 0.14 0.21 0.32 0.30 0.08 0.18 0.01 0.14 0.22 0.03 0.14 0.14 0.08 0.03 0.11 0.04 0.09 0.15 0.06 0.08 0.07 0.19 0.04 0.05
38 100000.00 0.35 0.07 0.64 0.47 0.62 0.25 0.20 0.43 0.58 0.58 0.13 0.87 0.16 0.54 0.28 0.69 0.28 0.69 0.14 100000.00 100000.00 100000.00 0.20 100000.00 0.09 0.09 0.41 0.38 0.06 0.61 0.05 100000.00 100000.00 100000.00 0.17 100000.00
39 100000.00 0.53 0.61 0.64 0.50 0.04 0.25 1.17 1.12 0.67 1.03 0.86 0.87 0.79 0.63 1.21 0.10 1.06 1.05 0.36 0.20 100000.00 0.22 100000.00 0.10 100000.00 0.54 0.22 0.68 100000.00 0.19 0.32 0.24 0.31 0.03 100000.00 100000.00
40 100000.00 0.14 0.07 0.19 0.08 0.20 0.16 0.17 0.16 0.19 0.16 0.19 0.14 0.22 0.05 0.07 0.14 0.25 0.14 0.07 0.04 0.09 0.05 0.06 0.10 0.05 0.08 0.12 0.11 0.05 0.07 0.12 0.02 0.02 0.08 0.17 0.06
41 100000.00 0.35 0.16 0.38 0.14 0.08 0.46 0.26 0.13 0.10 0.19 0.13 0.33 0.43 0.29 0.28 0.35 0.37 0.20 0.10 0.10 0.18 0.07 0.04 0.28 0.17 0.08 0.06 0.12 0.04 0.16 0.09 0.15 0.18 0.20 0.15 0.10
42 100000.00 0.19 0.16 0.31 0.26 0.13 0.12 0.20 0.22 0.16 0.19 0.28 0.32 0.09 0.04 0.37 0.10 0.19 0.16 0.07 100000.00 100000.00 100000.00 100000.00 100000.00 0.09 0.07 100000.00 0.11 0.09 0.22 0.03 100000.00 100000.00 0.06 100000.00 0.08
43 100000.00 0.04 0.34 0.73 0.25 0.41 0.93 0.68 0.82 0.40 0.76 0.09 0.62 0.45 0.44 0.82 0.40 0.85 0.15 0.03 0.15 0.36 0.14 0.14 0.57 0.31 0.26 0.18 0.33 0.06 0.28 0.15 0.29 0.24 0.12 0.55 0.07
44 100000.00 0.53 0.18 1.02 0.44 0.70 0.64 0.05 0.32 0.48 0.48 0.51 0.21 0.57 0.07 0.21 0.05 0.21 0.46 0.17 0.07 0.41 100000.00 0.38 100000.00 100000.00 0.20 0.29 0.10 0.20 100000.00 0.16 0.04 100000.00 0.02 0.11 0.16
45 100000.00 0.22 0.18 1.39 0.09 1.04 0.52 0.82 1.12 1.12 0.36 1.15 0.31 0.79 0.04 0.58 0.37 0.85 0.76 0.15 0.04 0.82 0.04 0.52 0.33 0.26 0.63 100000.00 0.19 100000.00 0.16 0.19 0.01 0.32 0.21 0.28 0.28
46 100000.00 0.36 0.60 0.50 0.52 0.51 0.50 0.20 0.74 0.53 0.32 0.56 0.33 0.50 0.54 0.57 0.49 0.59 0.39 0.20 0.25 0.30 0.22 0.20 0.24 0.08 0.50 0.32 0.19 0.30 0.10 0.30 0.16 0.37 0.30 0.15 0.15
47 100000.00 0.34 0.42 0.45 0.09 0.43 0.27 0.25 0.33 0.21 0.30 0.70 0.50 0.21 0.40 0.30 0.22 0.18 0.40 0.16 100000.00 0.29 0.04 100000.00 100000.00 0.10 100000.00 100000.00 0.21 0.20 100000.00 100000.00 100000.00 0.19 100000.00 0.05 100000.00
48 100000.00 0.22 0.15 0.06 0.04 0.07 0.18 0.19 0.28 0.31 0.12 0.15 0.04 0.18 0.16 0.31 0.04 0.28 0.13 0.07 0.09 100000.00 0.01 100000.00 0.11 0.13 0.16 0.21 100000.00 0.06 0.01 100000.00 0.10 0.12 0.02 0.06 0.05
49 100000.00 0.28 0.06 0.46 0.10 0.16 0.49 0.38 0.09 0.40 0.52 0.37 0.35 0.52 0.32 0.40 0.41 0.28 0.16 0.14 100000.00 100000.00 0.03 0.09 100000.00 0.11 100000.00 0.14 0.13 0.13 0.14 0.18 0.22 0.27 0.27 0.12 100000.00
50 100000.00 0.23 0.32 0.14 0.20 0.33 0.25 0.17 0.16 0.22 0.10 0.35 0.05 0.22 0.14 0.41 0.20 0.19 0.08 100000.00 100000.00 100000.00 0.07 100000.00 0.07 0.05 0.08 0.07 0.03 0.18 0.01 100000.00 0.06 100000.00 0.07 0.09 0.02
51 100000.00 0.57 0.44 0.89 0.39 0.66 0.41 0.60 0.56 0.10 0.83 0.86 0.51 0.68 0.24 0.84 0.67 0.44 0.55 0.20 0.20 0.58 0.18 0.22 0.14 0.13 0.13 0.04 0.19 0.37 0.12 0.27 0.13 0.26 0.42 0.10 0.36
52 100000.00 0.10 0.30 0.07 0.08 0.24 0.07 0.17 0.26 0.28 0.07 0.30 0.26 0.12 0.05 0.32 0.26 0.09 0.08 100000.00 0.10 0.02 0.05 100000.00 0.03 0.07 0.07 0.09 0.02 0.08 0.06 100000.00 0.02 0.08 100000.00 0.05 100000.00
53 100000.00 0.56 1.16 1.04 0.66 0.66 0.34 1.42 1.40 0.19 0.83 1.28 0.32 1.44 1.09 0.16 1.12 0.55 0.60 0.26 0.33 0.36 0.45 0.16 0.12 0.71 100000.00 0.04 0.21 0.62 0.18 100000.00 100000.00 100000.00 0.24 0.30 0.14
54 100000.00 0.31 0.31 0.25 0.13 0.13 0.10 0.10 0.10 0.07 0.22 0.34 0.22 0.16 0.29 0.07 0.10 0.31 0.32 0.14 0.18 0.15 0.08 0.06 0.02 0.04 0.03 0.03 0.14 0.07 0.13 0.10 0.08 0.03 0.03 0.15 0.18
55 100000.00 0.73 0.53 0.30 0.51 0.19 0.41 0.51 0.81 0.09 0.81 0.60 0.49 0.12 0.35 0.25 0.54 0.86 0.63 0.20 100000.00 0.10 0.19 100000.00 0.26 0.28 100000.00 100000.00 100000.00 0.27 0.23 100000.00 100000.00 0.06 0.28 100000.00 0.24
56 100000.00 0.06 1.37 0.92 0.27 0.90 0.26 0.21 1.34 1.09 0.17 0.44 0.67 0.50 0.30 1.43 0.18 1.19 0.46 100000.00 0.29 0.63 0.14 0.41 0.13 0.07 0.27 0.46 0.10 0.30 100000.00 0.20 0.07 0.58 0.10 0.59 0.14
57 100000.00 0.16 0.06 0.22 0.19 0.13 0.06 0.07 0.12 0.21 0.12 0.06 0.13 0.09 0.13 0.21 0.19 0.24 0.10 0.04 0.03 0.09 0.09 0.06 0.04 0.02 0.06 0.07 0.08 0.02 0.06 0.02 0.03 0.05 0.09 0.09 0.06
58 100000.00 0.17 0.37 0.23 0.10 0.17 0.16 0.24 0.30 0.09 0.30 0.25 0.24 0.16 0.26 0.23 0.14 0.23 0.28 0.05 0.21 0.16 100000.00 0.10 0.04 0.06 0.16 0.04 0.19 0.12 0.10 0.06 0.15 100000.00 100000.00 0.07 100000.00
<task rigidity>
1 1
2 3
3 6
4 1
5 8
6 1
7 1
8 1
9 5
10 3
11 4
12 2
13 9
14 2
15 9
16 9
17 1
18 3
19 4
20 3
21 5
22 1
23 8
24 3
25 7
26 6
27 7
28 2
29 9
30 10
31 1
32 5
33 4
34 5
35 6
36 1
37 6
38 8
39 6
40 10
41 4
42 8
43 10
44 1
45 10
46 6
47 1
48 10
49 3
50 5
51 6
52 1
53 3
54 8
55 1
56 6
57 5
58 1
<precedence relations>
1,9
2,25
3,21
3,22
4,10
5,36
6,23
6,24
7,43
8,44
9,11
11,13
11,14
11,15
12,17
13,17
14,17
15,17
16,18
17,20
18,19
19,23
20,21
20,25
21,26
21,44
22,27
23,31
24,31
25,38
26,29
27,30
28,32
28,33
29,31
30,34
31,36
32,45
33,35
34,36
35,43
36,37
36,38
37,39
37,40
37,41
38,52
39,43
40,43
41,42
42,43
43,45
44,45
45,46
45,48
45,49
46,47
46,50
47,51
48,55
49,58
50,58
51,52
52,53
53,54
54,55
54,56
55,57
56,57
57,58
<end>