<number of tasks>
58
<number of stations>
24
<number of workers>
24
<type of the robots>
1
<limit of the robots>
6
<task times>
1 14 1 10 3 3 7 5 8 4 5 5 6 7 2 5 2 7 4 4 3 5 3 4 5 5 1 7 2 2 5 4 6 3 4 4 4 5 2 4 2 5 3 3 2 4 2 3 4 4
2 73 16 11 48 36 24 45 15 37 26 2 28 8 2 13 3 17 53 13 23 48 7 38 10 25 10 8 33 24 16 30 10 23 17 2 18 6 2 9 3 11 37 10 16 34 5 27 7 17
3 100000 6 27 29 12 15 3 36 36 30 31 4 37 34 32 33 13 28 29 6 38 19 2 17 24 4 100000 19 100000 10 2 25 23 100000 22 100000 100000 22 20 23 9 19 100000 5 24 100000 2 12 16
4 100000 1 12 30 15 11 15 26 35 22 9 36 6 27 4 20 11 30 10 25 33 24 13 24 28 1 9 20 10 8 10 18 100000 14 7 23 100000 100000 100000 14 8 19 7 16 20 100000 10 100000 100000
5 49 23 35 26 23 30 5 17 27 33 18 28 3 10 6 9 27 34 26 7 13 7 15 1 21 16 25 18 14 20 4 11 19 21 13 20 2 7 5 6 18 24 18 5 10 5 11 1 15
6 100000 11 3 17 4 17 6 7 7 8 12 16 14 17 8 14 1 2 7 6 13 14 14 3 2 8 100000 12 3 11 4 100000 5 6 9 11 10 100000 6 100000 1 2 5 4 9 100000 10 100000 2
7 100000 4 18 12 14 31 28 27 7 6 34 27 33 34 26 22 34 28 17 1 4 12 26 3 30 100000 100000 9 10 19 19 100000 5 4 23 19 23 100000 100000 100000 22 19 11 1 3 100000 17 100000 100000
8 100000 20 9 22 15 7 15 22 13 2 17 11 6 8 21 22 20 5 19 5 3 12 11 13 7 100000 7 100000 10 5 100000 100000 9 2 11 7 4 6 13 14 13 4 100000 4 2 8 100000 100000 100000
9 100000 10 5 5 13 11 13 6 6 10 13 9 12 3 14 14 8 7 5 3 10 12 14 7 1 7 4 4 9 8 100000 4 4 7 9 6 8 3 100000 10 100000 100000 4 3 100000 8 9 5 1
10 72 37 17 14 27 45 49 6 12 27 23 38 43 6 23 12 19 39 18 49 4 5 28 41 33 26 12 10 19 30 32 4 8 17 15 24 29 4 15 8 12 27 11 34 3 4 18 25 21
11 45 8 6 2 4 30 18 8 31 3 17 15 7 13 3 17 4 23 15 26 25 16 4 13 10 6 4 2 3 21 13 6 21 2 12 10 5 9 2 11 3 15 10 17 18 11 3 9 7
12 45 3 7 26 10 3 4 8 6 12 10 1 9 30 28 16 12 6 12 8 11 25 23 29 10 2 5 16 7 3 3 5 5 8 7 1 7 20 20 11 9 4 9 6 8 18 16 19 7
13 100000 4 7 7 3 9 12 9 3 2 4 4 7 2 12 5 6 7 4 6 10 8 12 5 12 3 100000 5 100000 6 8 100000 2 2 3 3 100000 2 9 4 4 100000 3 100000 7 6 9 4 100000
14 100000 52 43 28 44 3 30 14 4 46 49 49 21 5 32 24 1 49 28 47 15 24 28 26 4 34 26 100000 100000 2 100000 100000 3 28 34 31 14 100000 22 17 1 33 100000 31 100000 100000 19 18 3
15 100000 7 2 4 1 9 5 2 3 11 8 3 3 3 7 4 12 4 6 1 2 7 4 8 4 5 2 3 100000 7 100000 2 3 100000 100000 100000 100000 3 5 3 100000 3 100000 1 100000 5 100000 6 3
16 100000 18 17 30 8 7 22 3 26 28 5 13 18 18 15 13 8 2 31 21 18 24 24 17 1 100000 100000 19 6 5 14 2 17 18 4 100000 12 100000 10 100000 5 2 21 14 12 16 16 12 1
17 100000 42 28 44 43 7 41 29 12 4 24 34 6 28 29 32 2 23 9 3 12 35 20 17 30 100000 19 29 100000 5 100000 100000 8 3 17 24 100000 100000 18 22 2 14 7 3 100000 22 14 11 100000
18 100000 6 4 5 6 7 2 7 1 3 4 5 3 7 6 3 6 2 4 3 2 3 3 7 2 4 100000 100000 100000 5 100000 5 100000 100000 3 4 100000 5 4 3 4 2 3 100000 2 3 3 100000 100000
19 21 14 6 13 8 12 12 6 8 6 2 8 3 12 1 12 1 12 5 1 14 8 12 13 3 10 5 9 6 9 8 5 5 4 2 6 3 8 1 8 1 8 4 1 10 6 8 9 2
20 100000 13 2 12 9 13 3 6 12 7 3 7 4 13 6 7 10 7 5 9 6 7 4 4 8 9 100000 100000 100000 9 3 5 9 5 100000 100000 3 9 5 5 7 100000 4 6 4 5 3 3 6
21 37 1 15 25 29 23 27 19 20 22 9 29 14 13 21 12 2 18 10 22 19 28 21 21 27 1 10 16 20 16 18 12 14 14 6 20 9 8 14 9 2 12 7 16 13 18 14 15 18
22 50 32 30 7 27 4 27 20 2 2 12 6 30 19 37 20 11 26 9 28 2 24 17 18 9 22 19 5 18 3 19 14 2 2 8 4 21 13 24 14 8 16 6 18 2 16 12 12 7
23 60 24 15 9 28 13 23 14 2 4 17 35 3 27 27 26 12 34 16 34 11 7 23 2 5 17 10 6 18 9 16 9 2 3 12 24 3 17 17 17 8 24 10 24 7 5 16 2 4
24 29 18 20 20 22 9 15 19 13 1 23 16 3 11 11 23 3 11 2 17 4 18 7 8 3 13 14 14 16 6 10 13 8 1 16 11 2 8 8 15 2 8 2 12 3 13 5 6 2
25 31 15 16 20 16 5 6 21 24 19 7 24 7 20 5 18 18 10 18 13 9 15 3 12 20 10 12 14 10 4 4 15 16 13 5 16 5 13 4 12 13 7 13 9 6 10 3 9 14
26 11 8 1 6 4 4 6 1 7 7 1 9 6 6 6 1 6 4 1 5 3 7 7 3 5 5 1 5 3 3 4 1 5 5 1 7 5 5 4 1 4 3 1 4 2 5 5 2 4
27 21 16 13 8 11 6 4 7 11 4 8 16 16 11 5 11 14 15 4 2 14 8 6 10 6 11 9 6 8 5 3 5 8 3 6 11 11 8 4 8 9 11 3 2 10 6 4 7 5
28 100000 7 5 11 4 3 10 10 4 2 8 11 5 5 6 10 10 10 4 4 4 9 3 7 8 100000 4 7 3 100000 100000 7 3 100000 5 8 4 4 4 7 7 7 100000 3 3 7 3 5 100000
29 35 8 12 4 20 7 24 18 17 22 21 25 19 4 17 10 24 20 15 2 9 20 18 12 18 5 8 3 13 5 16 12 12 15 14 16 14 3 11 7 16 14 11 2 7 14 11 8 13
30 29 21 10 12 18 16 11 3 2 10 4 13 9 21 14 1 18 4 20 11 8 13 8 5 20 14 7 8 13 10 8 2 2 7 3 8 7 15 10 1 11 3 14 7 6 8 6 4 14
31 100000 38 4 33 32 25 24 6 28 10 49 31 46 10 13 41 2 47 21 16 4 14 35 19 4 26 100000 100000 22 16 100000 4 100000 7 34 19 32 100000 10 27 100000 100000 14 10 3 10 100000 100000 3
32 61 40 18 6 17 14 39 32 22 35 41 28 37 21 29 36 37 21 14 19 24 16 34 16 27 27 12 4 12 10 26 21 15 23 26 18 26 14 20 24 24 14 9 14 15 11 24 11 19
33 46 20 3 22 31 23 11 24 14 33 29 7 20 21 4 29 11 10 34 21 10 33 25 12 11 13 2 16 21 15 8 16 10 21 20 5 13 14 3 19 7 7 22 15 7 23 17 8 7
34 30 19 2 4 3 3 3 13 2 8 18 23 14 11 15 2 6 5 9 18 14 9 16 7 5 13 2 3 2 2 2 9 2 6 12 15 9 8 10 2 4 4 6 11 10 6 10 5 4
35 100000 11 4 4 10 11 11 6 1 4 3 7 8 5 5 3 8 2 2 2 8 7 2 6 11 7 100000 3 100000 8 8 100000 1 3 2 5 6 4 100000 100000 6 100000 100000 2 6 5 2 5 100000
36 67 28 28 22 19 21 32 24 22 48 43 13 8 32 17 42 29 7 49 27 21 3 52 44 17 18 20 15 13 13 21 17 14 30 27 9 6 23 11 29 19 5 30 18 14 3 35 31 12
37 100000 11 11 10 7 9 7 1 2 8 2 12 1 1 4 8 3 12 3 10 5 7 5 10 2 8 8 7 100000 7 5 1 2 5 2 8 1 1 100000 100000 2 9 2 100000 4 100000 4 7 2
38 100000 27 12 7 32 2 18 5 14 24 4 16 12 19 30 23 21 22 19 32 13 25 6 30 23 18 8 5 100000 2 12 4 9 16 3 11 8 13 21 16 14 15 100000 100000 9 16 5 19 15
39 59 24 22 43 12 25 31 42 10 42 25 4 43 34 41 32 23 4 32 26 33 24 28 32 10 17 14 27 8 16 20 28 7 27 16 3 27 24 28 20 17 3 20 16 23 16 19 22 7
40 100000 5 2 7 7 3 7 3 4 4 6 5 6 2 5 7 1 7 4 1 7 2 4 5 3 4 2 100000 5 2 5 2 3 3 4 4 100000 2 4 100000 100000 5 3 1 5 2 3 100000 3
41 100000 7 10 7 11 13 11 13 8 2 6 7 1 9 14 6 8 4 12 10 7 7 6 8 8 5 100000 5 7 9 7 9 6 2 4 5 1 6 10 4 6 3 100000 7 100000 5 100000 5 6
42 100000 9 12 2 4 1 7 2 4 1 3 8 2 12 13 2 7 10 7 6 6 13 2 13 11 6 100000 2 100000 1 100000 2 3 1 3 5 2 9 10 2 5 7 5 100000 4 9 100000 100000 8
43 40 17 29 25 25 25 6 4 6 2 3 12 14 5 26 21 26 8 21 25 3 5 24 18 19 11 19 17 16 16 5 3 5 2 3 9 10 4 16 14 17 5 14 16 3 4 17 13 14
44 49 28 4 7 32 36 5 34 29 24 35 32 21 31 29 8 23 8 4 9 14 19 27 36 18 19 3 5 23 25 4 23 20 17 22 22 14 20 18 5 14 6 3 6 10 12 17 23 13
45 57 42 6 29 33 12 17 36 32 37 38 12 24 7 15 35 22 36 4 33 27 42 5 6 24 26 4 19 21 8 11 24 22 26 24 9 15 5 10 22 15 23 3 23 17 29 4 4 17
46 29 22 14 10 10 14 18 7 23 9 15 9 5 22 6 21 18 11 18 5 23 14 2 19 20 16 9 7 7 10 13 5 16 7 11 6 4 15 4 15 12 8 13 4 16 9 2 13 14
47 31 17 20 19 19 12 22 12 11 15 13 10 18 21 5 23 2 12 2 16 15 16 22 9 10 12 13 12 13 9 15 9 7 10 9 7 13 14 4 16 2 9 2 11 11 11 14 7 7
48 12 1 6 7 3 6 4 6 5 5 9 8 8 3 8 7 3 2 4 8 4 1 2 7 1 1 5 5 2 4 3 4 4 4 6 5 5 2 6 5 3 2 3 6 3 1 2 5 1
49 100000 1 9 10 13 5 8 7 12 14 13 5 6 1 5 8 7 12 3 15 4 11 4 1 1 1 7 7 9 100000 6 5 8 100000 9 100000 100000 1 4 100000 5 9 3 100000 3 100000 3 1 100000
50 100000 11 10 1 4 12 4 10 10 3 2 8 5 10 4 7 12 2 4 10 4 3 4 11 11 8 7 1 100000 100000 100000 7 7 3 100000 100000 4 7 100000 5 9 100000 3 7 3 3 3 100000 100000
51 35 19 12 24 2 12 21 10 25 14 20 21 12 5 19 10 9 5 12 6 25 24 4 25 15 12 9 15 2 9 13 7 16 9 14 13 9 4 13 7 6 4 8 5 18 16 3 16 10
52 100000 3 6 9 11 10 6 7 4 12 7 10 8 7 1 9 8 8 1 2 1 3 1 8 1 100000 4 6 8 7 4 100000 100000 8 100000 7 6 5 1 7 5 6 1 2 100000 100000 1 100000 1
53 68 18 3 10 30 52 13 10 44 26 9 42 40 36 41 1 30 6 48 12 10 5 43 2 21 13 2 7 20 35 9 7 27 18 7 29 26 25 25 1 19 4 33 8 7 4 28 2 14
54 16 2 11 5 8 1 12 12 3 9 11 12 11 4 12 5 5 12 11 1 10 1 9 11 8 2 7 4 6 1 8 8 2 7 8 8 7 3 8 4 4 8 7 1 7 1 7 7 5
55 46 3 8 26 14 33 11 27 33 22 13 25 17 31 2 25 27 2 6 21 24 32 12 24 10 2 6 18 10 22 8 18 21 15 9 17 12 21 2 16 17 2 4 15 16 21 8 17 7
56 58 27 12 41 34 17 42 28 16 15 25 43 12 43 8 2 1 11 31 27 4 6 2 29 18 17 8 28 23 12 26 19 10 11 18 30 9 29 6 2 1 8 20 17 3 5 2 19 11
57 9 3 6 5 2 6 3 2 7 3 6 1 6 4 2 3 7 6 4 7 3 2 2 1 7 3 4 4 2 5 2 2 5 2 4 1 4 3 2 2 5 4 3 5 2 2 2 1 5
58 21 7 11 8 9 8 2 10 3 15 11 15 7 2 11 11 15 4 15 12 7 10 5 12 8 5 8 5 6 6 2 7 3 11 8 10 5 2 8 7 10 3 10 8 5 7 4 8 6
<posture of tasks>
1 1
2 1
3 1
4 1
5 1
6 1
7 1
8 0
9 1
10 1
11 1
12 1
13 0
14 1
15 1
16 1
17 1
18 1
19 1
20 0
21 0
22 0
23 1
24 1
25 0
26 1
27 0
28 1
29 1
30 1
31 0
32 0
33 0
34 0
35 1
36 1
37 1
38 1
39 1
40 1
41 1
42 1
43 1
44 1
45 1
46 1
47 1
48 1
49 1
50 1
51 1
52 1
53 1
54 1
55 1
56 1
57 1
58 0
<max energy cosumption of alternatives>
1 100000.00
2 5.62
3 4.52
4 5.26
5 3.01
6 4.60
7 5.08
8 3.26
9 2.51
10 2.22
11 5.41
12 4.35
13 4.23
14 4.70
15 3.13
16 4.32
17 2.44
18 2.24
19 2.53
20 5.00
21 4.48
22 4.53
23 2.11
24 4.73
25 4.76
<energy cosumption of alternatives>
1 100000.00 0.07 0.34 0.13 0.10 0.25 0.19 0.23 0.13 0.16 0.19 0.22 0.25 0.10 0.16 0.10 0.20 0.13 0.13 0.13 0.19 0.13 0.13 0.19 0.19 0.02 0.09 0.06 0.02 0.08 0.07 0.08 0.03 0.11 0.08 0.13 0.07 0.02 0.11 0.04 0.11 0.05 0.03 0.07 0.08 0.08 0.05 0.13 0.04
2 100000.00 0.55 0.37 1.56 0.96 0.77 1.53 0.40 1.02 0.68 0.10 0.95 0.28 0.10 0.35 0.13 0.47 1.42 0.32 0.73 1.59 0.25 0.99 0.34 0.79 0.30 0.22 0.54 0.31 0.37 0.50 0.17 0.49 0.26 0.06 0.20 0.12 0.04 0.18 0.06 0.22 0.70 0.18 0.17 0.51 0.14 0.67 0.22 0.45
3 100000.00 0.21 0.91 0.96 0.31 0.49 0.12 0.95 1.00 0.85 1.08 0.15 1.26 1.17 0.88 1.11 0.35 0.76 0.76 0.21 1.26 0.61 0.07 0.55 0.76 0.14 100000.00 0.65 100000.00 0.13 0.05 0.62 0.37 100000.00 0.31 100000.00 100000.00 0.28 0.58 0.37 0.21 0.38 100000.00 0.10 0.53 100000.00 0.02 0.31 0.44
4 100000.00 0.06 0.43 1.00 0.40 0.37 0.49 0.66 0.98 0.59 0.31 1.18 0.22 0.88 0.13 0.64 0.31 0.83 0.26 0.79 1.12 0.79 0.32 0.79 0.94 0.04 0.28 0.43 0.10 0.24 0.34 0.21 100000.00 0.16 0.11 0.59 100000.00 100000.00 100000.00 0.36 0.09 0.53 0.11 0.54 0.66 100000.00 0.12 100000.00 100000.00
5 100000.00 0.76 1.21 0.82 0.59 1.02 0.18 0.43 0.71 0.91 0.60 0.93 0.12 0.34 0.18 0.30 0.71 0.91 0.62 0.24 0.42 0.24 0.37 0.06 0.67 0.49 0.66 0.49 0.37 0.21 0.07 0.11 0.21 0.48 0.36 0.62 0.05 0.22 0.06 0.16 0.34 0.56 0.32 0.11 0.13 0.06 0.08 0.03 0.16
6 100000.00 0.37 0.12 0.55 0.13 0.55 0.22 0.19 0.19 0.22 0.40 0.52 0.46 0.58 0.22 0.46 0.04 0.07 0.19 0.21 0.43 0.46 0.35 0.12 0.09 0.24 100000.00 0.35 0.07 0.28 0.12 100000.00 0.12 0.12 0.20 0.18 0.12 100000.00 0.05 100000.00 0.01 0.04 0.06 0.09 0.17 100000.00 0.13 100000.00 0.02
7 100000.00 0.17 0.62 0.41 0.39 1.09 1.00 0.70 0.21 0.20 1.21 0.86 1.18 1.21 0.70 0.71 0.98 0.80 0.45 0.07 0.16 0.41 0.64 0.13 1.03 100000.00 100000.00 0.23 0.21 0.58 0.54 100000.00 0.08 0.09 0.42 0.56 0.63 100000.00 100000.00 100000.00 0.58 0.46 0.27 0.03 0.08 100000.00 0.20 100000.00 100000.00
8 100000.00 0.52 0.25 0.55 0.32 0.20 0.39 0.44 0.28 0.07 0.46 0.29 0.18 0.23 0.44 0.55 0.41 0.14 0.37 0.16 0.11 0.32 0.23 0.34 0.20 100000.00 0.07 100000.00 0.13 0.04 100000.00 100000.00 0.09 0.04 0.12 0.11 0.08 0.15 0.20 0.15 0.25 0.09 100000.00 0.07 0.05 0.09 100000.00 100000.00 100000.00
9 100000.00 0.36 0.21 0.20 0.37 0.39 0.45 0.19 0.21 0.31 0.45 0.33 0.42 0.15 0.40 0.48 0.25 0.22 0.15 0.14 0.36 0.42 0.37 0.27 0.08 0.21 0.05 0.05 0.10 0.16 100000.00 0.12 0.05 0.21 0.14 0.15 0.12 0.04 100000.00 0.31 100000.00 100000.00 0.10 0.07 100000.00 0.16 0.16 0.13 0.05
10 100000.00 1.25 0.57 0.45 0.68 1.46 1.61 0.15 0.33 0.70 0.75 1.22 1.43 0.21 0.61 0.39 0.49 1.02 0.43 1.55 0.14 0.18 0.71 1.37 1.06 0.48 0.24 0.30 0.36 0.47 0.40 0.08 0.18 0.42 0.40 0.71 0.93 0.06 0.26 0.25 0.31 0.57 0.15 0.56 0.04 0.11 0.15 0.53 0.60
11 100000.00 0.30 0.24 0.11 0.15 1.08 0.60 0.24 0.91 0.12 0.60 0.51 0.27 0.45 0.12 0.57 0.15 0.61 0.40 0.84 0.81 0.54 0.15 0.45 0.35 0.18 0.14 0.05 0.10 0.39 0.31 0.13 0.23 0.04 0.26 0.33 0.12 0.27 0.04 0.40 0.09 0.17 0.25 0.52 0.41 0.14 0.07 0.25 0.10
12 100000.00 0.13 0.25 0.82 0.28 0.13 0.16 0.22 0.19 0.34 0.34 0.07 0.31 1.07 0.81 0.52 0.34 0.17 0.32 0.28 0.37 0.82 0.57 1.01 0.34 0.04 0.16 0.34 0.20 0.04 0.04 0.11 0.11 0.15 0.09 0.04 0.14 0.29 0.39 0.22 0.10 0.07 0.20 0.14 0.16 0.20 0.36 0.66 0.07
13 100000.00 0.14 0.21 0.21 0.10 0.25 0.32 0.21 0.10 0.08 0.14 0.14 0.21 0.09 0.28 0.16 0.17 0.17 0.12 0.19 0.28 0.23 0.26 0.16 0.32 0.03 100000.00 0.07 100000.00 0.16 0.09 100000.00 0.02 0.05 0.03 0.07 100000.00 0.05 0.14 0.10 0.10 100000.00 0.04 100000.00 0.15 0.12 0.15 0.04 100000.00
14 100000.00 1.77 1.50 0.96 1.19 0.13 1.05 0.38 0.14 1.28 1.68 1.60 0.71 0.19 0.91 0.77 0.05 1.34 0.76 1.54 0.50 0.80 0.76 0.86 0.16 0.62 0.48 100000.00 100000.00 0.04 100000.00 100000.00 0.03 0.58 0.71 0.32 0.15 100000.00 0.33 0.31 0.02 0.34 100000.00 1.01 100000.00 100000.00 0.51 0.21 0.09
15 100000.00 0.26 0.11 0.17 0.06 0.32 0.20 0.09 0.12 0.33 0.29 0.14 0.14 0.14 0.21 0.17 0.36 0.15 0.18 0.08 0.11 0.26 0.15 0.29 0.17 0.15 0.02 0.04 100000.00 0.14 100000.00 0.04 0.04 100000.00 100000.00 100000.00 100000.00 0.07 0.05 0.08 100000.00 0.03 100000.00 0.02 100000.00 0.16 100000.00 0.09 0.04
16 100000.00 0.63 0.60 1.05 0.24 0.26 0.75 0.12 0.70 0.85 0.20 0.45 0.63 0.63 0.43 0.45 0.24 0.09 0.85 0.69 0.60 0.81 0.61 0.57 0.08 100000.00 100000.00 0.53 0.05 0.06 0.27 0.06 0.21 0.25 0.05 100000.00 0.40 100000.00 0.15 100000.00 0.16 0.03 0.38 0.26 0.23 0.51 0.35 0.31 0.03
17 100000.00 1.47 1.05 1.47 1.18 0.26 1.44 0.84 0.36 0.15 0.81 1.17 0.23 1.02 0.87 1.14 0.09 0.61 0.24 0.14 0.42 1.23 0.52 0.57 1.04 100000.00 0.45 0.85 100000.00 0.07 100000.00 100000.00 0.09 0.08 0.40 0.27 100000.00 100000.00 0.29 0.60 0.03 0.20 0.05 0.10 100000.00 0.85 0.30 0.26 100000.00
18 100000.00 0.23 0.17 0.19 0.17 0.26 0.10 0.20 0.05 0.11 0.16 0.19 0.13 0.26 0.20 0.13 0.20 0.08 0.14 0.13 0.10 0.13 0.11 0.26 0.10 0.14 100000.00 100000.00 100000.00 0.17 100000.00 0.07 100000.00 100000.00 0.08 0.12 100000.00 0.06 0.13 0.06 0.06 0.02 0.06 100000.00 0.05 0.07 0.06 100000.00 100000.00
19 100000.00 0.46 0.21 0.42 0.21 0.39 0.39 0.16 0.22 0.18 0.09 0.27 0.12 0.39 0.03 0.39 0.03 0.31 0.12 0.06 0.45 0.27 0.31 0.42 0.12 0.29 0.05 0.21 0.11 0.16 0.19 0.05 0.07 0.09 0.03 0.17 0.03 0.10 0.01 0.09 0.01 0.16 0.04 0.03 0.26 0.14 0.07 0.15 0.06
20 100000.00 0.34 0.09 0.32 0.21 0.34 0.11 0.14 0.28 0.16 0.11 0.20 0.14 0.34 0.16 0.20 0.23 0.16 0.12 0.25 0.18 0.20 0.12 0.14 0.23 0.09 100000.00 100000.00 100000.00 0.21 0.07 0.05 0.18 0.07 100000.00 100000.00 0.07 0.17 0.10 0.10 0.05 100000.00 0.05 0.16 0.12 0.12 0.07 0.08 0.06
21 100000.00 0.07 0.41 0.62 0.65 0.57 0.69 0.39 0.42 0.46 0.25 0.79 0.37 0.34 0.44 0.32 0.07 0.37 0.21 0.55 0.48 0.79 0.42 0.55 0.66 0.02 0.16 0.29 0.14 0.15 0.30 0.16 0.16 0.25 0.11 0.51 0.18 0.10 0.12 0.08 0.03 0.12 0.09 0.37 0.30 0.30 0.21 0.34 0.16
22 100000.00 0.87 0.82 0.19 0.52 0.12 0.68 0.40 0.06 0.06 0.31 0.17 0.82 0.49 0.78 0.49 0.24 0.52 0.17 0.73 0.08 0.61 0.33 0.45 0.24 0.31 0.36 0.05 0.18 0.07 0.33 0.21 0.03 0.03 0.12 0.08 0.42 0.21 0.49 0.25 0.16 0.25 0.09 0.28 0.02 0.42 0.13 0.16 0.11
23 100000.00 0.80 0.52 0.31 0.78 0.43 0.77 0.38 0.08 0.14 0.58 1.16 0.13 0.89 0.72 0.83 0.35 0.94 0.41 1.13 0.37 0.25 0.57 0.10 0.19 0.55 0.32 0.09 0.46 0.13 0.36 0.14 0.04 0.03 0.34 0.62 0.07 0.58 0.34 0.55 0.19 0.64 0.24 0.53 0.19 0.06 0.17 0.04 0.11
24 100000.00 0.62 0.68 0.65 0.57 0.32 0.50 0.51 0.36 0.05 0.77 0.53 0.14 0.38 0.33 0.75 0.11 0.30 0.08 0.56 0.17 0.59 0.20 0.29 0.13 0.34 0.14 0.31 0.12 0.15 0.11 0.14 0.13 0.03 0.19 0.18 0.03 0.21 0.14 0.22 0.05 0.13 0.05 0.30 0.07 0.26 0.06 0.19 0.09
25 100000.00 0.39 0.41 0.48 0.30 0.14 0.16 0.39 0.49 0.37 0.18 0.58 0.18 0.51 0.12 0.44 0.37 0.21 0.32 0.32 0.23 0.37 0.07 0.30 0.48 0.26 0.19 0.32 0.16 0.07 0.06 0.12 0.34 0.15 0.04 0.36 0.06 0.26 0.06 0.25 0.10 0.05 0.11 0.21 0.05 0.20 0.03 0.14 0.17
26 100000.00 0.29 0.08 0.23 0.15 0.17 0.23 0.06 0.21 0.21 0.08 0.32 0.23 0.23 0.21 0.08 0.21 0.15 0.06 0.20 0.14 0.26 0.21 0.14 0.20 0.06 0.05 0.16 0.09 0.07 0.06 0.02 0.05 0.13 0.03 0.18 0.16 0.14 0.06 0.03 0.12 0.05 0.02 0.11 0.05 0.05 0.14 0.03 0.08
27 100000.00 0.42 0.35 0.21 0.22 0.17 0.12 0.15 0.24 0.10 0.22 0.40 0.42 0.28 0.12 0.28 0.29 0.31 0.10 0.08 0.35 0.22 0.12 0.26 0.17 0.19 0.13 0.09 0.07 0.04 0.06 0.08 0.06 0.04 0.07 0.20 0.26 0.07 0.03 0.19 0.08 0.19 0.04 0.03 0.12 0.11 0.04 0.15 0.06
28 100000.00 0.26 0.20 0.38 0.15 0.14 0.36 0.30 0.15 0.09 0.30 0.38 0.20 0.20 0.21 0.35 0.30 0.30 0.15 0.17 0.17 0.33 0.12 0.26 0.29 100000.00 0.09 0.15 0.03 100000.00 100000.00 0.13 0.05 100000.00 0.17 0.18 0.04 0.11 0.07 0.19 0.16 0.07 100000.00 0.04 0.04 0.07 0.03 0.11 100000.00
29 100000.00 0.28 0.43 0.16 0.53 0.25 0.80 0.47 0.47 0.60 0.71 0.80 0.65 0.16 0.47 0.34 0.65 0.53 0.38 0.10 0.31 0.68 0.45 0.41 0.59 0.08 0.15 0.04 0.18 0.08 0.46 0.24 0.12 0.12 0.42 0.38 0.40 0.09 0.24 0.23 0.42 0.30 0.25 0.04 0.17 0.23 0.13 0.22 0.18
30 100000.00 0.70 0.34 0.39 0.47 0.52 0.37 0.10 0.07 0.28 0.15 0.43 0.31 0.70 0.37 0.06 0.49 0.13 0.50 0.37 0.28 0.43 0.22 0.18 0.64 0.24 0.14 0.24 0.21 0.33 0.11 0.03 0.04 0.07 0.05 0.09 0.09 0.44 0.26 0.03 0.18 0.09 0.26 0.13 0.12 0.15 0.05 0.10 0.19
31 100000.00 1.03 0.13 0.87 0.69 0.62 0.62 0.14 0.64 0.23 1.31 0.83 1.24 0.27 0.27 1.08 0.07 0.99 0.41 0.41 0.13 0.36 0.71 0.48 0.13 0.21 100000.00 100000.00 0.34 0.32 100000.00 0.05 100000.00 0.11 0.33 0.22 0.40 100000.00 0.15 0.70 100000.00 100000.00 0.26 0.20 0.07 0.08 100000.00 100000.00 0.05
32 100000.00 1.07 0.48 0.18 0.34 0.36 1.02 0.68 0.46 0.77 1.09 0.75 1.00 0.54 0.66 0.95 0.80 0.44 0.27 0.48 0.59 0.41 0.70 0.41 0.66 0.28 0.14 0.05 0.16 0.18 0.54 0.35 0.14 0.19 0.27 0.49 0.56 0.31 0.34 0.35 0.23 0.14 0.09 0.20 0.15 0.19 0.39 0.17 0.16
33 100000.00 0.51 0.10 0.53 0.63 0.56 0.28 0.47 0.28 0.70 0.77 0.19 0.51 0.53 0.10 0.74 0.24 0.22 0.68 0.51 0.26 0.86 0.47 0.30 0.28 0.25 0.04 0.20 0.44 0.14 0.11 0.11 0.15 0.26 0.21 0.08 0.30 0.28 0.04 0.34 0.07 0.13 0.15 0.19 0.14 0.35 0.28 0.12 0.08
34 100000.00 0.49 0.08 0.12 0.08 0.10 0.10 0.27 0.06 0.17 0.47 0.56 0.35 0.29 0.31 0.08 0.15 0.13 0.17 0.45 0.35 0.24 0.31 0.19 0.15 0.29 0.03 0.05 0.02 0.02 0.06 0.06 0.03 0.04 0.26 0.24 0.08 0.19 0.20 0.02 0.09 0.05 0.05 0.31 0.24 0.08 0.19 0.08 0.07
35 100000.00 0.39 0.17 0.17 0.30 0.39 0.39 0.18 0.06 0.15 0.14 0.26 0.30 0.20 0.18 0.14 0.24 0.09 0.09 0.11 0.29 0.26 0.09 0.23 0.38 0.26 100000.00 0.09 100000.00 0.11 0.13 100000.00 0.02 0.10 0.07 0.16 0.09 0.05 100000.00 100000.00 0.14 100000.00 100000.00 0.04 0.17 0.06 0.06 0.16 100000.00
36 100000.00 1.01 1.04 0.71 0.51 0.69 1.13 0.64 0.61 1.36 1.49 0.44 0.29 1.16 0.48 1.43 0.87 0.21 1.27 0.87 0.69 0.14 1.34 1.52 0.56 0.38 0.39 0.46 0.29 0.43 0.40 0.20 0.13 0.88 0.95 0.30 0.10 0.45 0.22 0.51 0.54 0.11 0.88 0.32 0.29 0.08 0.79 0.38 0.25
37 100000.00 0.36 0.36 0.33 0.18 0.30 0.24 0.03 0.06 0.21 0.08 0.39 0.05 0.05 0.12 0.27 0.09 0.31 0.09 0.33 0.17 0.24 0.12 0.33 0.08 0.10 0.11 0.07 100000.00 0.08 0.05 0.02 0.04 0.10 0.05 0.19 0.03 0.02 100000.00 100000.00 0.03 0.20 0.03 100000.00 0.05 100000.00 0.08 0.08 0.02
38 100000.00 0.90 0.44 0.26 0.90 0.11 0.60 0.17 0.39 0.66 0.17 0.53 0.41 0.65 0.89 0.75 0.57 0.58 0.49 1.10 0.44 0.83 0.18 1.06 0.74 0.62 0.13 0.16 100000.00 0.06 0.17 0.05 0.20 0.14 0.06 0.34 0.28 0.34 0.43 0.40 0.19 0.29 100000.00 100000.00 0.29 0.20 0.12 0.46 0.16
39 100000.00 0.80 0.74 1.41 0.32 0.80 1.08 1.12 0.28 1.17 0.83 0.16 1.47 1.20 1.14 1.10 0.62 0.13 0.84 0.83 1.13 0.79 0.75 1.11 0.34 0.24 0.46 0.88 0.18 0.53 0.44 0.41 0.16 0.29 0.22 0.10 1.01 0.45 0.47 0.35 0.32 0.07 0.42 0.32 0.53 0.22 0.32 0.77 0.21
40 100000.00 0.20 0.11 0.26 0.20 0.13 0.26 0.11 0.14 0.14 0.23 0.20 0.23 0.11 0.17 0.26 0.05 0.20 0.14 0.07 0.26 0.10 0.14 0.20 0.13 0.05 0.05 100000.00 0.06 0.05 0.10 0.03 0.06 0.06 0.09 0.04 100000.00 0.03 0.10 100000.00 100000.00 0.09 0.09 0.05 0.09 0.05 0.04 100000.00 0.04
41 100000.00 0.25 0.35 0.25 0.30 0.44 0.38 0.35 0.23 0.08 0.22 0.25 0.07 0.31 0.39 0.22 0.23 0.14 0.32 0.34 0.25 0.25 0.17 0.28 0.28 0.08 100000.00 0.08 0.06 0.24 0.17 0.08 0.13 0.02 0.09 0.10 0.04 0.15 0.22 0.08 0.10 0.09 100000.00 0.23 100000.00 0.18 100000.00 0.07 0.16
42 100000.00 0.32 0.44 0.11 0.15 0.08 0.26 0.09 0.15 0.06 0.14 0.29 0.11 0.42 0.36 0.11 0.21 0.30 0.21 0.23 0.23 0.45 0.09 0.45 0.38 0.07 100000.00 0.04 100000.00 0.05 100000.00 0.02 0.04 0.03 0.08 0.20 0.02 0.17 0.08 0.07 0.06 0.13 0.06 100000.00 0.08 0.09 100000.00 100000.00 0.17
43 100000.00 0.59 1.05 0.80 0.66 0.80 0.22 0.14 0.20 0.08 0.13 0.41 0.47 0.19 0.69 0.68 0.69 0.23 0.54 0.80 0.13 0.19 0.60 0.59 0.62 0.37 0.27 0.25 0.19 0.22 0.13 0.06 0.07 0.02 0.07 0.23 0.23 0.07 0.23 0.39 0.41 0.15 0.19 0.24 0.08 0.10 0.41 0.38 0.37
44 100000.00 0.98 0.16 0.25 0.87 1.22 0.19 0.93 0.83 0.65 1.21 1.07 0.70 1.09 0.83 0.28 0.62 0.23 0.13 0.31 0.46 0.62 0.66 1.22 0.58 0.43 0.06 0.13 0.29 0.66 0.09 0.30 0.22 0.22 0.52 0.23 0.26 0.28 0.19 0.11 0.20 0.06 0.07 0.13 0.21 0.39 0.18 0.69 0.38
45 100000.00 1.46 0.23 1.00 0.93 0.41 0.57 0.99 0.93 1.05 1.34 0.41 0.81 0.26 0.42 1.22 0.61 1.02 0.14 1.13 0.87 1.46 0.15 0.23 0.77 0.51 0.08 0.48 0.21 0.26 0.32 0.31 0.35 0.70 0.74 0.18 0.53 0.07 0.13 0.35 0.26 0.54 0.04 0.59 0.24 0.55 0.08 0.14 0.46
46 100000.00 0.74 0.50 0.35 0.30 0.47 0.59 0.21 0.63 0.27 0.53 0.32 0.20 0.74 0.20 0.68 0.51 0.30 0.46 0.20 0.75 0.47 0.08 0.63 0.65 0.29 0.19 0.07 0.10 0.27 0.13 0.05 0.35 0.09 0.32 0.22 0.05 0.43 0.14 0.39 0.18 0.07 0.22 0.11 0.29 0.19 0.06 0.20 0.27
47 100000.00 0.59 0.68 0.62 0.51 0.41 0.74 0.33 0.32 0.42 0.44 0.35 0.62 0.71 0.17 0.75 0.08 0.33 0.08 0.53 0.50 0.53 0.55 0.32 0.35 0.23 0.20 0.31 0.17 0.26 0.29 0.10 0.11 0.29 0.28 0.18 0.41 0.42 0.04 0.51 0.05 0.13 0.02 0.30 0.21 0.34 0.20 0.17 0.19
48 100000.00 0.06 0.21 0.24 0.10 0.21 0.15 0.16 0.16 0.16 0.31 0.27 0.27 0.12 0.22 0.24 0.10 0.07 0.13 0.27 0.15 0.06 0.07 0.24 0.06 0.03 0.11 0.06 0.04 0.06 0.05 0.06 0.08 0.09 0.21 0.08 0.08 0.05 0.09 0.09 0.03 0.02 0.08 0.07 0.05 0.03 0.01 0.08 0.04
49 100000.00 0.07 0.32 0.34 0.35 0.19 0.28 0.20 0.35 0.39 0.44 0.19 0.22 0.07 0.17 0.28 0.20 0.33 0.11 0.50 0.16 0.38 0.14 0.07 0.07 0.03 0.13 0.20 0.20 100000.00 0.16 0.07 0.20 100000.00 0.17 100000.00 100000.00 0.04 0.04 100000.00 0.11 0.18 0.05 100000.00 0.10 100000.00 0.05 0.03 100000.00
50 100000.00 0.37 0.34 0.07 0.13 0.40 0.16 0.29 0.29 0.10 0.10 0.28 0.19 0.34 0.13 0.25 0.35 0.07 0.13 0.34 0.16 0.13 0.13 0.37 0.37 0.08 0.15 0.04 100000.00 100000.00 100000.00 0.14 0.08 0.03 100000.00 100000.00 0.10 0.09 100000.00 0.10 0.18 100000.00 0.06 0.19 0.04 0.08 0.08 100000.00 100000.00
51 100000.00 0.65 0.44 0.77 0.08 0.41 0.71 0.29 0.67 0.39 0.68 0.68 0.41 0.20 0.51 0.35 0.27 0.17 0.33 0.22 0.80 0.80 0.14 0.83 0.50 0.25 0.24 0.18 0.05 0.14 0.46 0.19 0.15 0.10 0.41 0.43 0.22 0.06 0.32 0.19 0.11 0.04 0.22 0.11 0.25 0.41 0.04 0.34 0.29
52 100000.00 0.12 0.21 0.30 0.28 0.33 0.21 0.18 0.12 0.33 0.24 0.33 0.27 0.24 0.03 0.30 0.22 0.22 0.03 0.08 0.05 0.12 0.03 0.27 0.05 100000.00 0.14 0.16 0.12 0.23 0.14 100000.00 100000.00 0.09 100000.00 0.19 0.12 0.07 0.02 0.15 0.07 0.08 0.01 0.05 100000.00 100000.00 0.02 100000.00 0.03
53 100000.00 0.61 0.12 0.33 0.82 1.70 0.43 0.28 1.19 0.68 0.31 1.36 1.36 1.24 1.13 0.06 0.85 0.16 1.20 0.39 0.33 0.18 1.08 0.09 0.67 0.30 0.08 0.18 0.28 0.49 0.27 0.12 0.60 0.17 0.09 0.38 0.34 0.81 0.52 0.03 0.27 0.04 0.35 0.20 0.18 0.08 0.45 0.02 0.44
54 100000.00 0.09 0.37 0.18 0.22 0.06 0.40 0.31 0.10 0.25 0.37 0.40 0.37 0.15 0.34 0.18 0.16 0.31 0.28 0.06 0.34 0.06 0.22 0.37 0.27 0.03 0.12 0.11 0.06 0.03 0.24 0.14 0.02 0.08 0.25 0.08 0.15 0.04 0.07 0.07 0.11 0.17 0.11 0.03 0.11 0.02 0.09 0.23 0.10
55 100000.00 0.12 0.27 0.82 0.37 1.11 0.36 0.68 0.91 0.59 0.43 0.79 0.57 1.08 0.07 0.79 0.71 0.07 0.16 0.67 0.76 1.08 0.31 0.79 0.33 0.05 0.18 0.34 0.15 0.27 0.25 0.29 0.49 0.39 0.27 0.55 0.20 0.36 0.04 0.25 0.28 0.02 0.11 0.32 0.18 0.64 0.21 0.31 0.21
56 100000.00 0.90 0.44 1.36 0.95 0.56 1.45 0.80 0.45 0.42 0.83 1.43 0.41 1.49 0.24 0.10 0.05 0.30 0.83 0.86 0.17 0.23 0.08 1.03 0.59 0.22 0.16 0.91 0.63 0.39 0.67 0.49 0.27 0.19 0.47 0.86 0.26 0.48 0.12 0.03 0.02 0.18 0.24 0.52 0.06 0.12 0.04 0.46 0.38
57 100000.00 0.12 0.22 0.18 0.07 0.22 0.12 0.07 0.20 0.10 0.22 0.06 0.22 0.16 0.07 0.12 0.20 0.17 0.13 0.25 0.12 0.09 0.07 0.06 0.24 0.08 0.13 0.05 0.03 0.09 0.06 0.03 0.09 0.04 0.12 0.03 0.11 0.09 0.03 0.03 0.10 0.06 0.04 0.09 0.04 0.05 0.01 0.02 0.05
58 100000.00 0.20 0.29 0.22 0.20 0.22 0.08 0.22 0.09 0.32 0.29 0.38 0.20 0.08 0.25 0.29 0.32 0.11 0.29 0.31 0.20 0.27 0.11 0.31 0.22 0.13 0.14 0.13 0.08 0.10 0.03 0.15 0.04 0.17 0.07 0.15 0.09 0.03 0.11 0.09 0.12 0.03 0.11 0.16 0.13 0.17 0.06 0.17 0.14
<task rigidity>
1 2
2 6
3 6
4 2
5 1
6 5
7 10
8 2
9 1
10 5
11 2
12 1
13 10
14 5
15 10
16 1
17 3
18 3
19 5
20 6
21 3
22 8
23 2
24 9
25 5
26 3
27 9
28 9
29 5
30 3
31 1
32 3
33 6
34 5
35 6
36 2
37 4
38 10
39 2
40 1
41 5
42 3
43 3
44 6
45 8
46 2
47 7
48 3
49 6
50 3
51 6
52 2
53 1
54 5
55 3
56 6
57 4
58 1
<precedence relations>
1,9
2,25
3,21
3,22
4,10
5,36
6,23
6,24
7,43
8,44
9,11
11,13
11,14
11,15
12,17
13,17
14,17
15,17
16,18
17,20
18,19
19,23
20,21
20,25
21,26
21,44
22,27
23,31
24,31
25,38
26,29
27,30
28,32
28,33
29,31
30,34
31,36
32,45
33,35
34,36
35,43
36,37
36,38
37,39
37,40
37,41
38,52
39,43
40,43
41,42
42,43
43,45
44,45
45,46
45,48
45,49
46,47
46,50
47,51
48,55
49,58
50,58
51,52
52,53
53,54
54,55
54,56
55,57
56,57
57,58
<end>