<number of tasks>
58
<number of stations>
6
<number of workers>
6
<type of the robots>
1
<limit of the robots>
3
<task times>
1 100000 8 1 3 8 7 2 6 1 2 6 5 2
2 72 4 16 20 32 6 30 3 11 13 22 4 21
3 100000 39 17 30 37 32 29 27 11 21 100000 21 18
4 100000 2 19 22 4 11 11 2 13 100000 3 7 100000
5 46 6 29 33 26 5 19 4 20 22 17 4 13
6 23 12 14 15 8 5 12 8 9 10 6 4 8
7 45 12 5 25 34 25 15 9 4 18 24 17 10
8 31 3 13 4 10 2 17 3 9 3 7 2 11
9 19 11 7 12 11 7 11 7 5 8 7 5 8
10 100000 32 44 11 11 25 38 100000 30 7 8 100000 24
11 45 27 30 21 13 18 4 17 21 15 9 12 3
12 100000 31 14 25 11 2 25 19 100000 16 100000 2 100000
13 15 1 6 2 11 3 5 1 4 2 7 3 4
14 100000 3 1 39 34 49 19 100000 1 25 100000 35 13
15 16 7 7 4 10 4 11 5 5 3 7 3 7
16 100000 13 2 1 20 25 2 100000 2 1 13 16 2
17 60 29 15 17 7 1 33 19 10 11 5 1 22
18 9 4 3 2 4 2 4 3 2 2 3 2 3
19 20 13 14 13 11 2 7 9 10 8 7 2 5
20 100000 13 10 11 3 13 3 9 100000 8 2 9 2
21 38 9 24 19 17 22 16 7 16 13 11 15 11
22 100000 1 32 3 26 20 23 100000 20 100000 18 14 14
23 57 16 8 10 16 33 31 12 6 7 11 22 20
24 100000 21 22 19 16 10 10 100000 15 14 11 7 100000
25 32 21 21 20 9 16 21 14 13 14 6 10 15
26 12 9 8 6 1 2 2 6 5 4 1 2 2
27 100000 15 10 2 16 11 1 10 7 2 100000 7 1
28 100000 8 10 5 5 2 5 5 7 100000 4 100000 4
29 36 17 4 5 1 6 19 11 3 4 1 5 13
30 100000 21 1 22 19 21 4 13 100000 15 12 14 3
31 71 50 28 10 6 42 22 31 18 7 4 28 16
32 100000 18 14 22 1 24 30 100000 10 100000 100000 100000 20
33 100000 11 28 15 32 29 34 7 100000 100000 100000 19 22
34 31 9 2 23 17 2 3 7 2 15 12 2 2
35 16 4 6 6 5 4 12 3 4 4 4 3 8
36 67 8 34 24 15 33 28 5 22 16 11 22 20
37 16 3 1 5 11 6 1 2 1 4 7 4 1
38 43 8 17 14 14 28 4 6 11 9 10 19 3
39 59 33 38 12 42 44 43 22 25 8 28 29 30
40 9 4 5 2 6 3 2 3 4 2 4 2 2
41 100000 4 8 9 15 4 10 3 100000 6 10 100000 7
42 18 7 5 1 10 11 6 5 4 1 7 7 5
43 100000 2 14 10 16 25 23 2 10 100000 11 17 100000
44 50 6 33 21 5 26 8 4 21 14 4 16 6
45 100000 35 39 9 22 10 42 23 100000 6 100000 7 100000
46 100000 8 6 18 4 21 7 6 4 13 100000 14 5
47 31 9 4 20 12 18 2 6 3 14 8 12 2
48 100000 4 9 8 2 6 3 100000 100000 6 2 5 3
49 100000 5 1 14 9 3 10 4 100000 9 7 100000 7
50 15 7 3 12 8 8 4 5 2 8 6 6 3
51 100000 18 5 8 25 22 25 12 4 100000 100000 100000 100000
52 100000 4 3 9 6 9 10 100000 2 6 4 6 100000
53 100000 23 23 47 25 27 20 16 100000 100000 18 17 13
54 16 12 5 5 6 5 10 8 4 4 4 4 7
55 45 11 19 3 9 30 32 8 13 2 6 19 23
56 59 40 40 16 40 42 40 28 27 12 28 26 27
57 9 4 2 5 2 4 5 3 2 4 2 3 4
58 100000 9 14 13 4 5 1 7 9 9 3 100000 100000
<posture of tasks>
1 1
2 1
3 0
4 0
5 1
6 1
7 1
8 1
9 1
10 1
11 0
12 1
13 1
14 1
15 1
16 1
17 1
18 0
19 0
20 1
21 0
22 1
23 1
24 1
25 1
26 1
27 1
28 1
29 1
30 1
31 0
32 1
33 0
34 1
35 0
36 1
37 0
38 0
39 1
40 0
41 1
42 1
43 1
44 1
45 0
46 1
47 1
48 1
49 0
50 0
51 0
52 1
53 1
54 1
55 1
56 1
57 1
58 1
<max energy cosumption of alternatives>
1 100000.00
2 2.76
3 4.77
4 5.03
5 3.12
6 5.15
7 5.20
<energy cosumption of alternatives>
1 100000.00 0.24 0.08 0.14 0.24 0.26 0.11 0.16 0.02 0.08 0.12 0.06 0.04
2 100000.00 0.13 0.52 0.64 0.89 0.22 1.06 0.09 0.13 0.34 0.36 0.07 0.74
3 100000.00 0.74 0.42 0.79 0.76 0.83 0.76 0.44 0.10 0.50 100000.00 0.24 0.35
4 100000.00 0.07 0.48 0.55 0.12 0.30 0.30 0.04 0.20 100000.00 0.05 0.18 100000.00
5 100000.00 0.17 0.99 1.13 0.69 0.19 0.65 0.09 0.49 0.23 0.47 0.13 0.15
6 100000.00 0.34 0.48 0.51 0.25 0.20 0.42 0.08 0.11 0.35 0.07 0.07 0.15
7 100000.00 0.33 0.19 0.80 0.98 0.80 0.53 0.08 0.08 0.33 0.43 0.55 0.28
8 100000.00 0.11 0.44 0.17 0.30 0.11 0.59 0.04 0.18 0.06 0.12 0.05 0.19
9 100000.00 0.29 0.25 0.40 0.32 0.25 0.37 0.13 0.08 0.12 0.15 0.13 0.08
10 100000.00 0.81 1.44 0.36 0.30 0.79 1.29 100000.00 0.84 0.25 0.07 100000.00 0.88
11 100000.00 0.51 0.83 0.53 0.28 0.46 0.13 0.15 0.51 0.32 0.09 0.28 0.05
12 100000.00 0.82 0.46 0.80 0.32 0.10 0.83 0.30 100000.00 0.44 100000.00 0.03 100000.00
13 100000.00 0.04 0.21 0.09 0.31 0.12 0.18 0.02 0.12 0.04 0.13 0.08 0.11
14 100000.00 0.11 0.07 1.32 0.97 1.63 0.65 100000.00 0.05 0.46 100000.00 0.58 0.15
15 100000.00 0.19 0.25 0.16 0.29 0.16 0.37 0.12 0.06 0.10 0.12 0.06 0.18
16 100000.00 0.33 0.10 0.07 0.55 0.81 0.11 100000.00 0.07 0.04 0.19 0.54 0.05
17 100000.00 0.75 0.48 0.55 0.19 0.06 1.13 0.41 0.17 0.20 0.09 0.03 0.31
18 100000.00 0.11 0.11 0.08 0.11 0.08 0.13 0.06 0.03 0.03 0.05 0.04 0.07
19 100000.00 0.24 0.35 0.33 0.24 0.08 0.19 0.07 0.20 0.14 0.15 0.02 0.11
20 100000.00 0.31 0.33 0.36 0.10 0.43 0.12 0.07 100000.00 0.10 0.02 0.13 0.04
21 100000.00 0.18 0.59 0.48 0.37 0.54 0.43 0.07 0.27 0.15 0.10 0.37 0.09
22 100000.00 0.05 1.11 0.13 0.69 0.65 0.77 100000.00 0.36 100000.00 0.15 0.39 0.29
23 100000.00 0.42 0.29 0.35 0.45 1.16 1.13 0.25 0.11 0.24 0.25 0.30 0.53
24 100000.00 0.53 0.71 0.61 0.44 0.34 0.34 100000.00 0.41 0.35 0.15 0.18 100000.00
25 100000.00 0.53 0.67 0.64 0.25 0.52 0.70 0.17 0.17 0.13 0.12 0.14 0.36
26 100000.00 0.23 0.28 0.22 0.04 0.09 0.09 0.09 0.17 0.14 0.02 0.02 0.05
27 100000.00 0.38 0.34 0.10 0.44 0.37 0.07 0.12 0.09 0.05 100000.00 0.18 0.02
28 100000.00 0.23 0.35 0.19 0.17 0.10 0.20 0.11 0.21 100000.00 0.04 100000.00 0.12
29 100000.00 0.45 0.17 0.20 0.06 0.23 0.65 0.15 0.10 0.14 0.03 0.09 0.34
30 100000.00 0.54 0.07 0.71 0.51 0.68 0.16 0.28 100000.00 0.15 0.16 0.19 0.05
31 100000.00 1.00 0.77 0.28 0.17 1.12 0.58 0.58 0.16 0.07 0.09 0.67 0.21
32 100000.00 0.46 0.48 0.72 0.06 0.78 1.10 100000.00 0.28 100000.00 100000.00 100000.00 0.62
33 100000.00 0.23 0.75 0.38 0.71 0.78 0.94 0.13 100000.00 100000.00 100000.00 0.26 0.52
34 100000.00 0.22 0.09 0.73 0.46 0.09 0.12 0.09 0.05 0.33 0.19 0.02 0.06
35 100000.00 0.10 0.17 0.17 0.12 0.12 0.31 0.06 0.10 0.10 0.04 0.07 0.20
36 100000.00 0.22 1.15 0.76 0.41 1.12 0.98 0.12 0.24 0.29 0.12 0.25 0.51
37 100000.00 0.07 0.05 0.14 0.23 0.16 0.05 0.03 0.02 0.09 0.15 0.08 0.03
38 100000.00 0.16 0.42 0.35 0.28 0.71 0.12 0.08 0.24 0.17 0.16 0.40 0.05
39 100000.00 0.84 1.25 0.39 1.14 1.44 1.44 0.24 0.78 0.08 0.47 0.34 0.49
40 100000.00 0.10 0.14 0.07 0.14 0.10 0.08 0.04 0.05 0.02 0.08 0.06 0.03
41 100000.00 0.15 0.29 0.32 0.42 0.17 0.35 0.08 100000.00 0.13 0.25 100000.00 0.16
42 100000.00 0.20 0.19 0.07 0.29 0.37 0.22 0.12 0.12 0.04 0.19 0.13 0.11
43 100000.00 0.07 0.46 0.34 0.43 0.79 0.76 0.04 0.19 100000.00 0.28 0.42 100000.00
44 100000.00 0.16 1.14 0.68 0.16 0.83 0.28 0.03 0.29 0.16 0.07 0.57 0.06
45 100000.00 0.72 1.03 0.25 0.46 0.27 1.13 0.17 100000.00 0.08 100000.00 0.14 100000.00
46 100000.00 0.23 0.22 0.59 0.13 0.68 0.25 0.12 0.11 0.40 100000.00 0.22 0.17
47 100000.00 0.23 0.15 0.64 0.34 0.58 0.09 0.13 0.05 0.36 0.12 0.18 0.05
48 100000.00 0.12 0.30 0.27 0.07 0.21 0.12 100000.00 100000.00 0.16 0.02 0.05 0.07
49 100000.00 0.11 0.06 0.36 0.21 0.11 0.27 0.04 100000.00 0.12 0.08 100000.00 0.14
50 100000.00 0.14 0.09 0.30 0.16 0.21 0.11 0.03 0.04 0.18 0.09 0.07 0.05
51 100000.00 0.32 0.14 0.21 0.48 0.53 0.62 0.21 0.08 100000.00 100000.00 100000.00 100000.00
52 100000.00 0.14 0.14 0.32 0.20 0.32 0.35 100000.00 0.04 0.17 0.07 0.18 100000.00
53 100000.00 0.55 0.73 1.52 0.65 0.85 0.66 0.25 100000.00 100000.00 0.42 0.22 0.25
54 100000.00 0.32 0.19 0.19 0.19 0.19 0.34 0.19 0.12 0.08 0.10 0.04 0.22
55 100000.00 0.29 0.62 0.13 0.26 1.05 1.14 0.08 0.23 0.03 0.08 0.56 0.46
56 100000.00 1.02 1.34 0.52 1.11 1.40 1.37 0.66 0.52 0.24 0.59 0.68 0.45
57 100000.00 0.13 0.09 0.18 0.07 0.15 0.19 0.03 0.05 0.08 0.03 0.08 0.11
58 100000.00 0.24 0.47 0.44 0.14 0.20 0.08 0.09 0.22 0.22 0.08 100000.00 100000.00
<task rigidity>
1 2
2 7
3 1
4 6
5 10
6 1
7 7
8 5
9 2
10 9
11 3
12 6
13 2
14 3
15 4
16 2
17 8
18 3
19 4
20 2
21 4
22 6
23 7
24 1
25 4
26 3
27 8
28 8
29 7
30 8
31 1
32 5
33 4
34 4
35 5
36 10
37 9
38 3
39 5
40 3
41 5
42 2
43 6
44 4
45 8
46 6
47 6
48 3
49 2
50 3
51 1
52 4
53 8
54 4
55 4
56 10
57 7
58 1
<precedence relations>
1,9
2,25
3,21
3,22
4,10
5,36
6,23
6,24
7,43
8,44
9,11
11,13
11,14
11,15
12,17
13,17
14,17
15,17
16,18
17,20
18,19
19,23
20,21
20,25
21,26
21,44
22,27
23,31
24,31
25,38
26,29
27,30
28,32
28,33
29,31
30,34
31,36
32,45
33,35
34,36
35,43
36,37
36,38
37,39
37,40
37,41
38,52
39,43
40,43
41,42
42,43
43,45
44,45
45,46
45,48
45,49
46,47
46,50
47,51
48,55
49,58
50,58
51,52
52,53
53,54
54,55
54,56
55,57
56,57
57,58
<end>