<number of tasks>
70
<number of stations>
13
<number of workers>
13
<type of the robots>
1
<limit of the robots>
6
<task times>
1 22 6 11 12 15 10 3 11 12 13 3 10 13 4 4 7 8 10 7 3 8 8 9 2 7 10 3
2 100000 1 66 36 18 7 10 35 33 3 14 36 23 60 1 44 100000 12 5 7 23 100000 2 100000 24 100000 40
3 74 43 9 46 53 33 12 35 9 14 43 32 41 20 27 7 32 35 23 8 22 7 9 27 20 29 14
4 67 47 8 50 26 15 40 30 36 19 31 9 31 8 31 6 31 16 10 28 21 23 13 20 6 20 6
5 100000 6 5 2 3 3 6 5 3 1 3 5 1 1 100000 100000 2 2 100000 100000 4 3 1 100000 4 1 1
6 100000 55 70 55 44 85 85 66 1 60 83 36 19 59 35 100000 36 100000 57 54 41 1 37 53 24 12 40
7 28 15 17 11 20 12 21 21 7 5 8 21 21 13 10 12 7 14 9 14 15 5 4 5 14 14 8
8 179 34 79 60 28 22 93 66 128 89 54 21 68 7 24 52 41 20 14 64 44 80 57 35 13 42 5
9 100000 42 4 61 22 35 20 12 22 28 32 60 42 25 29 3 100000 15 22 100000 100000 14 100000 21 37 27 16
10 91 18 15 41 10 31 6 49 51 26 10 33 6 35 12 10 28 7 20 4 32 32 18 7 21 4 23
11 100000 41 61 69 54 33 33 79 80 2 1 28 33 26 28 100000 100000 36 22 23 49 100000 100000 1 19 23 17
12 28 5 16 8 14 3 17 6 3 7 14 4 6 13 4 11 6 10 2 12 5 3 5 9 3 4 9
13 186 66 13 120 47 56 91 26 19 93 79 53 41 85 45 9 84 33 37 57 17 12 58 52 35 27 54
14 179 92 69 62 69 48 75 113 22 126 129 44 48 11 59 42 40 45 31 48 74 14 86 81 30 34 8
15 100000 4 33 32 20 55 75 51 31 70 54 66 34 61 3 100000 21 13 37 52 100000 19 44 100000 43 21 43
16 123 59 17 33 1 78 14 12 28 81 90 87 54 69 37 11 20 1 49 10 8 17 49 56 57 37 46
17 100000 17 40 4 17 32 3 48 35 14 2 32 14 48 11 27 3 100000 23 100000 100000 23 100000 2 20 10 100000
18 100000 124 132 52 76 34 12 142 97 119 36 39 27 13 87 87 100000 47 23 9 88 100000 100000 25 27 100000 8
19 100000 6 13 19 15 3 12 10 19 12 13 7 3 9 100000 100000 14 11 100000 8 100000 12 100000 9 5 3 6
20 75 6 34 16 11 26 52 42 16 40 3 20 18 39 5 24 11 7 18 33 30 12 28 3 14 12 26
21 100000 1 9 49 31 14 9 22 13 15 44 44 22 22 1 6 31 100000 10 100000 15 9 100000 29 29 14 15
22 54 10 27 22 16 29 36 29 14 6 3 11 20 11 7 19 15 10 20 24 18 9 4 3 7 14 7
23 99 39 42 14 15 42 32 61 34 59 52 21 45 60 26 29 10 10 29 20 43 22 40 36 14 29 42
24 15 2 6 7 8 6 3 1 7 7 4 4 6 8 2 4 5 6 4 2 1 5 5 3 3 5 5
25 100000 100 147 85 112 52 25 121 14 21 115 91 14 42 68 91 100000 77 100000 100000 80 9 13 75 64 9 29
26 55 3 23 34 26 8 17 23 7 13 28 34 8 17 3 16 24 17 6 12 15 5 9 19 21 6 12
27 100000 4 36 26 31 36 18 19 16 36 29 13 44 17 3 25 100000 100000 24 100000 12 11 100000 21 9 100000 100000
28 100000 9 24 51 7 8 54 33 48 62 48 18 63 36 6 17 33 5 100000 38 100000 100000 42 31 12 39 25
29 100000 3 4 15 13 21 13 14 23 25 7 25 22 3 100000 3 100000 100000 15 9 100000 100000 100000 5 100000 15 3
30 15 11 6 6 4 7 3 9 6 8 11 4 1 8 8 4 4 3 5 3 6 4 5 8 3 1 6
31 100000 9 23 26 19 23 30 11 4 19 4 1 4 21 100000 14 100000 13 16 19 7 3 13 3 1 3 13
32 66 43 22 32 13 16 29 19 23 1 16 22 9 10 29 14 21 9 10 19 14 15 1 10 15 6 7
33 100000 51 78 52 87 74 62 97 85 77 28 72 63 71 32 100000 36 60 51 40 61 55 50 100000 100000 100000 46
34 100000 41 29 39 17 44 20 24 10 7 2 43 25 30 100000 20 27 12 28 100000 100000 100000 5 100000 29 100000 19
35 100000 14 25 16 19 33 27 27 14 13 18 24 16 13 10 18 11 100000 100000 18 19 10 9 100000 17 11 8
36 100000 26 10 3 19 5 5 2 14 37 9 3 26 20 100000 7 100000 13 4 4 2 100000 23 7 2 17 13
37 2 2 2 2 1 1 1 2 2 1 1 2 2 1 2 2 2 1 1 1 2 2 1 1 2 2 1
38 1 1 1 1 1 1 1 1 1 1 1 1 1 1 1 1 1 1 1 1 1 1 1 1 1 1 1
39 100000 3 3 3 3 1 2 1 2 1 3 3 1 2 100000 100000 2 2 1 2 1 2 100000 100000 2 1 2
40 16 10 13 10 1 7 9 12 5 5 2 12 7 10 7 9 7 1 5 7 8 4 4 2 8 5 7
41 21 4 2 10 15 2 8 3 6 1 8 12 5 12 3 2 7 11 2 6 2 4 1 6 8 4 9
42 100000 5 7 4 6 15 19 7 2 6 3 14 16 19 4 5 3 4 100000 13 5 2 5 2 9 11 12
43 27 11 5 5 2 13 14 16 21 2 12 14 6 6 7 4 4 2 9 9 11 15 2 8 10 4 4
44 100000 39 17 14 3 12 27 25 29 16 19 7 15 9 26 12 9 100000 8 100000 16 18 12 13 5 10 100000
45 100000 6 23 24 11 20 4 13 19 17 9 12 16 12 5 16 16 7 100000 100000 9 12 11 100000 8 10 9
46 109 29 7 67 77 71 5 29 36 44 14 71 34 3 18 5 45 48 49 4 20 23 30 10 48 24 2
47 116 77 5 88 34 8 64 77 65 31 47 55 25 1 52 4 59 22 6 41 50 45 20 32 38 17 1
48 78 2 40 5 21 43 56 30 35 51 52 11 12 39 2 27 4 14 28 38 19 23 36 35 7 9 25
49 79 25 2 46 4 31 57 23 14 17 53 6 30 7 17 2 30 3 22 40 16 10 12 37 4 21 5
50 100000 3 3 40 17 29 27 31 20 7 38 18 6 38 2 100000 25 100000 21 17 20 13 5 26 12 5 27
51 14 1 1 6 2 1 8 10 8 5 11 8 6 10 1 1 5 2 1 6 7 6 4 8 6 4 7
52 36 12 5 14 19 18 18 8 7 15 22 25 21 23 8 4 9 13 12 13 6 5 10 15 17 13 16
53 60 35 26 8 11 31 33 13 44 22 17 41 13 10 23 19 6 7 19 20 9 28 14 12 26 9 7
54 100000 71 75 48 71 93 67 89 100 15 70 77 102 105 100000 100000 100000 45 100000 43 55 66 100000 43 100000 100000 100000
55 100000 6 19 27 27 23 2 4 23 30 17 16 10 33 100000 13 19 18 17 2 3 14 100000 12 11 100000 23
56 88 49 45 43 57 1 62 55 59 33 60 15 52 52 33 31 31 36 1 42 35 40 20 38 10 36 36
57 29 10 4 16 7 20 18 12 1 17 13 10 6 11 7 3 11 5 14 12 9 1 12 9 7 5 7
58 9 7 4 6 2 6 6 7 1 5 1 1 1 2 5 3 4 2 5 4 5 1 4 1 1 1 2
59 22 1 2 14 6 2 9 4 16 12 2 14 6 6 1 2 9 4 2 7 3 12 9 2 10 4 4
60 44 30 30 13 4 23 20 27 11 7 24 22 14 27 21 20 10 3 15 14 17 7 5 15 14 9 18
61 34 1 15 7 1 4 22 9 22 25 17 15 24 9 1 11 5 1 3 16 7 15 16 12 11 16 7
62 36 9 4 4 5 17 23 12 13 11 27 25 26 21 7 3 3 4 11 15 9 9 8 19 17 17 13
63 100000 24 125 79 20 106 83 45 92 43 126 49 27 104 17 77 49 14 67 58 28 60 27 83 35 100000 66
64 37 17 3 17 28 9 27 16 12 9 3 17 28 5 11 2 12 20 6 19 12 8 6 2 12 20 4
65 100000 2 10 11 11 2 7 4 4 14 6 4 2 10 2 7 8 7 2 5 3 100000 9 5 3 100000 7
66 33 7 23 4 17 18 9 18 10 4 3 25 22 7 5 15 3 11 12 6 13 7 3 2 17 14 5
67 100000 14 11 1 17 17 10 13 6 8 1 4 4 2 100000 8 1 100000 100000 100000 100000 4 5 1 3 3 2
68 93 10 53 6 53 48 48 21 9 67 20 2 62 35 7 35 4 34 31 32 13 6 42 13 2 39 22
69 100000 21 2 6 2 6 13 12 11 3 19 8 4 5 15 100000 4 100000 100000 9 100000 8 2 100000 5 3 100000
70 35 11 8 9 20 7 3 6 16 27 25 16 20 12 8 6 7 14 5 2 4 10 19 17 11 13 9
<posture of tasks>
1 1
2 1
3 1
4 1
5 0
6 1
7 1
8 1
9 1
10 1
11 0
12 1
13 1
14 1
15 0
16 1
17 0
18 1
19 0
20 1
21 0
22 1
23 1
24 0
25 0
26 1
27 0
28 1
29 0
30 1
31 1
32 0
33 0
34 1
35 1
36 1
37 0
38 1
39 0
40 1
41 1
42 1
43 1
44 1
45 0
46 1
47 1
48 1
49 1
50 0
51 1
52 1
53 1
54 1
55 0
56 0
57 0
58 1
59 1
60 1
61 1
62 0
63 1
64 0
65 1
66 1
67 1
68 1
69 0
70 1
<max energy cosumption of alternatives>
1 100000.00
2 4.30
3 4.70
4 4.46
5 2.72
6 2.64
7 4.91
8 4.23
9 3.13
10 3.09
11 5.36
12 4.32
13 4.85
14 2.80
<energy cosumption of alternatives>
1 100000.00 0.22 0.37 0.41 0.39 0.29 0.13 0.38 0.32 0.36 0.13 0.35 0.46 0.14 0.07 0.17 0.11 0.27 0.16 0.06 0.16 0.17 0.20 0.05 0.15 0.26 0.05
2 100000.00 0.06 2.19 1.22 0.44 0.19 0.34 1.19 0.83 0.10 0.49 1.27 0.76 1.56 0.02 1.46 100000.00 0.19 0.09 0.19 0.33 100000.00 0.05 100000.00 0.39 100000.00 0.74
3 100000.00 1.49 0.31 1.55 1.33 0.90 0.40 1.19 0.23 0.38 1.49 1.13 1.43 0.50 1.00 0.13 1.05 0.86 0.32 0.14 0.48 0.08 0.25 0.76 0.49 0.90 0.27
4 100000.00 1.61 0.28 1.67 0.62 0.40 1.34 1.04 0.92 0.50 1.10 0.31 1.10 0.22 0.69 0.16 1.08 0.28 0.12 0.60 0.44 0.40 0.31 0.53 0.08 0.39 0.05
5 100000.00 0.18 0.16 0.09 0.10 0.10 0.18 0.16 0.10 0.05 0.12 0.16 0.07 0.05 100000.00 100000.00 0.05 0.04 100000.00 100000.00 0.10 0.02 0.03 100000.00 0.04 0.05 0.03
6 100000.00 1.91 2.31 1.85 1.11 2.33 2.85 2.25 0.04 1.65 2.91 1.27 0.64 1.54 0.67 100000.00 0.61 100000.00 0.95 0.70 1.01 0.03 0.92 2.01 0.55 0.21 0.69
7 100000.00 0.54 0.57 0.39 0.52 0.34 0.69 0.72 0.21 0.18 0.30 0.72 0.72 0.34 0.16 0.25 0.13 0.15 0.08 0.20 0.49 0.09 0.11 0.18 0.15 0.41 0.15
8 100000.00 1.22 2.63 2.11 0.78 0.58 3.19 2.29 3.32 2.50 1.88 0.72 2.41 0.21 0.64 0.63 0.81 0.26 0.32 1.42 1.35 2.14 1.08 0.89 0.33 0.93 0.14
9 100000.00 1.45 0.15 2.08 0.53 0.95 0.64 0.40 0.53 0.77 1.12 2.10 1.45 0.62 0.88 0.04 100000.00 0.19 0.61 100000.00 100000.00 0.22 100000.00 0.44 1.04 0.95 0.13
10 100000.00 0.62 0.50 1.42 0.27 0.89 0.23 1.67 1.29 0.69 0.35 1.18 0.23 0.93 0.15 0.30 0.40 0.15 0.37 0.12 1.14 0.40 0.32 0.22 0.50 0.08 0.28
11 100000.00 1.11 1.58 1.82 1.03 0.69 0.88 2.05 1.52 0.06 0.06 0.79 0.90 0.47 0.44 100000.00 100000.00 0.41 0.15 0.28 1.41 100000.00 100000.00 0.03 0.44 0.19 0.16
12 100000.00 0.19 0.53 0.28 0.36 0.11 0.56 0.22 0.11 0.20 0.49 0.16 0.22 0.33 0.08 0.19 0.13 0.13 0.06 0.26 0.12 0.02 0.05 0.34 0.07 0.13 0.16
13 100000.00 2.30 0.43 4.07 1.20 1.53 3.05 0.85 0.47 2.51 2.72 1.82 1.42 2.20 0.96 0.28 2.29 0.76 0.89 1.22 0.24 0.25 0.67 1.80 1.19 0.64 0.94
14 100000.00 3.28 2.33 2.17 1.81 1.33 2.54 3.94 0.55 3.49 4.57 1.55 1.70 0.30 1.70 0.96 1.24 0.90 0.87 1.46 2.54 0.18 0.80 2.24 0.77 1.14 0.12
15 100000.00 0.12 0.84 0.84 0.37 1.11 1.91 1.30 0.61 1.44 1.42 1.77 0.91 1.18 0.07 100000.00 0.48 0.18 0.58 0.88 100000.00 0.16 0.95 100000.00 0.75 0.43 0.35
16 100000.00 2.03 0.54 1.11 0.03 2.06 0.45 0.39 0.72 2.15 3.11 3.01 1.83 1.73 1.22 0.23 0.27 0.02 1.27 0.23 0.09 0.15 0.92 0.92 1.79 0.81 0.41
17 100000.00 0.46 1.06 0.14 0.35 0.73 0.12 1.29 0.73 0.31 0.10 0.92 0.39 0.96 0.25 0.28 0.09 100000.00 0.44 100000.00 100000.00 0.44 100000.00 0.06 0.42 0.25 100000.00
18 100000.00 4.29 4.29 1.72 1.92 0.91 0.39 4.79 2.40 3.20 1.26 1.35 0.91 0.31 2.40 1.60 100000.00 0.52 0.33 0.10 1.47 100000.00 100000.00 0.67 0.81 100000.00 0.21
19 100000.00 0.18 0.34 0.48 0.30 0.09 0.32 0.27 0.37 0.25 0.36 0.20 0.11 0.18 100000.00 100000.00 0.20 0.12 100000.00 0.13 100000.00 0.15 100000.00 0.12 0.10 0.04 0.07
20 100000.00 0.23 1.15 0.53 0.29 0.69 1.73 1.45 0.41 1.10 0.13 0.68 0.62 1.01 0.15 0.38 0.17 0.14 0.15 0.70 0.71 0.13 0.44 0.07 0.34 0.27 0.61
21 100000.00 0.07 0.25 1.29 0.65 0.30 0.25 0.57 0.26 0.33 1.20 1.20 0.57 0.42 0.02 0.11 0.44 100000.00 0.09 100000.00 0.15 0.13 100000.00 0.30 0.42 0.16 0.23
22 100000.00 0.34 0.85 0.73 0.40 0.79 1.20 0.99 0.34 0.16 0.12 0.37 0.67 0.28 0.15 0.59 0.42 0.15 0.47 0.70 0.45 0.11 0.08 0.07 0.16 0.36 0.18
23 100000.00 1.34 1.35 0.45 0.37 1.12 1.07 2.06 0.85 1.59 1.77 0.70 1.53 1.54 0.71 0.85 0.25 0.26 0.50 0.50 0.82 0.42 0.76 0.54 0.30 0.65 0.86
24 100000.00 0.09 0.18 0.20 0.18 0.14 0.11 0.07 0.16 0.16 0.14 0.14 0.18 0.18 0.03 0.08 0.13 0.08 0.06 0.04 0.02 0.08 0.04 0.03 0.05 0.05 0.12
25 100000.00 2.76 3.84 2.32 2.27 1.08 0.62 3.27 0.27 0.43 3.20 2.53 0.39 0.85 1.11 2.36 100000.00 1.43 100000.00 100000.00 1.35 0.14 0.14 0.96 1.05 0.08 0.24
26 100000.00 0.12 0.72 1.13 0.62 0.21 0.54 0.75 0.18 0.34 0.97 1.16 0.27 0.43 0.02 0.35 0.52 0.36 0.13 0.28 0.35 0.06 0.07 0.20 0.64 0.14 0.10
27 100000.00 0.12 0.91 0.65 0.61 0.74 0.44 0.47 0.31 0.74 0.79 0.35 1.16 0.33 0.06 0.57 100000.00 100000.00 0.23 100000.00 0.18 0.12 100000.00 0.29 0.24 100000.00 100000.00
28 100000.00 0.31 0.77 1.71 0.20 0.23 1.77 1.13 1.21 1.70 1.67 0.61 2.22 0.94 0.07 0.29 0.36 0.11 100000.00 0.55 100000.00 100000.00 0.53 0.98 0.19 1.09 0.26
29 100000.00 0.12 0.14 0.39 0.26 0.45 0.35 0.37 0.44 0.51 0.21 0.67 0.58 0.10 100000.00 0.03 100000.00 100000.00 0.15 0.12 100000.00 100000.00 100000.00 0.07 100000.00 0.18 0.02
30 100000.00 0.36 0.21 0.21 0.12 0.18 0.11 0.30 0.15 0.21 0.36 0.15 0.05 0.21 0.22 0.10 0.06 0.07 0.09 0.07 0.13 0.10 0.13 0.15 0.04 0.02 0.14
31 100000.00 0.32 0.74 0.86 0.48 0.60 1.06 0.38 0.14 0.51 0.17 0.07 0.17 0.54 100000.00 0.39 100000.00 0.29 0.26 0.28 0.20 0.07 0.23 0.08 0.02 0.10 0.20
32 100000.00 1.12 0.53 0.82 0.23 0.32 0.73 0.46 0.42 0.03 0.41 0.55 0.23 0.19 0.75 0.28 0.45 0.06 0.12 0.42 0.15 0.17 0.01 0.15 0.21 0.07 0.09
33 100000.00 1.37 1.98 1.34 1.74 1.54 1.64 2.56 1.66 1.59 0.79 1.96 1.73 1.40 0.42 100000.00 0.28 0.68 0.43 0.52 1.30 0.76 1.04 100000.00 100000.00 100000.00 0.68
34 100000.00 1.43 0.98 1.31 0.44 1.18 0.65 0.79 0.26 0.20 0.10 1.49 0.85 0.81 100000.00 0.54 0.56 0.09 0.80 100000.00 100000.00 100000.00 0.07 100000.00 1.03 100000.00 0.23
35 100000.00 0.50 0.81 0.54 0.49 0.94 0.87 0.90 0.36 0.36 0.63 0.83 0.56 0.34 0.18 0.56 0.22 100000.00 100000.00 0.41 0.48 0.22 0.24 100000.00 0.38 0.24 0.15
36 100000.00 0.88 0.34 0.13 0.47 0.16 0.19 0.10 0.35 1.02 0.31 0.13 0.88 0.50 100000.00 0.22 100000.00 0.22 0.06 0.05 0.02 100000.00 0.66 0.09 0.06 0.50 0.24
37 100000.00 0.07 0.07 0.07 0.03 0.03 0.05 0.07 0.05 0.03 0.05 0.07 0.07 0.03 0.04 0.05 0.04 0.02 0.01 0.01 0.04 0.04 0.01 0.04 0.02 0.03 0.01
38 100000.00 0.07 0.06 0.07 0.04 0.04 0.07 0.07 0.04 0.04 0.07 0.07 0.07 0.04 0.01 0.03 0.03 0.02 0.03 0.01 0.03 0.02 0.02 0.05 0.02 0.03 0.02
39 100000.00 0.09 0.09 0.09 0.07 0.03 0.07 0.05 0.05 0.03 0.09 0.09 0.05 0.05 100000.00 100000.00 0.05 0.05 0.01 0.02 0.03 0.01 100000.00 100000.00 0.04 0.03 0.01
40 100000.00 0.35 0.44 0.35 0.05 0.21 0.32 0.41 0.14 0.17 0.10 0.43 0.26 0.27 0.18 0.15 0.10 0.03 0.08 0.11 0.21 0.04 0.06 0.02 0.27 0.10 0.11
41 100000.00 0.16 0.09 0.34 0.38 0.07 0.28 0.13 0.16 0.04 0.28 0.43 0.19 0.31 0.07 0.04 0.14 0.09 0.03 0.11 0.09 0.11 0.02 0.10 0.15 0.04 0.16
42 100000.00 0.20 0.26 0.17 0.18 0.42 0.62 0.26 0.08 0.18 0.14 0.50 0.56 0.49 0.08 0.08 0.08 0.07 100000.00 0.36 0.16 0.02 0.04 0.09 0.20 0.36 0.23
43 100000.00 0.39 0.20 0.20 0.09 0.37 0.48 0.54 0.52 0.09 0.44 0.50 0.23 0.18 0.19 0.05 0.12 0.02 0.14 0.23 0.35 0.24 0.06 0.14 0.19 0.08 0.12
44 100000.00 1.36 0.55 0.46 0.09 0.31 0.85 0.82 0.74 0.43 0.64 0.25 0.52 0.22 0.73 0.15 0.23 100000.00 0.15 100000.00 0.27 0.20 0.25 0.39 0.16 0.30 100000.00
45 100000.00 0.16 0.56 0.60 0.21 0.40 0.12 0.33 0.35 0.33 0.23 0.33 0.42 0.24 0.04 0.30 0.27 0.05 100000.00 100000.00 0.22 0.17 0.16 100000.00 0.11 0.11 0.14
46 100000.00 1.04 0.25 2.29 1.99 1.93 0.19 1.01 0.94 1.19 0.49 2.47 1.20 0.11 0.34 0.11 0.87 0.56 1.16 0.06 0.47 0.46 0.75 0.17 1.70 0.34 0.05
47 100000.00 2.65 0.18 2.98 0.89 0.22 2.14 2.57 1.62 0.85 1.60 1.90 0.85 0.04 1.46 0.09 1.62 0.22 0.15 0.69 1.09 0.65 0.47 0.45 1.10 0.39 0.01
48 100000.00 0.11 1.34 0.20 0.55 1.20 1.94 1.07 0.93 1.39 1.82 0.38 0.44 1.03 0.06 0.49 0.13 0.32 0.55 0.67 0.71 0.42 0.35 0.80 0.21 0.24 0.69
49 100000.00 0.85 0.10 1.55 0.13 0.87 1.92 0.76 0.35 0.45 1.83 0.22 1.07 0.20 0.32 0.05 0.45 0.03 0.57 0.52 0.16 0.21 0.19 0.68 0.13 0.66 0.06
50 100000.00 0.11 0.11 1.08 0.35 0.65 0.67 0.85 0.40 0.17 1.06 0.48 0.18 0.79 0.06 100000.00 0.40 100000.00 0.23 0.23 0.40 0.09 0.05 0.32 0.11 0.13 0.31
51 100000.00 0.07 0.07 0.23 0.08 0.05 0.29 0.35 0.23 0.17 0.38 0.29 0.23 0.27 0.03 0.01 0.14 0.03 0.03 0.13 0.14 0.07 0.10 0.24 0.13 0.14 0.15
52 100000.00 0.43 0.19 0.46 0.47 0.47 0.58 0.28 0.19 0.41 0.74 0.85 0.71 0.57 0.26 0.04 0.23 0.21 0.31 0.18 0.11 0.08 0.22 0.35 0.17 0.29 0.25
53 100000.00 1.24 0.83 0.28 0.29 0.88 1.15 0.44 1.13 0.57 0.59 1.45 0.46 0.26 0.84 0.32 0.18 0.06 0.32 0.68 0.15 0.65 0.25 0.14 0.86 0.13 0.09
54 100000.00 2.53 2.53 1.65 1.88 2.61 2.32 3.13 2.61 0.42 2.50 2.74 3.65 2.77 100000.00 100000.00 100000.00 1.15 100000.00 1.35 1.97 1.33 100000.00 1.37 100000.00 100000.00 100000.00
55 100000.00 0.17 0.47 0.68 0.49 0.45 0.08 0.13 0.42 0.64 0.45 0.42 0.26 0.66 100000.00 0.14 0.43 0.10 0.26 0.04 0.03 0.11 100000.00 0.18 0.27 100000.00 0.45
56 100000.00 1.29 1.10 1.10 1.10 0.03 1.59 1.40 1.12 0.67 1.61 0.39 1.36 0.97 0.53 0.67 0.52 0.71 0.01 0.86 0.80 0.53 0.46 0.69 0.27 0.29 0.53
57 100000.00 0.28 0.14 0.41 0.16 0.42 0.46 0.32 0.05 0.35 0.37 0.28 0.18 0.23 0.10 0.08 0.25 0.04 0.16 0.31 0.14 0.02 0.16 0.22 0.16 0.08 0.13
58 100000.00 0.27 0.18 0.24 0.09 0.19 0.24 0.27 0.06 0.18 0.09 0.09 0.09 0.09 0.12 0.07 0.14 0.02 0.10 0.08 0.16 0.03 0.05 0.04 0.06 0.03 0.03
59 100000.00 0.08 0.11 0.48 0.18 0.09 0.33 0.17 0.43 0.34 0.11 0.51 0.24 0.18 0.04 0.07 0.19 0.12 0.04 0.09 0.12 0.13 0.18 0.08 0.11 0.09 0.05
60 100000.00 1.06 1.00 0.43 0.13 0.59 0.64 0.88 0.28 0.19 0.82 0.73 0.49 0.66 0.37 0.44 0.12 0.09 0.25 0.33 0.21 0.13 0.06 0.19 0.30 0.20 0.40
61 100000.00 0.06 0.49 0.24 0.04 0.13 0.70 0.31 0.53 0.65 0.58 0.52 0.82 0.22 0.02 0.15 0.14 0.02 0.04 0.27 0.10 0.22 0.24 0.26 0.24 0.37 0.09
62 100000.00 0.25 0.13 0.13 0.11 0.35 0.57 0.32 0.25 0.23 0.71 0.66 0.69 0.41 0.05 0.04 0.06 0.03 0.20 0.16 0.09 0.16 0.08 0.22 0.32 0.40 0.15
63 100000.00 0.82 4.15 2.66 0.50 2.87 2.82 1.53 2.35 1.18 4.42 1.71 0.91 2.66 0.18 1.63 1.52 0.28 1.12 0.78 0.53 0.59 0.64 1.06 0.36 100000.00 0.72
64 100000.00 0.44 0.10 0.42 0.56 0.19 0.65 0.40 0.24 0.19 0.10 0.44 0.77 0.10 0.24 0.04 0.08 0.32 0.12 0.25 0.18 0.07 0.11 0.05 0.24 0.39 0.05
65 100000.00 0.09 0.33 0.37 0.28 0.07 0.24 0.15 0.12 0.37 0.22 0.15 0.09 0.25 0.02 0.22 0.11 0.07 0.04 0.08 0.08 100000.00 0.22 0.05 0.09 100000.00 0.12
66 100000.00 0.26 0.74 0.16 0.45 0.48 0.32 0.59 0.27 0.14 0.13 0.86 0.74 0.20 0.15 0.42 0.05 0.26 0.31 0.14 0.27 0.07 0.05 0.04 0.30 0.36 0.08
67 100000.00 0.50 0.38 0.08 0.45 0.46 0.35 0.44 0.18 0.24 0.08 0.17 0.17 0.09 100000.00 0.08 0.02 100000.00 100000.00 100000.00 100000.00 0.07 0.06 0.02 0.10 0.06 0.05
68 100000.00 0.35 1.73 0.23 1.35 1.32 1.61 0.71 0.24 1.85 0.68 0.10 2.22 0.92 0.17 0.77 0.12 0.46 0.79 0.56 0.35 0.09 1.16 0.30 0.06 1.50 0.50
69 100000.00 0.55 0.09 0.18 0.07 0.14 0.34 0.32 0.23 0.09 0.50 0.23 0.13 0.12 0.14 100000.00 0.08 100000.00 100000.00 0.09 100000.00 0.12 0.06 100000.00 0.05 0.08 100000.00
70 100000.00 0.37 0.28 0.31 0.50 0.20 0.13 0.22 0.41 0.71 0.85 0.55 0.68 0.32 0.22 0.09 0.07 0.18 0.06 0.04 0.10 0.17 0.43 0.29 0.21 0.28 0.18
<task rigidity>
1 9
2 4
3 9
4 10
5 6
6 1
7 1
8 1
9 10
10 2
11 6
12 1
13 2
14 2
15 2
16 9
17 1
18 6
19 6
20 6
21 4
22 4
23 2
24 1
25 10
26 6
27 1
28 1
29 9
30 6
31 7
32 1
33 7
34 1
35 2
36 5
37 7
38 4
39 6
40 6
41 3
42 3
43 5
44 2
45 9
46 4
47 2
48 3
49 5
50 2
51 3
52 8
53 10
54 8
55 2
56 1
57 6
58 7
59 4
60 1
61 1
62 4
63 7
64 9
65 6
66 1
67 4
68 3
69 6
70 1
<precedence relations>
1,2
1,41
1,69
1,70
2,3
3,4
3,68
4,6
4,7
5,6
5,24
5,30
6,8
7,8
8,12
9,10
10,11
11,12
12,13
12,14
13,23
14,23
15,16
16,17
16,18
17,19
18,19
19,20
19,22
19,57
20,21
21,23
22,23
23,25
23,31
23,33
24,25
25,26
25,27
25,28
25,29
26,35
27,35
28,35
29,35
30,31
31,32
32,35
33,34
34,35
35,36
35,44
35,48
35,51
35,53
35,56
35,60
35,61
35,62
36,37
37,38
38,39
39,40
40,42
41,42
42,43
43,50
44,45
45,46
46,47
47,50
48,49
49,50
51,52
52,54
53,54
54,55
57,58
58,59
59,60
61,65
62,63
63,64
64,65
64,66
64,67
<end>