<number of tasks>
70
<number of stations>
23
<number of workers>
23
<type of the robots>
1
<limit of the robots>
8
<task times>
1 23 16 13 10 8 11 10 4 12 14 17 17 8 8 2 16 2 3 12 10 1 3 8 2 11 9 7 5 7 7 3 9 10 12 12 6 5 2 11 2 3 8 7 1 2 6 2
2 100000 64 7 45 26 36 17 17 1 27 43 6 17 44 6 40 62 29 55 62 42 51 21 36 100000 5 29 18 22 11 100000 100000 100000 31 100000 100000 100000 4 100000 42 18 34 43 30 36 14 24
3 73 45 4 40 51 22 39 25 1 38 10 14 25 12 39 5 23 46 41 29 8 54 43 39 28 3 27 35 14 24 17 1 25 7 10 16 9 26 4 15 32 26 19 5 36 28 27
4 100000 23 46 13 24 50 10 17 3 21 33 20 35 7 17 31 7 1 13 44 43 2 9 29 100000 100000 9 15 32 7 11 3 15 23 14 100000 5 100000 100000 5 1 9 29 29 2 100000 100000
5 7 2 2 4 2 4 5 5 1 5 6 3 4 3 6 1 2 4 3 4 3 5 1 5 2 2 3 2 3 4 4 1 4 4 2 3 2 4 1 2 3 2 3 3 4 1 4
6 119 65 50 19 32 10 66 80 41 39 75 65 7 72 10 67 57 63 79 25 46 83 11 46 46 35 13 21 7 46 54 27 24 48 43 5 49 7 45 38 39 50 17 28 58 8 31
7 100000 17 16 2 19 21 14 9 4 7 15 11 6 14 9 5 4 8 7 12 18 13 15 14 12 100000 100000 13 100000 100000 7 3 5 11 8 4 100000 6 100000 3 100000 100000 100000 11 9 100000 100000
8 100000 18 118 16 109 25 14 43 39 74 102 22 80 67 92 56 17 20 91 95 17 29 62 109 12 80 100000 74 100000 10 29 28 46 64 16 51 43 57 39 12 100000 56 66 12 100000 42 69
9 100000 16 32 49 34 34 54 2 29 62 19 31 24 12 13 54 31 55 29 60 56 14 5 33 12 20 32 23 21 38 2 20 41 12 21 15 100000 9 100000 20 38 20 100000 100000 100000 4 22
10 91 21 6 27 69 64 36 46 13 39 64 1 66 14 52 50 55 46 29 62 14 67 45 5 14 4 17 46 44 24 32 9 26 41 1 43 10 34 31 38 31 20 43 10 45 29 4
11 115 59 19 38 59 85 19 69 2 51 73 66 27 85 25 82 3 30 5 6 83 82 67 63 40 13 25 36 54 13 47 2 32 46 42 19 53 18 51 2 19 4 4 55 54 42 41
12 28 5 9 14 14 7 12 1 14 3 17 10 16 21 6 14 3 6 6 20 10 21 3 7 4 6 10 10 5 8 1 9 3 12 7 11 15 4 9 2 5 5 13 7 13 2 5
13 100000 67 83 3 8 11 35 114 18 111 5 47 56 5 7 17 39 19 40 51 116 79 108 71 100000 51 2 100000 100000 100000 100000 12 77 100000 32 34 4 5 11 100000 100000 100000 35 79 51 66 100000
14 179 89 17 73 32 25 26 76 62 53 76 123 67 73 105 127 43 118 24 44 41 114 9 43 59 12 48 21 16 18 53 38 35 50 86 46 44 73 80 28 82 17 31 26 76 6 27
15 131 92 91 60 37 9 53 64 8 81 19 57 45 94 32 16 88 5 89 60 86 94 27 25 62 61 41 25 6 34 45 6 54 14 36 29 58 21 11 58 4 56 39 53 63 18 16
16 125 51 11 71 33 14 7 89 58 3 59 10 28 30 35 88 53 26 19 20 7 37 77 62 34 7 46 24 9 5 59 38 3 40 7 19 20 24 59 37 17 14 14 5 24 52 42
17 67 4 1 26 9 50 35 11 38 29 15 41 29 6 38 20 35 44 4 40 37 32 39 26 3 1 16 6 34 23 8 24 18 10 27 18 4 26 14 23 27 3 25 26 21 26 17
18 100000 8 119 56 52 98 24 49 59 100 61 92 9 41 74 33 75 115 40 119 140 44 93 76 100000 100000 36 100000 100000 100000 32 41 65 39 100000 7 27 100000 23 52 76 28 100000 100000 30 62 100000
19 26 14 12 6 18 16 2 4 5 13 13 12 6 9 1 7 8 4 15 4 8 12 8 14 9 9 4 12 11 2 3 4 9 10 8 5 7 1 5 6 3 10 3 6 9 6 10
20 100000 34 15 32 22 8 53 36 45 23 50 31 39 36 53 7 42 25 41 8 39 54 33 4 23 11 100000 14 6 33 22 32 100000 31 22 100000 23 100000 100000 100000 16 100000 100000 100000 35 21 3
21 66 45 40 29 13 8 12 48 44 23 21 21 9 42 45 21 20 40 37 9 3 34 10 35 28 25 20 9 6 8 32 28 16 15 15 7 30 31 14 14 27 24 7 3 22 7 23
22 53 26 33 36 2 25 34 14 28 40 13 36 19 18 20 40 36 24 27 14 13 20 14 7 17 23 25 2 16 22 9 18 26 9 24 13 12 14 26 22 15 17 10 9 14 9 5
23 100 19 48 25 27 66 14 39 29 34 73 35 64 23 23 11 15 14 34 2 33 50 61 44 12 34 18 17 41 9 27 19 22 46 25 39 16 15 7 11 9 22 2 23 34 37 30
24 15 6 10 3 3 12 3 9 3 10 11 6 2 6 10 12 12 11 9 10 8 3 10 7 5 7 3 3 8 3 6 2 7 8 4 2 4 7 8 8 7 6 7 6 2 7 5
25 198 23 64 28 82 63 117 107 61 139 91 108 147 19 79 147 83 135 133 15 76 92 131 101 17 43 17 50 42 73 73 43 88 63 71 91 14 49 98 56 91 93 10 48 56 81 63
26 100000 17 5 7 16 28 31 40 27 20 31 40 32 32 6 21 38 29 2 5 11 16 19 37 12 4 5 11 18 100000 27 18 100000 22 26 20 23 100000 15 24 100000 2 4 100000 11 12 100000
27 61 18 43 23 18 16 21 1 32 34 31 38 21 4 15 25 44 43 9 6 38 14 5 23 12 30 16 12 10 14 1 23 22 22 26 14 3 10 18 29 27 6 5 24 10 4 15
28 100 31 35 20 64 41 15 3 33 70 71 68 44 37 72 13 65 72 5 46 4 51 52 32 21 22 13 39 26 11 2 21 45 43 46 31 24 44 10 46 45 4 28 3 34 32 22
29 100000 22 8 13 9 13 18 10 20 26 26 14 2 2 13 11 26 21 15 22 8 26 11 4 15 6 9 6 100000 100000 7 14 18 17 100000 2 2 100000 100000 18 15 11 15 6 17 7 3
30 100000 4 4 6 2 4 7 11 5 7 3 10 5 8 8 11 8 4 1 7 10 10 11 8 100000 3 4 2 3 5 100000 4 100000 2 7 4 6 5 8 5 3 1 5 7 100000 8 100000
31 42 20 22 16 11 9 23 16 5 21 17 12 3 7 27 6 6 28 3 2 26 12 23 3 13 15 11 7 6 16 11 4 15 12 9 3 5 18 4 4 18 3 2 18 9 15 2
32 66 26 16 41 14 24 46 34 46 4 47 18 12 1 49 49 48 8 11 6 5 34 46 22 18 11 25 10 16 30 24 31 3 31 12 8 1 33 34 33 6 8 5 4 23 33 15
33 140 43 66 95 5 43 47 82 1 1 95 55 64 65 61 39 63 59 67 70 29 31 13 81 29 46 61 4 29 32 55 1 1 60 38 45 40 40 27 43 39 45 43 20 21 9 53
34 63 17 16 26 46 38 30 30 45 1 2 37 34 23 32 3 37 9 18 45 18 3 14 31 11 11 17 29 25 20 21 32 1 2 23 24 14 22 2 23 6 12 31 13 3 9 22
35 46 11 32 10 16 21 8 8 30 28 18 5 14 32 23 25 15 31 23 23 27 32 12 7 8 20 7 10 13 6 6 20 20 13 4 10 22 15 16 11 19 15 16 17 20 8 5
36 53 37 33 34 3 9 40 39 28 16 31 15 8 33 35 38 14 21 33 29 14 5 2 3 24 21 24 2 7 26 25 20 10 22 10 6 21 22 23 10 15 21 19 9 4 2 2
37 100000 2 1 1 2 1 2 1 2 2 1 1 1 1 2 2 1 2 1 2 1 1 1 2 2 100000 1 2 1 2 100000 2 100000 1 1 1 1 2 2 1 2 100000 2 100000 100000 1 2
38 1 1 1 1 1 1 1 1 1 1 1 1 1 1 1 1 1 1 1 1 1 1 1 1 1 1 1 1 1 1 1 1 1 1 1 1 1 1 1 1 1 1 1 1 1 1 1
39 3 3 1 1 3 2 3 1 2 2 1 3 2 3 2 2 1 2 1 2 3 1 2 1 2 1 1 2 2 2 1 2 2 1 2 2 2 2 2 1 2 1 2 2 1 2 1
40 16 5 13 7 5 10 11 1 5 12 11 12 2 7 6 3 6 9 4 7 10 4 11 13 4 9 5 4 7 8 1 4 8 7 8 2 5 4 2 5 6 3 5 7 3 8 9
41 22 11 5 11 10 12 2 8 14 15 16 12 3 8 13 8 10 11 1 8 9 3 6 1 7 4 8 7 8 2 6 9 10 11 9 2 6 9 6 7 8 1 6 7 2 5 1
42 33 18 5 18 3 23 8 1 11 2 1 15 6 21 16 19 6 22 17 12 21 4 6 23 12 4 13 2 16 6 1 8 2 1 11 5 14 11 13 4 15 11 9 14 3 4 15
43 100000 14 18 6 21 16 7 2 14 4 13 6 2 18 8 12 20 9 1 5 16 1 17 14 10 13 100000 14 100000 5 2 9 100000 9 4 2 13 5 100000 13 100000 100000 4 11 100000 12 9
44 100000 27 18 18 33 10 43 20 43 38 31 34 1 26 32 3 35 38 2 8 34 34 18 33 18 100000 100000 24 7 28 100000 27 25 21 100000 1 17 100000 2 100000 100000 100000 6 21 22 12 20
45 42 25 5 6 30 4 24 12 7 13 9 26 25 25 17 4 9 2 25 14 3 24 13 28 16 4 5 21 3 16 9 5 9 6 17 16 17 12 3 7 2 17 10 3 17 9 19
46 107 83 49 2 71 62 18 69 54 82 72 36 44 47 65 14 48 66 51 57 19 46 56 53 57 30 2 48 43 12 47 34 54 50 26 29 31 46 10 33 44 35 38 13 32 34 36
47 100000 30 4 21 50 72 67 76 42 71 10 71 54 10 27 41 31 84 10 24 28 16 35 64 21 3 14 33 45 42 49 27 43 7 45 36 7 17 26 21 58 7 16 19 11 25 42
48 100000 30 55 14 45 21 17 46 11 27 1 45 39 6 37 21 52 8 31 1 19 9 51 19 20 35 10 31 14 100000 33 8 18 1 29 24 100000 24 100000 100000 5 22 1 13 100000 32 13
49 78 30 36 2 52 46 47 7 59 13 48 18 51 37 26 26 21 23 8 20 53 18 42 59 21 25 2 34 31 32 5 37 9 30 12 35 25 17 18 14 16 6 14 32 13 29 36
50 60 28 21 3 29 34 9 19 16 26 38 22 13 41 4 1 24 34 21 42 8 35 8 10 18 14 2 21 23 6 13 11 16 24 15 9 27 3 1 17 23 15 28 6 22 5 7
51 14 1 1 2 4 8 10 11 8 3 4 8 4 4 8 10 10 8 1 3 1 7 4 11 1 1 2 3 5 7 8 6 2 3 6 3 3 6 7 7 6 1 2 1 5 3 7
52 34 15 1 5 10 22 26 23 3 11 26 1 20 11 4 19 6 10 9 12 21 11 14 1 11 1 4 7 15 16 15 3 7 18 1 13 8 3 13 4 7 7 9 15 8 10 1
53 100000 23 44 19 29 12 26 35 36 11 12 44 24 26 30 19 22 22 27 19 7 4 24 31 16 31 12 100000 100000 18 100000 24 8 100000 27 16 18 19 13 16 14 19 14 5 3 16 100000
54 161 64 35 55 16 69 36 58 71 119 50 99 2 3 100 39 117 21 72 81 90 92 20 45 45 25 34 10 43 25 39 48 79 35 65 2 2 69 27 80 15 49 50 56 56 13 28
55 49 1 30 10 36 1 2 35 33 24 25 8 25 26 19 35 19 30 37 7 33 16 38 29 1 21 7 22 1 2 23 20 17 17 5 16 17 12 24 13 19 26 5 22 11 24 18
56 92 48 8 37 37 35 64 17 21 47 34 19 31 40 7 49 52 3 23 57 23 13 17 51 30 6 25 25 24 41 12 14 32 24 13 20 28 5 34 32 2 16 38 15 9 12 36
57 100000 6 12 2 8 16 13 12 20 4 9 1 6 16 2 15 16 18 12 10 14 10 13 16 5 100000 2 100000 100000 100000 8 14 100000 7 1 5 100000 2 100000 100000 12 9 7 100000 100000 8 11
58 9 5 1 6 4 2 4 5 4 5 5 2 7 2 6 2 6 7 5 4 4 3 1 1 4 1 4 3 2 3 4 3 4 4 2 5 2 4 2 4 5 4 3 3 2 1 1
59 20 11 4 9 10 4 5 12 15 16 11 6 5 5 4 14 6 6 1 8 16 10 6 11 8 3 6 7 3 4 8 10 11 7 4 4 4 3 10 4 4 1 6 11 7 4 8
60 100000 12 7 32 27 30 12 23 21 2 3 7 12 5 31 4 21 32 28 1 21 10 18 29 100000 5 100000 100000 100000 100000 100000 15 2 3 5 8 4 100000 100000 100000 100000 20 1 15 100000 100000 20
61 100000 15 24 8 5 3 21 25 1 18 10 15 9 6 18 15 18 6 15 25 3 4 11 6 11 17 5 100000 2 13 16 1 100000 7 100000 6 5 100000 100000 12 5 10 16 2 3 8 4
62 37 19 11 24 1 16 4 7 2 9 8 12 2 2 14 26 21 26 23 7 12 25 25 3 12 8 16 1 11 3 5 2 6 6 9 2 2 10 16 14 19 16 5 9 18 17 3
63 212 11 154 67 129 140 18 116 108 104 54 98 27 47 67 153 82 154 84 20 10 149 146 115 8 103 46 84 87 12 77 76 72 33 60 18 30 44 107 54 95 58 13 7 99 99 81
64 38 25 25 12 26 26 12 28 1 25 17 26 26 15 6 17 16 2 3 10 3 19 10 22 16 16 9 17 17 8 17 1 16 11 18 17 10 5 11 10 2 2 7 3 13 7 14
65 19 2 7 13 2 6 13 7 11 6 10 9 3 6 11 3 7 10 7 11 11 12 5 10 2 5 9 2 5 9 5 7 4 7 7 3 4 8 3 5 7 5 8 8 8 4 7
66 34 1 3 11 3 2 1 23 13 2 3 11 26 10 12 15 22 4 21 2 26 9 6 24 1 2 7 3 2 1 15 9 2 2 7 18 7 8 10 16 3 15 2 19 6 4 16
67 23 3 1 6 13 9 15 18 18 6 9 5 9 15 18 1 13 1 12 9 3 11 17 14 2 1 4 9 7 10 13 13 4 7 4 6 11 12 1 9 1 8 6 2 8 11 10
68 100000 32 25 47 13 59 48 53 2 32 7 33 2 64 35 38 17 43 10 13 14 21 31 62 21 17 33 8 37 32 100000 2 21 5 24 2 42 23 27 100000 31 7 10 100000 13 100000 100000
69 100000 19 15 8 5 10 21 2 5 3 4 19 1 9 18 6 19 9 8 6 12 15 2 22 12 10 6 4 7 100000 2 4 2 3 13 1 100000 12 4 13 6 6 5 8 10 100000 14
70 36 11 16 26 8 23 16 1 25 4 19 17 14 13 2 12 25 2 7 11 22 8 8 4 8 11 16 6 15 10 1 17 3 13 11 10 9 2 8 17 2 5 8 14 5 6 3
<posture of tasks>
1 1
2 1
3 1
4 1
5 1
6 1
7 1
8 1
9 1
10 1
11 1
12 1
13 1
14 1
15 1
16 1
17 1
18 1
19 0
20 0
21 1
22 0
23 1
24 0
25 0
26 1
27 1
28 1
29 1
30 1
31 1
32 1
33 0
34 0
35 0
36 0
37 0
38 1
39 1
40 1
41 1
42 0
43 0
44 1
45 0
46 1
47 0
48 0
49 1
50 1
51 1
52 1
53 1
54 1
55 0
56 1
57 1
58 1
59 1
60 1
61 1
62 1
63 1
64 0
65 1
66 1
67 0
68 0
69 1
70 1
<max energy cosumption of alternatives>
1 100000.00
2 3.12
3 4.51
4 2.33
5 3.15
6 4.88
7 5.44
8 4.28
9 5.22
10 5.40
11 2.49
12 4.66
13 3.26
14 4.63
15 3.05
16 4.35
17 4.53
18 2.58
19 4.52
20 4.78
21 4.73
22 2.84
23 4.92
24 3.20
<energy cosumption of alternatives>
1 100000.00 0.41 0.46 0.26 0.23 0.38 0.34 0.16 0.40 0.46 0.44 0.55 0.23 0.28 0.07 0.55 0.10 0.10 0.43 0.34 0.07 0.10 0.28 0.07 0.19 0.19 0.13 0.05 0.14 0.13 0.09 0.17 0.12 0.10 0.30 0.13 0.19 0.05 0.27 0.04 0.03 0.26 0.10 0.04 0.04 0.14 0.04
2 100000.00 1.74 0.25 1.16 0.69 1.29 0.58 0.55 0.07 0.86 1.13 0.22 0.45 1.45 0.17 1.38 2.21 0.84 1.93 2.12 1.38 1.37 0.71 1.03 100000.00 0.15 0.42 0.28 0.44 0.31 100000.00 100000.00 100000.00 0.64 100000.00 100000.00 100000.00 0.11 100000.00 1.08 0.17 0.89 0.54 0.63 0.68 0.39 0.35
3 100000.00 1.23 0.17 1.05 1.39 0.74 1.37 0.80 0.07 1.27 0.27 0.47 0.67 0.41 1.05 0.20 0.78 1.29 1.45 1.00 0.29 1.47 1.52 1.11 0.45 0.06 0.52 0.65 0.40 0.28 0.28 0.04 0.69 0.11 0.31 0.34 0.25 0.51 0.12 0.30 0.83 0.38 0.62 0.17 0.97 0.71 0.69
4 100000.00 0.60 1.60 0.33 0.64 1.75 0.35 0.56 0.13 0.68 0.89 0.65 0.98 0.25 0.45 1.11 0.26 0.05 0.47 1.48 1.42 0.08 0.32 0.85 100000.00 100000.00 0.15 0.33 0.85 0.09 0.38 0.08 0.45 0.25 0.27 100000.00 0.10 100000.00 100000.00 0.15 0.01 0.28 0.91 0.58 0.05 100000.00 100000.00
5 100000.00 0.06 0.08 0.12 0.06 0.14 0.18 0.17 0.05 0.17 0.15 0.11 0.12 0.11 0.15 0.05 0.08 0.12 0.11 0.14 0.11 0.15 0.05 0.15 0.03 0.05 0.03 0.02 0.07 0.10 0.05 0.02 0.07 0.09 0.07 0.07 0.06 0.04 0.03 0.02 0.08 0.07 0.05 0.05 0.05 0.04 0.07
6 100000.00 1.76 1.73 0.48 0.90 0.34 2.28 2.59 1.34 1.28 1.96 2.16 0.20 2.37 0.26 2.31 2.01 1.76 2.73 0.80 1.49 2.29 0.38 1.27 0.92 0.56 0.15 0.40 0.13 0.62 0.92 0.70 0.40 1.01 0.80 0.06 0.70 0.12 0.64 1.14 0.65 1.08 0.47 0.91 1.57 0.14 0.58
7 100000.00 0.45 0.56 0.08 0.51 0.71 0.47 0.31 0.16 0.25 0.39 0.37 0.17 0.47 0.26 0.19 0.16 0.23 0.26 0.41 0.59 0.35 0.53 0.39 0.19 100000.00 100000.00 0.31 100000.00 100000.00 0.15 0.05 0.11 0.17 0.25 0.09 100000.00 0.16 100000.00 0.09 100000.00 100000.00 100000.00 0.27 0.10 100000.00 100000.00
8 100000.00 0.47 4.11 0.41 2.93 0.85 0.46 1.39 1.27 2.39 2.63 0.70 2.14 2.21 2.41 1.94 0.58 0.53 3.17 3.17 0.55 0.80 2.17 2.97 0.24 1.64 100000.00 0.72 100000.00 0.27 0.91 0.61 0.95 1.47 0.40 1.01 0.58 1.33 1.09 0.26 100000.00 0.99 1.85 0.31 100000.00 0.77 1.02
9 100000.00 0.41 1.13 1.23 0.92 1.19 1.82 0.09 0.97 2.03 0.47 1.03 0.62 0.40 0.34 1.82 1.09 1.50 1.03 2.03 1.85 0.37 0.19 0.92 0.19 0.77 0.39 0.19 0.73 0.45 0.06 0.23 0.80 0.23 0.24 0.15 100000.00 0.20 100000.00 0.71 0.60 0.53 100000.00 100000.00 100000.00 0.08 0.43
10 100000.00 0.52 0.21 0.65 1.84 2.21 1.23 1.47 0.42 1.26 1.66 0.06 1.75 0.45 1.31 1.68 1.89 1.24 1.02 2.06 0.45 1.78 1.53 0.15 0.24 0.07 0.15 0.91 0.74 0.56 0.39 0.23 0.71 0.39 0.02 0.96 0.30 0.41 0.79 0.75 0.82 0.65 0.99 0.19 0.37 0.54 0.09
11 100000.00 1.59 0.64 0.98 1.62 3.01 0.64 2.25 0.09 1.64 1.90 2.19 0.71 2.83 0.62 2.80 0.13 0.86 0.19 0.22 2.74 2.18 2.34 1.75 0.93 0.17 0.23 0.76 1.38 0.32 0.66 0.04 0.58 0.96 1.37 0.45 1.60 0.25 1.49 0.04 0.47 0.12 0.13 1.74 1.48 1.03 1.10
12 100000.00 0.17 0.32 0.36 0.39 0.26 0.41 0.07 0.46 0.13 0.45 0.34 0.44 0.68 0.17 0.47 0.13 0.20 0.22 0.65 0.34 0.57 0.13 0.20 0.03 0.10 0.17 0.21 0.18 0.18 0.04 0.27 0.08 0.25 0.10 0.13 0.42 0.04 0.16 0.04 0.10 0.12 0.27 0.11 0.19 0.03 0.06
13 100000.00 1.80 2.93 0.11 0.23 0.38 1.23 3.76 0.58 3.67 0.14 1.53 1.56 0.19 0.20 0.58 1.38 0.51 1.41 1.68 3.82 2.14 3.77 1.98 100000.00 1.56 0.05 100000.00 100000.00 100000.00 100000.00 0.31 1.98 100000.00 0.93 0.52 0.04 0.09 0.25 100000.00 100000.00 100000.00 0.47 2.30 0.62 1.78 100000.00
14 100000.00 2.37 0.58 1.83 0.88 0.85 0.85 2.44 2.01 1.69 1.95 4.03 1.80 2.38 2.71 4.33 1.48 3.24 0.82 1.45 1.33 3.09 0.31 1.16 0.53 0.33 0.78 0.43 0.33 0.49 0.96 0.42 0.79 1.28 1.41 1.15 1.53 1.74 2.73 0.71 1.12 0.53 0.40 0.62 2.10 0.08 0.34
15 100000.00 2.52 3.26 1.62 1.05 0.32 1.82 2.15 0.29 2.66 0.49 1.94 1.24 3.17 0.89 0.56 3.17 0.17 3.20 2.08 2.89 2.62 0.92 0.67 0.73 1.15 1.00 0.41 0.19 0.82 0.93 0.11 1.79 0.33 0.72 0.67 1.13 0.22 0.26 1.00 0.07 1.02 1.21 0.76 1.61 0.26 0.44
16 100000.00 1.37 0.39 1.88 0.94 0.50 0.26 3.00 1.98 0.14 1.63 0.35 0.81 1.05 0.96 3.13 1.86 0.70 0.66 0.66 0.26 1.05 2.73 1.78 0.86 0.11 1.31 0.21 0.11 0.13 0.73 0.41 0.05 1.13 0.24 0.36 0.23 0.63 1.27 0.80 0.43 0.38 0.19 0.09 0.72 0.71 1.09
17 100000.00 0.14 0.08 0.64 0.27 1.76 1.25 0.38 1.28 1.01 0.39 1.38 0.84 0.23 1.03 0.68 1.25 1.24 0.17 1.37 1.25 0.93 1.40 0.70 0.04 0.05 0.22 0.13 0.62 0.77 0.18 0.39 0.55 0.20 0.31 0.51 0.12 0.54 0.31 0.26 0.56 0.04 0.82 0.47 0.35 0.61 0.45
18 100000.00 0.23 4.19 1.46 1.40 3.45 0.80 1.59 1.96 3.27 1.62 3.06 0.26 1.35 1.92 1.17 2.63 3.21 1.41 4.01 4.62 1.18 3.27 2.10 100000.00 100000.00 0.48 100000.00 100000.00 100000.00 0.58 1.04 2.11 0.41 100000.00 0.10 0.40 100000.00 0.42 1.59 1.51 0.80 100000.00 100000.00 0.30 1.64 100000.00
19 100000.00 0.30 0.34 0.14 0.37 0.44 0.09 0.14 0.16 0.34 0.28 0.32 0.14 0.25 0.05 0.21 0.23 0.12 0.41 0.14 0.23 0.25 0.23 0.30 0.21 0.08 0.08 0.25 0.16 0.04 0.08 0.04 0.19 0.06 0.20 0.04 0.09 0.02 0.12 0.12 0.03 0.15 0.08 0.06 0.08 0.11 0.12
20 100000.00 0.75 0.42 0.68 0.44 0.23 1.42 0.96 1.16 0.58 1.03 0.84 0.85 0.96 1.07 0.21 1.17 0.51 1.14 0.23 1.02 1.14 0.94 0.12 0.46 0.27 100000.00 0.21 0.14 0.70 0.40 0.61 100000.00 0.62 0.44 100000.00 0.64 100000.00 100000.00 100000.00 0.30 100000.00 100000.00 100000.00 0.63 0.32 0.03
21 100000.00 1.23 1.43 0.80 0.36 0.29 0.41 1.58 1.46 0.74 0.54 0.68 0.27 1.40 1.20 0.71 0.68 1.14 1.33 0.32 0.14 0.96 0.35 1.02 0.53 0.61 0.55 0.20 0.12 0.28 0.37 0.84 0.25 0.35 0.38 0.07 0.54 0.42 0.36 0.22 0.57 0.48 0.14 0.05 0.56 0.20 0.40
22 100000.00 0.50 0.91 0.73 0.07 0.66 0.94 0.36 0.75 1.03 0.27 0.94 0.39 0.45 0.39 1.07 1.01 0.51 0.71 0.36 0.34 0.41 0.39 0.16 0.35 0.63 0.40 0.05 0.26 0.33 0.21 0.24 0.32 0.19 0.55 0.20 0.17 0.10 0.34 0.52 0.19 0.29 0.19 0.23 0.20 0.22 0.07
23 100000.00 0.50 1.67 0.62 0.71 2.32 0.46 1.28 0.98 1.13 1.91 1.16 1.76 0.74 0.59 0.37 0.52 0.38 1.20 0.10 1.10 1.33 2.16 1.21 0.20 0.47 0.27 0.40 1.15 0.22 0.79 0.64 0.52 1.10 0.65 0.36 0.28 0.16 0.13 0.14 0.15 0.76 0.04 0.53 0.91 1.36 0.58
24 100000.00 0.15 0.28 0.10 0.10 0.35 0.12 0.26 0.12 0.28 0.24 0.19 0.08 0.19 0.22 0.33 0.35 0.26 0.26 0.28 0.23 0.10 0.28 0.17 0.04 0.19 0.05 0.05 0.14 0.05 0.05 0.06 0.17 0.05 0.07 0.03 0.06 0.09 0.07 0.13 0.16 0.13 0.15 0.10 0.05 0.10 0.04
25 100000.00 0.46 1.79 0.60 1.71 1.77 3.21 2.73 1.60 3.62 1.89 2.78 3.16 0.48 1.59 4.02 2.33 2.91 3.67 0.39 1.94 1.98 3.60 2.19 0.24 1.14 0.24 0.55 0.67 1.84 0.80 0.92 0.79 0.99 0.88 2.00 0.16 0.51 1.75 1.47 0.98 2.23 0.10 1.14 1.15 1.21 0.87
26 100000.00 0.44 0.19 0.19 0.43 1.00 1.09 1.30 0.85 0.64 0.83 1.31 0.89 1.06 0.16 0.70 1.33 0.83 0.09 0.18 0.36 0.43 0.64 1.01 0.10 0.12 0.12 0.14 0.55 100000.00 0.82 0.22 100000.00 0.26 0.55 0.22 0.29 100000.00 0.49 0.40 100000.00 0.06 0.11 100000.00 0.23 0.14 100000.00
27 100000.00 0.48 1.50 0.57 0.48 0.56 0.71 0.07 1.08 1.14 0.85 1.27 0.57 0.16 0.39 0.83 1.54 1.19 0.32 0.22 1.26 0.39 0.19 0.63 0.19 0.98 0.16 0.28 0.36 0.49 0.03 0.59 0.28 0.27 0.81 0.15 0.10 0.21 0.47 0.72 0.45 0.12 0.07 0.86 0.21 0.09 0.34
28 100000.00 0.87 1.25 0.52 1.80 1.46 0.53 0.14 1.12 2.32 1.90 2.29 1.21 1.25 1.93 0.44 2.32 2.05 0.20 1.55 0.17 1.39 1.82 0.93 0.57 0.84 0.13 0.42 1.00 0.19 0.05 0.36 1.43 1.15 1.02 0.28 0.69 0.67 0.14 0.57 0.73 0.06 0.61 0.08 0.28 1.00 0.40
29 100000.00 0.57 0.28 0.32 0.26 0.46 0.61 0.34 0.64 0.82 0.66 0.46 0.07 0.09 0.35 0.37 0.88 0.56 0.52 0.71 0.28 0.69 0.37 0.13 0.38 0.15 0.15 0.10 100000.00 100000.00 0.19 0.39 0.39 0.43 100000.00 0.02 0.03 100000.00 100000.00 0.34 0.21 0.15 0.25 0.08 0.30 0.23 0.04
30 100000.00 0.13 0.16 0.17 0.08 0.16 0.25 0.37 0.19 0.25 0.10 0.34 0.16 0.28 0.23 0.37 0.28 0.14 0.07 0.25 0.34 0.29 0.37 0.23 100000.00 0.10 0.11 0.02 0.11 0.10 100000.00 0.06 100000.00 0.05 0.09 0.04 0.08 0.07 0.15 0.10 0.06 0.04 0.17 0.11 100000.00 0.10 100000.00
31 100000.00 0.53 0.74 0.41 0.29 0.32 0.77 0.52 0.19 0.68 0.44 0.40 0.11 0.25 0.69 0.22 0.22 0.81 0.13 0.10 0.83 0.32 0.77 0.11 0.29 0.48 0.24 0.15 0.13 0.33 0.24 0.04 0.40 0.15 0.24 0.04 0.09 0.45 0.09 0.12 0.39 0.09 0.05 0.32 0.11 0.46 0.05
32 100000.00 0.65 0.55 1.04 0.37 0.82 1.57 1.12 1.48 0.15 1.20 0.58 0.31 0.06 1.26 1.66 1.66 0.22 0.37 0.21 0.18 0.92 1.58 0.59 0.15 0.23 0.63 0.16 0.55 0.71 0.47 0.59 0.04 0.81 0.37 0.10 0.03 0.41 0.71 0.64 0.13 0.18 0.06 0.12 0.24 0.71 0.17
33 100000.00 0.85 1.73 1.79 0.12 1.12 1.21 1.99 0.05 0.05 1.84 1.34 1.30 1.62 1.18 1.01 1.67 1.23 1.76 1.76 0.73 0.64 0.35 1.64 0.32 0.97 0.57 0.03 0.38 0.63 0.49 0.02 0.01 1.27 0.88 0.57 0.97 0.77 0.24 0.76 0.40 0.49 0.99 0.31 0.30 0.22 1.08
34 100000.00 0.35 0.44 0.48 0.98 1.07 0.87 0.82 1.16 0.07 0.07 0.98 0.75 0.57 0.70 0.11 1.05 0.21 0.48 1.19 0.46 0.09 0.39 0.70 0.10 0.13 0.21 0.38 0.33 0.35 0.51 0.33 0.02 0.02 0.36 0.28 0.21 0.15 0.06 0.44 0.13 0.26 0.80 0.17 0.06 0.14 0.28
35 100000.00 0.23 0.91 0.21 0.34 0.55 0.23 0.23 0.81 0.76 0.37 0.16 0.30 0.86 0.46 0.64 0.41 0.69 0.60 0.57 0.66 0.72 0.34 0.16 0.07 0.41 0.06 0.09 0.23 0.08 0.05 0.39 0.20 0.19 0.09 0.14 0.44 0.29 0.30 0.18 0.36 0.21 0.22 0.35 0.39 0.07 0.06
36 100000.00 0.75 0.90 0.68 0.08 0.24 1.06 0.99 0.74 0.40 0.64 0.38 0.17 0.85 0.71 1.01 0.38 0.42 0.90 0.76 0.35 0.12 0.08 0.08 0.49 0.23 0.46 0.05 0.12 0.33 0.50 0.24 0.14 0.22 0.23 0.07 0.47 0.32 0.46 0.19 0.24 0.21 0.50 0.19 0.05 0.02 0.05
37 100000.00 0.06 0.06 0.04 0.06 0.06 0.08 0.06 0.08 0.08 0.04 0.06 0.04 0.06 0.06 0.08 0.06 0.06 0.06 0.08 0.06 0.04 0.06 0.06 0.01 100000.00 0.02 0.01 0.03 0.03 100000.00 0.04 100000.00 0.03 0.03 0.02 0.04 0.03 0.06 0.02 0.02 100000.00 0.03 100000.00 100000.00 0.03 0.04
38 100000.00 0.04 0.07 0.04 0.04 0.07 0.07 0.06 0.06 0.06 0.04 0.06 0.04 0.06 0.04 0.07 0.07 0.04 0.07 0.06 0.06 0.04 0.07 0.04 0.02 0.02 0.02 0.01 0.04 0.04 0.03 0.04 0.04 0.01 0.04 0.03 0.02 0.01 0.04 0.04 0.03 0.02 0.02 0.02 0.02 0.04 0.01
39 100000.00 0.12 0.08 0.06 0.12 0.11 0.14 0.08 0.11 0.11 0.06 0.14 0.09 0.14 0.09 0.11 0.08 0.09 0.08 0.11 0.14 0.06 0.11 0.06 0.07 0.04 0.03 0.07 0.05 0.09 0.02 0.03 0.03 0.04 0.08 0.04 0.09 0.02 0.03 0.02 0.06 0.05 0.04 0.03 0.04 0.03 0.04
40 100000.00 0.15 0.45 0.18 0.15 0.34 0.36 0.06 0.18 0.39 0.28 0.39 0.06 0.24 0.16 0.12 0.21 0.25 0.15 0.24 0.33 0.12 0.37 0.34 0.06 0.25 0.06 0.06 0.15 0.09 0.01 0.07 0.12 0.14 0.13 0.02 0.16 0.09 0.05 0.11 0.14 0.06 0.13 0.22 0.04 0.16 0.11
41 100000.00 0.30 0.20 0.30 0.29 0.44 0.10 0.29 0.47 0.50 0.42 0.41 0.11 0.29 0.36 0.29 0.35 0.32 0.07 0.29 0.32 0.11 0.23 0.05 0.20 0.12 0.13 0.16 0.27 0.06 0.13 0.32 0.24 0.19 0.28 0.07 0.09 0.14 0.16 0.15 0.15 0.03 0.10 0.07 0.08 0.11 0.02
42 100000.00 0.37 0.16 0.34 0.09 0.59 0.23 0.06 0.29 0.09 0.05 0.39 0.14 0.52 0.32 0.50 0.18 0.46 0.46 0.32 0.52 0.11 0.18 0.48 0.17 0.03 0.19 0.02 0.36 0.12 0.01 0.10 0.03 0.02 0.12 0.06 0.16 0.07 0.17 0.05 0.25 0.12 0.20 0.18 0.06 0.08 0.17
43 100000.00 0.30 0.48 0.13 0.43 0.43 0.20 0.09 0.36 0.13 0.27 0.18 0.07 0.45 0.18 0.32 0.52 0.20 0.06 0.16 0.41 0.04 0.45 0.30 0.12 0.20 100000.00 0.18 100000.00 0.06 0.03 0.17 100000.00 0.12 0.05 0.02 0.11 0.10 100000.00 0.30 100000.00 100000.00 0.07 0.18 100000.00 0.26 0.11
44 100000.00 0.70 0.62 0.45 0.92 0.35 1.48 0.65 1.42 1.27 0.86 1.15 0.05 0.83 0.89 0.14 1.24 1.08 0.10 0.29 1.15 0.95 0.62 0.95 0.40 100000.00 100000.00 0.20 0.20 0.53 100000.00 0.61 0.68 0.30 100000.00 0.04 0.55 100000.00 0.06 100000.00 100000.00 100000.00 0.14 0.73 0.39 0.37 0.52
45 100000.00 0.51 0.16 0.14 0.67 0.13 0.62 0.32 0.20 0.34 0.21 0.64 0.51 0.62 0.35 0.13 0.25 0.07 0.66 0.36 0.11 0.48 0.36 0.65 0.21 0.10 0.08 0.21 0.07 0.20 0.08 0.14 0.09 0.09 0.16 0.19 0.28 0.17 0.04 0.11 0.03 0.21 0.16 0.02 0.24 0.16 0.35
46 100000.00 2.22 1.69 0.07 1.90 2.17 0.61 2.23 1.72 2.63 1.86 1.18 1.17 1.51 1.68 0.46 1.66 1.83 1.75 1.90 0.61 1.23 1.96 1.44 0.50 0.62 0.03 1.25 0.71 0.41 0.59 1.11 1.16 0.58 0.55 0.58 0.46 1.16 0.25 0.67 0.77 1.15 1.00 0.20 0.59 0.95 0.60
47 100000.00 0.63 0.12 0.40 1.00 1.92 1.76 1.87 1.04 1.76 0.19 1.78 1.09 0.26 0.51 1.07 0.84 1.78 0.26 0.58 0.72 0.33 0.93 1.34 0.32 0.06 0.21 0.39 1.09 0.96 1.06 0.65 1.18 0.07 0.95 0.39 0.08 0.35 0.53 0.55 1.12 0.14 0.34 0.41 0.22 0.20 0.33
48 100000.00 0.65 1.49 0.27 0.93 0.54 0.45 1.16 0.29 0.66 0.04 1.14 0.82 0.17 0.75 0.54 1.39 0.18 0.86 0.06 0.47 0.20 1.37 0.39 0.23 0.34 0.07 0.31 0.11 100000.00 0.34 0.06 0.33 0.02 0.64 0.35 100000.00 0.36 100000.00 100000.00 0.12 0.51 0.02 0.19 100000.00 0.57 0.18
49 100000.00 0.82 1.27 0.07 1.38 1.57 1.60 0.24 1.93 0.42 1.23 0.58 1.35 1.21 0.65 0.85 0.70 0.62 0.28 0.64 1.69 0.47 1.45 1.64 0.46 0.38 0.02 0.32 1.05 1.07 0.07 0.82 0.26 0.61 0.20 0.57 0.54 0.16 0.54 0.45 0.18 0.14 0.29 0.97 0.22 0.34 0.37
50 100000.00 0.78 0.71 0.10 0.82 1.20 0.31 0.61 0.52 0.83 1.00 0.71 0.35 1.35 0.13 0.07 0.82 0.97 0.71 1.41 0.28 0.97 0.28 0.29 0.48 0.16 0.03 0.55 0.58 0.12 0.13 0.37 0.38 0.42 0.38 0.15 0.62 0.09 0.05 0.30 0.44 0.27 0.51 0.17 0.27 0.12 0.18
51 100000.00 0.03 0.05 0.06 0.12 0.27 0.33 0.36 0.27 0.11 0.12 0.27 0.12 0.15 0.21 0.33 0.33 0.22 0.05 0.12 0.05 0.19 0.15 0.30 0.02 0.02 0.03 0.08 0.12 0.11 0.12 0.10 0.06 0.03 0.09 0.08 0.04 0.08 0.08 0.15 0.05 0.02 0.04 0.01 0.06 0.07 0.11
52 100000.00 0.40 0.06 0.13 0.28 0.73 0.85 0.73 0.12 0.36 0.65 0.06 0.52 0.36 0.12 0.64 0.21 0.28 0.31 0.39 0.67 0.28 0.48 0.04 0.15 0.02 0.04 0.14 0.47 0.24 0.36 0.03 0.18 0.28 0.02 0.17 0.25 0.05 0.21 0.11 0.15 0.11 0.26 0.14 0.10 0.31 0.02
53 100000.00 0.60 1.52 0.48 0.81 0.43 0.86 1.16 1.19 0.37 0.32 1.44 0.63 0.83 0.81 0.64 0.74 0.60 0.92 0.62 0.25 0.14 0.82 0.88 0.34 1.04 0.29 100000.00 100000.00 0.25 100000.00 0.82 0.20 100000.00 0.86 0.42 0.23 0.37 0.34 0.42 0.21 0.49 0.32 0.11 0.04 0.23 100000.00
54 100000.00 1.73 1.23 1.42 0.44 2.42 1.26 1.93 2.33 3.92 1.30 3.28 0.07 0.13 2.63 1.35 4.13 0.56 2.54 2.69 2.97 2.53 0.68 1.24 0.68 0.41 0.81 0.12 1.68 0.87 0.65 0.52 1.23 0.67 0.80 0.02 0.08 0.97 0.86 2.52 0.30 1.74 0.66 1.92 1.64 0.33 0.64
55 100000.00 0.04 0.84 0.20 0.76 0.06 0.08 0.90 0.86 0.59 0.47 0.22 0.50 0.63 0.36 0.95 0.50 0.67 1.02 0.20 0.86 0.34 1.05 0.65 0.01 0.21 0.11 0.51 0.03 0.03 0.30 0.45 0.14 0.31 0.08 0.27 0.31 0.09 0.36 0.25 0.27 0.66 0.11 0.57 0.17 0.54 0.40
56 100000.00 1.29 0.29 0.99 1.05 1.24 2.25 0.56 0.68 1.54 0.93 0.62 0.89 1.33 0.21 1.69 1.81 0.11 0.78 1.95 0.74 0.36 0.59 1.41 0.58 0.08 0.53 0.39 0.55 1.05 0.16 0.19 0.91 0.37 0.32 0.55 0.70 0.07 0.89 0.67 0.05 0.51 1.10 0.26 0.09 0.28 0.98
57 100000.00 0.18 0.44 0.08 0.24 0.56 0.44 0.41 0.65 0.17 0.27 0.07 0.18 0.53 0.08 0.53 0.56 0.51 0.44 0.35 0.47 0.30 0.47 0.45 0.10 100000.00 0.05 100000.00 100000.00 100000.00 0.26 0.36 100000.00 0.18 0.03 0.06 100000.00 0.04 100000.00 100000.00 0.27 0.24 0.11 100000.00 100000.00 0.23 0.23
58 100000.00 0.16 0.07 0.17 0.13 0.10 0.16 0.19 0.16 0.19 0.14 0.10 0.20 0.10 0.17 0.10 0.22 0.20 0.19 0.16 0.16 0.10 0.07 0.04 0.06 0.04 0.12 0.08 0.02 0.05 0.09 0.06 0.09 0.04 0.07 0.09 0.05 0.10 0.03 0.08 0.11 0.11 0.09 0.05 0.04 0.04 0.02
59 100000.00 0.29 0.15 0.22 0.28 0.15 0.19 0.40 0.49 0.52 0.28 0.21 0.16 0.18 0.13 0.46 0.22 0.19 0.06 0.28 0.52 0.28 0.22 0.31 0.08 0.07 0.06 0.16 0.04 0.05 0.15 0.31 0.13 0.09 0.14 0.08 0.06 0.07 0.13 0.09 0.07 0.03 0.14 0.21 0.17 0.12 0.11
60 100000.00 0.31 0.24 0.82 0.71 1.05 0.40 0.73 0.67 0.09 0.09 0.24 0.31 0.18 0.82 0.15 0.70 0.88 0.99 0.06 0.67 0.28 0.61 0.82 100000.00 0.10 100000.00 100000.00 100000.00 100000.00 100000.00 0.37 0.06 0.03 0.10 0.13 0.10 100000.00 100000.00 100000.00 100000.00 0.22 0.04 0.34 100000.00 100000.00 0.32
61 100000.00 0.42 0.83 0.24 0.18 0.14 0.72 0.81 0.08 0.59 0.27 0.50 0.27 0.23 0.48 0.53 0.62 0.21 0.53 0.81 0.14 0.15 0.39 0.21 0.09 0.42 0.08 100000.00 0.05 0.44 0.49 0.02 100000.00 0.16 100000.00 0.14 0.14 100000.00 100000.00 0.35 0.06 0.20 0.18 0.04 0.03 0.15 0.09
62 100000.00 0.50 0.37 0.60 0.04 0.55 0.16 0.25 0.10 0.31 0.23 0.40 0.07 0.10 0.35 0.86 0.71 0.69 0.77 0.25 0.40 0.66 0.85 0.10 0.32 0.15 0.32 0.03 0.28 0.03 0.13 0.06 0.16 0.09 0.25 0.04 0.06 0.21 0.33 0.39 0.37 0.51 0.16 0.09 0.43 0.52 0.06
63 100000.00 0.29 5.36 1.73 3.51 4.91 0.61 3.80 3.49 3.37 1.40 3.22 0.72 1.53 1.76 5.27 2.82 4.27 2.97 0.65 0.34 4.06 5.12 3.20 0.11 3.10 0.58 1.81 1.78 0.24 0.84 1.95 2.06 0.32 1.35 0.38 0.62 1.10 3.15 1.73 2.26 0.89 0.26 0.17 2.13 2.60 0.90
64 100000.00 0.51 0.67 0.25 0.53 0.69 0.32 0.76 0.07 0.62 0.35 0.64 0.53 0.39 0.14 0.46 0.44 0.07 0.11 0.27 0.11 0.39 0.27 0.46 0.31 0.44 0.14 0.33 0.19 0.09 0.28 0.04 0.20 0.22 0.34 0.29 0.24 0.03 0.18 0.26 0.04 0.04 0.12 0.03 0.15 0.11 0.13
65 100000.00 0.08 0.25 0.32 0.08 0.22 0.44 0.25 0.37 0.22 0.26 0.31 0.11 0.22 0.29 0.13 0.25 0.29 0.25 0.37 0.37 0.32 0.19 0.29 0.02 0.09 0.19 0.02 0.08 0.17 0.11 0.17 0.14 0.07 0.18 0.05 0.08 0.06 0.08 0.07 0.09 0.17 0.26 0.15 0.08 0.06 0.11
66 100000.00 0.05 0.14 0.30 0.11 0.10 0.07 0.74 0.44 0.10 0.11 0.38 0.69 0.35 0.33 0.53 0.74 0.14 0.71 0.10 0.83 0.27 0.23 0.66 0.03 0.08 0.11 0.06 0.04 0.05 0.49 0.18 0.05 0.06 0.16 0.39 0.20 0.08 0.17 0.25 0.07 0.39 0.03 0.43 0.18 0.13 0.43
67 100000.00 0.10 0.08 0.15 0.29 0.26 0.42 0.47 0.47 0.19 0.22 0.17 0.22 0.40 0.38 0.08 0.38 0.06 0.35 0.26 0.12 0.24 0.47 0.31 0.04 0.05 0.06 0.18 0.15 0.11 0.13 0.16 0.06 0.15 0.09 0.06 0.18 0.24 0.05 0.16 0.02 0.21 0.18 0.03 0.16 0.11 0.17
68 100000.00 0.67 0.65 0.92 0.27 1.60 1.26 1.31 0.08 0.83 0.15 0.85 0.06 1.64 0.71 1.01 0.45 0.90 0.26 0.33 0.36 0.43 0.85 1.32 0.40 0.39 0.64 0.12 0.40 0.46 100000.00 0.03 0.34 0.03 0.25 0.02 0.52 0.47 0.39 100000.00 0.32 0.15 0.18 100000.00 0.28 100000.00 100000.00
69 100000.00 0.50 0.53 0.23 0.17 0.35 0.71 0.10 0.19 0.13 0.13 0.62 0.05 0.31 0.47 0.22 0.65 0.26 0.29 0.22 0.40 0.41 0.10 0.60 0.10 0.11 0.09 0.08 0.15 100000.00 0.03 0.11 0.05 0.04 0.18 0.03 100000.00 0.11 0.08 0.43 0.06 0.08 0.14 0.23 0.15 100000.00 0.12
70 100000.00 0.31 0.57 0.65 0.25 0.79 0.57 0.08 0.81 0.17 0.50 0.57 0.40 0.45 0.09 0.42 0.87 0.09 0.27 0.39 0.72 0.25 0.30 0.15 0.10 0.15 0.16 0.15 0.41 0.36 0.03 0.39 0.05 0.34 0.39 0.24 0.25 0.05 0.22 0.45 0.03 0.11 0.20 0.33 0.07 0.16 0.10
<task rigidity>
1 2
2 1
3 3
4 2
5 8
6 3
7 5
8 6
9 8
10 1
11 8
12 4
13 7
14 6
15 2
16 7
17 4
18 7
19 10
20 7
21 4
22 6
23 4
24 3
25 1
26 6
27 3
28 6
29 8
30 4
31 1
32 2
33 6
34 2
35 6
36 9
37 9
38 2
39 4
40 4
41 6
42 7
43 5
44 10
45 4
46 5
47 5
48 5
49 7
50 5
51 1
52 4
53 7
54 1
55 7
56 9
57 8
58 5
59 7
60 5
61 1
62 2
63 9
64 2
65 5
66 9
67 4
68 6
69 5
70 1
<precedence relations>
1,2
1,41
1,69
1,70
2,3
3,4
3,68
4,6
4,7
5,6
5,24
5,30
6,8
7,8
8,12
9,10
10,11
11,12
12,13
12,14
13,23
14,23
15,16
16,17
16,18
17,19
18,19
19,20
19,22
19,57
20,21
21,23
22,23
23,25
23,31
23,33
24,25
25,26
25,27
25,28
25,29
26,35
27,35
28,35
29,35
30,31
31,32
32,35
33,34
34,35
35,36
35,44
35,48
35,51
35,53
35,56
35,60
35,61
35,62
36,37
37,38
38,39
39,40
40,42
41,42
42,43
43,50
44,45
45,46
46,47
47,50
48,49
49,50
51,52
52,54
53,54
54,55
57,58
58,59
59,60
61,65
62,63
63,64
64,65
64,66
64,67
<end>