<number of tasks>
70
<number of stations>
8
<number of workers>
8
<type of the robots>
1
<limit of the robots>
2
<task times>
1 22 16 10 3 11 16 7 16 3 11 7 2 7 11 5 10 3
2 100000 32 54 27 33 25 18 34 15 21 34 100000 100000 100000 13 100000 10
3 71 11 33 19 18 5 22 9 52 7 23 13 13 4 14 7 37
4 69 30 51 50 26 23 33 28 51 21 32 32 17 15 21 18 33
5 8 5 3 6 1 3 5 3 1 4 2 4 1 2 4 3 1
6 123 13 30 88 48 60 76 29 29 8 19 60 30 39 51 18 20
7 28 18 21 1 18 14 17 18 20 13 15 1 12 9 11 13 13
8 166 31 38 81 62 85 53 87 72 22 24 57 43 60 38 59 47
9 94 35 57 14 52 12 41 32 62 23 36 10 35 9 27 21 40
10 93 52 13 48 11 25 52 59 44 32 8 30 7 17 35 37 28
11 113 10 83 39 28 75 63 72 77 7 50 25 18 46 38 49 48
12 100000 1 7 12 12 9 17 21 16 100000 5 9 8 6 12 14 10
13 100000 54 130 66 7 108 114 4 119 33 87 42 100000 66 74 3 82
14 100000 21 128 112 135 18 41 36 38 100000 80 79 100000 100000 26 24 100000
15 129 54 22 92 6 68 67 34 47 34 15 63 4 45 43 24 32
16 120 63 77 2 44 89 41 15 17 40 50 2 30 61 28 10 12
17 68 10 25 12 44 29 6 21 39 7 18 8 27 20 5 13 27
18 100000 127 28 55 102 93 93 110 130 100000 19 100000 69 61 60 68 87
19 100000 3 13 2 4 10 14 16 18 3 100000 2 3 7 100000 10 12
20 74 9 25 33 6 9 11 14 16 7 16 21 4 7 8 9 10
21 100000 49 46 45 10 29 25 50 19 33 100000 100000 7 18 100000 34 12
22 55 37 26 29 11 39 35 14 29 26 18 18 7 26 23 10 19
23 94 22 16 1 53 25 46 50 7 15 10 1 37 17 31 33 5
24 100000 6 3 9 10 3 8 1 4 4 2 6 100000 100000 6 1 100000
25 200 8 21 6 43 86 142 3 125 6 13 4 28 56 94 2 77
26 54 1 4 17 17 4 27 41 27 1 3 12 12 3 19 28 18
27 100000 38 38 17 45 23 2 25 8 25 100000 12 28 15 2 17 100000
28 100000 54 35 22 12 34 44 20 51 34 100000 15 100000 22 30 13 34
29 36 17 23 25 3 16 22 1 24 12 16 16 2 11 14 1 16
30 14 4 7 2 11 4 4 8 7 3 5 2 7 3 3 6 5
31 100000 24 16 6 12 2 7 1 27 16 11 100000 8 100000 100000 1 17
32 100000 30 16 26 44 46 23 35 49 100000 10 18 28 100000 15 22 31
33 138 98 17 71 2 1 90 13 38 65 12 45 2 1 55 9 27
34 62 34 32 2 39 28 44 45 13 23 22 2 25 18 30 31 9
35 46 13 17 18 28 22 35 4 28 9 12 12 20 15 23 3 19
36 53 5 28 13 7 40 40 9 14 4 20 9 5 28 25 7 10
37 2 2 2 2 2 1 1 2 1 2 2 2 2 1 1 2 1
38 1 1 1 1 1 1 1 1 1 1 1 1 1 1 1 1 1
39 3 2 2 3 3 3 1 1 2 2 2 2 2 2 1 1 2
40 17 8 4 3 13 9 3 5 1 5 3 3 9 6 3 4 1
41 100000 6 15 1 13 1 11 15 6 100000 10 100000 8 1 8 11 5
42 33 18 15 2 25 15 3 24 16 13 10 2 18 10 2 17 10
43 100000 8 19 15 6 20 2 14 12 100000 13 100000 100000 14 100000 9 9
44 57 42 30 36 36 22 34 7 11 30 19 24 23 15 22 5 7
45 41 27 23 5 15 7 13 26 1 18 15 4 11 5 8 18 1
46 113 80 14 78 79 81 40 22 59 53 9 52 52 57 26 15 40
47 118 7 46 62 77 55 68 74 17 5 32 43 48 39 46 51 11
48 76 33 16 5 32 27 3 52 22 23 11 4 22 17 3 33 15
49 100000 27 53 51 42 7 53 32 16 18 100000 100000 28 5 36 21 11
50 100000 28 2 35 24 3 31 14 32 19 2 100000 100000 100000 21 9 22
51 15 9 6 10 7 6 1 2 3 6 5 7 5 4 1 2 2
52 100000 1 9 11 19 23 23 24 16 1 7 100000 12 16 100000 17 11
53 100000 7 13 4 36 20 37 31 20 5 9 3 100000 100000 26 21 13
54 100000 45 20 93 80 68 61 36 75 100000 13 60 54 100000 38 23 49
55 49 37 16 28 31 30 14 28 11 25 10 20 21 20 10 18 8
56 90 5 11 45 43 43 20 48 60 4 7 30 28 30 13 30 41
57 29 19 14 3 1 2 11 7 6 13 9 3 1 2 8 5 4
58 100000 2 5 1 1 6 3 6 7 2 4 1 1 5 3 4 100000
59 20 7 3 13 7 4 10 12 14 5 2 9 5 3 7 9 10
60 44 11 28 4 30 5 22 11 6 7 18 3 19 4 15 8 4
61 35 23 6 11 11 24 24 22 16 16 5 7 8 16 17 14 11
62 35 13 25 22 9 22 14 25 22 8 17 14 6 15 9 17 14
63 100000 26 125 88 75 92 46 155 94 18 78 100000 100000 100000 29 100000 59
64 36 18 23 6 27 7 22 16 23 11 16 4 19 5 16 11 16
65 19 14 11 7 14 14 4 9 10 10 8 5 10 10 3 7 7
66 35 23 11 1 23 9 15 3 4 16 8 1 15 6 10 2 3
67 100000 4 1 16 14 2 10 3 7 3 1 11 100000 2 7 2 5
68 99 57 64 49 20 66 14 16 19 36 44 30 14 45 10 10 13
69 100000 3 12 3 5 7 3 15 19 100000 8 2 4 5 100000 10 12
70 100000 22 27 7 27 2 2 6 13 15 18 100000 19 2 2 4 8
<posture of tasks>
1 0
2 0
3 1
4 1
5 1
6 1
7 1
8 1
9 1
10 1
11 1
12 1
13 1
14 1
15 1
16 0
17 1
18 0
19 1
20 1
21 1
22 0
23 1
24 1
25 0
26 1
27 1
28 1
29 0
30 1
31 0
32 1
33 0
34 1
35 1
36 1
37 0
38 1
39 1
40 1
41 0
42 1
43 0
44 1
45 1
46 1
47 1
48 0
49 1
50 1
51 1
52 1
53 0
54 0
55 1
56 1
57 1
58 0
59 1
60 1
61 0
62 1
63 0
64 1
65 0
66 1
67 1
68 1
69 0
70 0
<max energy cosumption of alternatives>
1 100000.00
2 2.33
3 3.01
4 5.47
5 2.72
6 5.17
7 2.83
8 4.59
9 4.69
<energy cosumption of alternatives>
1 100000.00 0.35 0.21 0.11 0.25 0.41 0.16 0.41 0.11 0.17 0.05 0.03 0.13 0.28 0.05 0.09 0.05
2 100000.00 0.69 1.03 0.68 0.71 0.61 0.36 0.90 0.38 0.30 0.64 100000.00 100000.00 100000.00 0.18 100000.00 0.13
3 100000.00 0.31 0.86 0.64 0.50 0.18 0.56 0.31 1.66 0.07 0.55 0.41 0.20 0.05 0.29 0.17 0.86
4 100000.00 0.87 1.31 1.70 0.69 0.73 0.88 0.98 1.65 0.51 0.28 0.85 0.22 0.36 0.22 0.38 1.10
5 100000.00 0.18 0.12 0.24 0.06 0.14 0.16 0.14 0.08 0.12 0.08 0.10 0.04 0.06 0.04 0.07 0.05
6 100000.00 0.36 0.83 3.09 1.35 2.01 2.01 1.03 1.00 0.16 0.49 2.01 0.87 1.15 0.95 0.55 0.68
7 100000.00 0.49 0.52 0.06 0.49 0.45 0.43 0.58 0.64 0.24 0.32 0.02 0.15 0.30 0.17 0.20 0.32
8 100000.00 0.87 0.99 2.76 1.73 2.79 1.36 2.97 2.34 0.50 0.49 1.25 0.67 1.71 0.92 2.05 1.44
9 100000.00 1.00 1.50 0.47 1.43 0.40 1.09 1.11 2.06 0.37 0.82 0.14 0.41 0.21 0.53 0.72 0.67
10 100000.00 1.44 0.33 1.67 0.32 0.80 1.36 2.06 1.46 0.90 0.16 0.87 0.20 0.52 0.62 1.38 0.88
11 100000.00 0.31 2.27 1.39 0.86 2.52 1.75 2.52 2.58 0.11 1.11 0.88 0.56 1.56 0.48 1.40 1.51
12 100000.00 0.05 0.20 0.41 0.35 0.32 0.45 0.71 0.53 100000.00 0.12 0.12 0.24 0.18 0.23 0.46 0.21
13 100000.00 1.49 3.37 2.31 0.20 3.54 3.06 0.16 3.95 0.71 0.73 1.35 100000.00 1.12 1.62 0.08 1.05
14 100000.00 0.57 3.37 3.97 3.79 0.59 1.11 1.25 1.27 100000.00 2.33 1.81 100000.00 100000.00 0.42 0.68 100000.00
15 100000.00 1.47 0.53 3.18 0.19 2.21 1.75 1.15 1.52 0.41 0.22 1.55 0.12 1.35 0.36 0.38 0.74
16 100000.00 1.42 1.57 0.10 0.97 2.35 0.87 0.39 0.44 0.53 0.38 0.03 0.66 1.11 0.36 0.08 0.27
17 100000.00 0.29 0.63 0.41 1.21 0.98 0.17 0.70 1.29 0.20 0.25 0.21 0.34 0.63 0.10 0.36 0.29
18 100000.00 2.64 0.56 1.43 2.13 2.31 1.83 2.84 3.21 100000.00 0.18 100000.00 1.22 1.05 1.16 0.78 1.82
19 100000.00 0.11 0.33 0.10 0.14 0.34 0.36 0.53 0.59 0.03 100000.00 0.04 0.04 0.24 100000.00 0.25 0.15
20 100000.00 0.27 0.64 1.17 0.20 0.32 0.30 0.47 0.53 0.16 0.35 0.59 0.10 0.08 0.16 0.11 0.20
21 100000.00 1.33 1.17 1.55 0.28 0.97 0.62 1.67 0.61 0.89 100000.00 100000.00 0.13 0.35 100000.00 0.97 0.36
22 100000.00 0.79 0.47 0.79 0.25 0.99 0.72 0.36 0.76 0.43 0.19 0.34 0.05 0.59 0.23 0.24 0.23
23 100000.00 0.60 0.42 0.07 1.47 0.80 1.22 1.69 0.25 0.17 0.16 0.04 0.64 0.49 0.25 1.17 0.11
24 100000.00 0.21 0.12 0.33 0.31 0.14 0.24 0.08 0.17 0.09 0.04 0.21 100000.00 100000.00 0.09 0.03 100000.00
25 100000.00 0.20 0.43 0.19 0.95 2.32 3.06 0.12 3.31 0.08 0.20 0.05 0.42 1.35 2.11 0.04 1.29
26 100000.00 0.04 0.13 0.58 0.47 0.15 0.68 1.40 0.85 0.02 0.06 0.14 0.30 0.06 0.41 0.85 0.49
27 100000.00 1.05 0.99 0.58 1.23 0.73 0.07 0.82 0.28 0.73 100000.00 0.27 0.54 0.41 0.03 0.26 100000.00
28 100000.00 1.52 0.95 0.75 0.36 1.17 1.19 0.69 1.69 0.32 100000.00 0.24 100000.00 0.27 0.25 0.45 0.77
29 100000.00 0.37 0.43 0.64 0.09 0.41 0.43 0.06 0.59 0.17 0.12 0.43 0.05 0.13 0.25 0.03 0.41
30 100000.00 0.15 0.21 0.11 0.33 0.17 0.14 0.29 0.26 0.05 0.13 0.07 0.15 0.07 0.05 0.09 0.07
31 100000.00 0.49 0.31 0.17 0.26 0.08 0.15 0.06 0.65 0.18 0.09 100000.00 0.10 100000.00 100000.00 0.02 0.25
32 100000.00 0.87 0.41 0.86 1.21 1.50 0.59 1.20 1.59 100000.00 0.24 0.27 0.35 100000.00 0.35 0.42 0.79
33 100000.00 2.03 0.33 1.84 0.05 0.05 1.77 0.33 0.95 0.73 0.21 0.71 0.04 0.02 0.74 0.19 0.47
34 100000.00 0.95 0.83 0.09 1.08 0.94 1.14 1.52 0.43 0.56 0.31 0.06 0.59 0.26 0.51 0.91 0.14
35 100000.00 0.34 0.43 0.61 0.79 0.70 0.91 0.15 0.93 0.18 0.28 0.20 0.40 0.48 0.41 0.09 0.46
36 100000.00 0.16 0.73 0.43 0.19 1.29 1.04 0.30 0.45 0.09 0.46 0.22 0.10 0.47 0.50 0.17 0.29
37 100000.00 0.05 0.05 0.07 0.05 0.05 0.03 0.07 0.05 0.03 0.02 0.02 0.01 0.02 0.01 0.02 0.02
38 100000.00 0.04 0.04 0.06 0.04 0.06 0.04 0.06 0.06 0.02 0.03 0.02 0.01 0.02 0.03 0.02 0.03
39 100000.00 0.07 0.07 0.12 0.10 0.12 0.04 0.06 0.09 0.03 0.03 0.06 0.06 0.05 0.02 0.01 0.02
40 100000.00 0.24 0.15 0.14 0.37 0.32 0.12 0.20 0.08 0.10 0.06 0.05 0.18 0.14 0.03 0.07 0.03
41 100000.00 0.17 0.30 0.07 0.28 0.07 0.23 0.39 0.18 100000.00 0.19 100000.00 0.20 0.02 0.07 0.16 0.11
42 100000.00 0.51 0.39 0.11 0.67 0.50 0.11 0.80 0.53 0.34 0.09 0.03 0.47 0.24 0.02 0.20 0.33
43 100000.00 0.17 0.35 0.39 0.14 0.48 0.05 0.35 0.30 100000.00 0.10 100000.00 100000.00 0.20 100000.00 0.09 0.09
44 100000.00 1.20 0.84 1.28 1.05 0.71 0.93 0.26 0.38 0.29 0.26 0.26 0.35 0.44 0.40 0.07 0.20
45 100000.00 0.73 0.58 0.20 0.43 0.26 0.36 0.87 0.08 0.21 0.15 0.09 0.11 0.14 0.09 0.58 0.05
46 100000.00 2.16 0.34 2.65 2.13 2.59 1.03 0.73 1.93 1.23 0.15 0.88 0.72 0.69 0.62 0.30 0.46
47 100000.00 0.20 1.20 2.20 2.15 1.82 1.82 2.53 0.56 0.08 0.76 0.68 1.10 0.78 1.23 0.68 0.34
48 100000.00 0.70 0.31 0.15 0.68 0.65 0.08 1.32 0.54 0.34 0.13 0.09 0.14 0.33 0.05 0.59 0.26
49 100000.00 0.71 1.32 1.73 1.16 0.24 1.35 1.09 0.52 0.25 100000.00 100000.00 0.59 0.12 0.66 0.45 0.32
50 100000.00 0.84 0.08 1.26 0.66 0.14 0.87 0.48 1.10 0.40 0.02 100000.00 100000.00 100000.00 0.51 0.23 0.32
51 100000.00 0.27 0.18 0.35 0.21 0.23 0.05 0.11 0.14 0.14 0.09 0.17 0.10 0.09 0.04 0.06 0.06
52 100000.00 0.06 0.25 0.39 0.52 0.75 0.61 0.81 0.54 0.02 0.10 100000.00 0.21 0.30 100000.00 0.45 0.20
53 100000.00 0.16 0.25 0.13 0.80 0.50 0.76 0.84 0.50 0.06 0.14 0.07 100000.00 100000.00 0.45 0.34 0.30
54 100000.00 0.95 0.39 2.51 1.68 1.73 1.24 0.95 1.89 100000.00 0.10 1.55 0.85 100000.00 0.62 0.27 0.91
55 100000.00 1.01 0.40 0.97 0.85 0.99 0.34 0.96 0.36 0.53 0.18 0.26 0.52 0.36 0.22 0.49 0.25
56 100000.00 0.17 0.30 1.58 1.20 1.43 0.51 1.64 2.03 0.04 0.11 0.83 0.41 0.90 0.21 0.74 0.80
57 100000.00 0.50 0.35 0.12 0.04 0.09 0.28 0.24 0.21 0.24 0.08 0.06 0.01 0.05 0.11 0.13 0.14
58 100000.00 0.07 0.12 0.07 0.05 0.18 0.10 0.18 0.20 0.02 0.05 0.02 0.03 0.08 0.04 0.08 100000.00
59 100000.00 0.22 0.12 0.45 0.22 0.18 0.28 0.42 0.48 0.11 0.04 0.15 0.09 0.11 0.10 0.24 0.16
60 100000.00 0.31 0.74 0.15 0.85 0.18 0.56 0.37 0.21 0.10 0.26 0.06 0.20 0.11 0.31 0.24 0.08
61 100000.00 0.49 0.14 0.30 0.26 0.60 0.46 0.57 0.41 0.18 0.06 0.08 0.17 0.37 0.18 0.29 0.18
62 100000.00 0.35 0.62 0.73 0.25 0.70 0.35 0.82 0.70 0.20 0.42 0.20 0.06 0.39 0.12 0.43 0.24
63 100000.00 0.53 2.53 2.43 1.63 2.40 0.95 4.17 2.44 0.27 1.68 100000.00 100000.00 100000.00 0.53 100000.00 0.53
64 100000.00 0.51 0.58 0.23 0.73 0.26 0.58 0.54 0.75 0.30 0.26 0.06 0.50 0.15 0.35 0.14 0.49
65 100000.00 0.30 0.23 0.21 0.30 0.37 0.12 0.25 0.27 0.15 0.11 0.05 0.14 0.08 0.03 0.12 0.18
66 100000.00 0.62 0.29 0.06 0.62 0.31 0.38 0.12 0.15 0.42 0.08 0.03 0.21 0.14 0.24 0.06 0.08
67 100000.00 0.13 0.04 0.54 0.37 0.09 0.25 0.12 0.24 0.08 0.02 0.27 100000.00 0.06 0.15 0.06 0.10
68 100000.00 1.58 1.65 1.66 0.53 2.15 0.35 0.52 0.61 1.02 0.45 0.99 0.32 1.36 0.15 0.14 0.23
69 100000.00 0.10 0.26 0.12 0.14 0.21 0.10 0.39 0.48 100000.00 0.15 0.03 0.10 0.13 100000.00 0.18 0.31
70 100000.00 0.45 0.50 0.20 0.54 0.08 0.06 0.17 0.33 0.22 0.19 100000.00 0.28 0.02 0.04 0.11 0.20
<task rigidity>
1 6
2 9
3 3
4 6
5 5
6 2
7 6
8 9
9 1
10 6
11 4
12 7
13 1
14 4
15 1
16 4
17 3
18 3
19 8
20 6
21 1
22 8
23 4
24 7
25 3
26 9
27 2
28 2
29 3
30 8
31 5
32 2
33 10
34 3
35 5
36 7
37 1
38 10
39 10
40 6
41 8
42 6
43 6
44 6
45 6
46 8
47 1
48 9
49 3
50 6
51 8
52 9
53 8
54 10
55 9
56 6
57 4
58 4
59 7
60 5
61 6
62 8
63 7
64 8
65 7
66 2
67 1
68 2
69 2
70 9
<precedence relations>
1,2
1,41
1,69
1,70
2,3
3,4
3,68
4,6
4,7
5,6
5,24
5,30
6,8
7,8
8,12
9,10
10,11
11,12
12,13
12,14
13,23
14,23
15,16
16,17
16,18
17,19
18,19
19,20
19,22
19,57
20,21
21,23
22,23
23,25
23,31
23,33
24,25
25,26
25,27
25,28
25,29
26,35
27,35
28,35
29,35
30,31
31,32
32,35
33,34
34,35
35,36
35,44
35,48
35,51
35,53
35,56
35,60
35,61
35,62
36,37
37,38
38,39
39,40
40,42
41,42
42,43
43,50
44,45
45,46
46,47
47,50
48,49
49,50
51,52
52,54
53,54
54,55
57,58
58,59
59,60
61,65
62,63
63,64
64,65
64,66
64,67
<end>