<number of tasks>
70
<number of stations>
18
<number of workers>
18
<type of the robots>
1
<limit of the robots>
6
<task times>
1 22 2 17 17 12 1 5 4 15 11 12 10 4 16 1 1 13 14 10 2 12 11 8 1 4 3 10 8 8 7 3 10 1 1 8 9 7
2 90 10 3 48 36 47 48 49 64 65 24 5 33 23 48 25 11 20 59 7 2 31 23 31 30 31 45 42 17 4 22 16 30 17 8 14 41
3 70 52 13 25 4 32 15 17 1 32 13 33 40 41 7 50 14 23 37 33 9 16 3 21 11 12 1 21 8 22 26 25 5 33 10 15 24
4 100000 42 52 43 42 50 6 32 44 51 26 26 34 34 13 6 40 20 22 27 100000 100000 28 35 100000 21 29 36 18 17 23 24 9 5 26 13 14
5 100000 4 4 5 5 6 4 6 2 6 1 4 3 6 2 2 2 2 1 3 3 100000 4 4 3 100000 2 100000 1 3 100000 100000 2 2 2 2 100000
6 115 37 23 54 80 10 14 88 18 28 57 17 38 19 28 69 59 65 84 24 15 33 51 7 10 60 12 20 37 12 27 13 17 43 39 43 54
7 29 13 17 7 2 16 6 8 21 18 12 4 20 1 10 12 14 14 7 8 11 5 2 10 4 6 14 13 9 3 13 1 7 8 10 9 5
8 100000 90 62 45 97 73 66 13 120 73 17 91 5 59 20 118 125 78 88 62 41 30 64 47 100000 9 100000 100000 11 57 4 39 100000 81 77 100000 100000
9 90 22 6 61 61 53 2 19 28 22 13 57 21 34 4 38 62 36 44 15 4 39 42 36 2 13 19 15 8 36 14 23 3 24 39 23 28
10 91 2 41 65 15 47 66 39 20 26 62 22 28 63 48 47 49 28 13 2 28 45 10 30 44 27 14 17 41 16 18 42 31 32 33 20 9
11 110 61 75 7 52 72 54 2 5 78 50 55 58 54 26 47 40 18 41 43 50 5 35 50 38 2 4 53 35 37 39 38 16 33 26 12 26
12 28 3 21 3 18 20 18 4 11 12 10 18 3 11 15 21 17 11 19 3 14 3 13 14 11 3 8 9 7 12 2 8 10 13 11 7 12
13 179 110 113 47 120 61 9 48 131 122 75 66 76 126 29 64 50 87 3 72 72 29 75 37 7 33 86 85 52 43 53 81 18 43 33 60 3
14 100000 18 78 80 68 88 52 132 56 13 98 16 58 74 74 110 20 127 56 13 100000 100000 47 59 34 100000 37 9 100000 11 100000 52 100000 67 14 77 35
15 125 48 8 28 26 36 80 8 68 82 63 86 70 94 7 48 26 72 44 31 5 17 17 25 55 6 47 54 43 53 44 62 5 30 16 51 28
16 119 29 66 15 86 66 54 19 72 14 33 26 17 19 26 89 9 46 11 20 47 10 55 45 35 13 46 10 23 17 12 12 17 62 7 32 8
17 68 19 4 3 48 9 42 33 23 9 48 32 41 21 9 37 14 35 22 12 3 2 32 7 27 23 15 6 30 21 29 14 6 25 10 25 15
18 198 105 85 80 107 128 43 60 21 84 125 9 11 133 48 105 21 135 79 71 57 55 66 85 29 40 15 58 85 6 8 82 34 70 14 90 55
19 100000 2 4 4 17 6 9 5 6 3 19 12 9 1 11 13 11 14 3 2 3 3 12 4 7 4 100000 100000 100000 100000 7 1 100000 9 8 10 2
20 70 3 34 15 6 41 24 54 19 53 3 27 1 42 26 23 13 33 51 3 23 11 5 28 17 36 12 36 2 18 1 26 16 16 8 21 34
21 66 26 4 36 43 12 13 10 8 5 44 7 34 13 28 6 23 17 16 16 3 23 28 8 9 7 6 4 29 5 23 9 19 4 15 12 11
22 54 29 25 27 31 22 6 17 2 34 32 26 22 3 23 22 15 24 15 19 16 18 20 15 5 11 2 23 22 16 14 2 16 15 10 16 10
23 100000 70 13 10 19 54 48 9 19 9 15 44 73 16 23 11 6 39 16 48 100000 7 13 100000 31 100000 100000 100000 10 30 49 100000 16 100000 4 27 10
24 16 10 9 5 6 12 11 2 6 10 8 7 1 4 9 2 3 1 1 7 7 4 4 9 8 2 4 7 6 5 1 3 7 2 2 1 1
25 207 152 129 24 39 118 79 137 57 151 114 84 128 112 38 21 103 113 133 94 87 16 25 77 51 94 38 104 74 59 80 71 26 14 72 74 88
26 54 42 19 12 29 20 19 41 15 28 27 32 38 38 22 4 18 26 5 28 14 8 18 13 12 26 10 18 19 23 26 25 15 3 12 17 4
27 60 16 21 40 3 13 3 5 34 2 19 44 8 16 33 32 44 10 26 11 14 25 2 8 2 4 22 2 13 28 5 10 20 22 27 7 18
28 103 62 36 12 9 14 8 72 56 52 60 2 37 27 20 66 34 55 41 41 25 9 7 9 5 49 39 34 42 2 24 18 13 44 23 35 27
29 36 6 12 2 16 18 21 15 24 21 9 10 14 18 16 13 15 25 2 5 8 2 11 13 15 10 16 14 6 7 10 13 11 9 11 16 2
30 15 8 10 10 8 6 10 11 8 1 7 6 6 7 2 2 3 10 1 6 7 7 6 5 7 7 6 1 5 4 5 5 2 2 2 7 1
31 42 5 10 11 12 19 19 12 9 7 3 23 17 31 17 2 14 22 16 4 7 8 9 13 12 9 7 5 3 15 12 21 12 2 10 15 12
32 68 3 7 10 48 37 21 13 44 20 32 20 41 27 49 29 49 19 39 2 5 7 34 24 14 9 28 14 21 14 26 18 32 21 34 13 27
33 137 78 27 41 84 12 100 6 43 14 65 55 65 8 55 47 35 6 39 54 18 26 56 8 63 4 29 10 41 39 43 6 35 32 22 4 25
34 59 42 21 1 46 24 38 37 43 17 23 30 2 44 1 24 23 22 39 27 14 1 29 15 27 24 27 11 16 20 2 31 1 16 15 15 25
35 100000 2 12 32 19 32 6 32 34 29 11 10 19 2 16 15 19 22 23 100000 9 21 100000 100000 5 100000 22 20 7 7 100000 100000 100000 10 13 100000 100000
36 53 2 22 9 27 27 28 11 35 18 21 29 14 12 6 20 5 36 18 2 15 6 18 18 19 8 22 12 14 20 10 8 4 13 4 25 12
37 2 2 2 1 2 1 1 1 2 1 2 1 2 2 2 2 1 1 1 2 2 1 2 1 1 1 2 1 2 1 2 2 2 2 1 1 1
38 100000 1 1 1 1 1 1 1 1 1 1 1 1 1 1 1 1 1 1 1 1 1 100000 1 1 1 1 1 1 1 1 1 1 1 1 1 1
39 3 1 2 2 2 3 2 1 3 3 2 3 2 2 1 2 2 3 1 1 2 2 2 2 2 1 2 2 2 2 2 2 1 2 2 3 1
40 100000 3 5 11 1 7 10 13 5 2 1 2 10 7 4 3 12 7 9 2 4 7 1 5 100000 9 4 2 100000 100000 100000 100000 3 2 100000 5 6
41 20 9 10 12 15 3 2 16 13 6 12 11 3 16 1 5 8 8 14 6 7 8 10 3 2 11 9 4 8 8 3 11 1 4 5 6 10
42 100000 25 14 9 19 10 1 22 16 7 12 1 5 16 15 15 8 16 6 18 100000 6 14 7 1 100000 11 100000 8 1 100000 12 10 11 100000 11 100000
43 100000 12 12 21 10 6 9 11 16 8 6 11 10 19 5 5 21 20 13 8 8 15 7 5 100000 8 12 6 100000 7 7 100000 4 4 14 13 100000
44 58 16 1 20 33 22 33 13 6 29 34 36 23 22 33 22 11 9 21 10 1 13 21 15 23 9 4 19 23 22 17 14 21 16 8 7 13
45 42 8 9 9 14 19 15 2 25 16 16 16 30 13 29 3 14 24 16 6 7 7 10 14 11 2 16 11 11 11 20 9 18 3 10 17 12
46 108 20 33 18 42 65 62 38 17 67 52 62 28 6 64 13 25 52 28 13 22 11 28 42 39 25 11 41 34 41 18 4 42 10 16 33 19
47 100000 43 31 11 38 30 24 10 55 28 6 24 83 33 42 54 89 50 62 30 20 100000 26 19 100000 7 35 100000 4 100000 51 21 29 38 100000 33 43
48 73 50 9 25 6 44 26 51 22 25 7 22 19 47 49 56 39 31 21 34 7 18 4 30 17 34 16 17 5 14 13 30 33 35 26 20 15
49 100000 4 18 28 1 3 17 30 5 46 46 55 28 32 55 32 13 53 43 3 100000 100000 1 100000 11 100000 4 30 32 39 20 100000 35 22 9 100000 27
50 57 19 10 13 36 29 28 40 7 18 17 36 41 7 5 30 14 2 11 14 7 9 24 19 19 27 5 12 11 25 29 5 4 20 10 2 8
51 14 4 3 8 3 4 2 1 6 3 10 6 6 9 10 1 9 5 8 3 2 6 2 3 2 1 4 2 7 5 4 6 7 1 6 4 6
52 100000 19 14 18 19 21 14 20 23 13 19 3 11 1 24 2 8 14 7 100000 10 13 13 100000 10 14 15 9 100000 100000 7 1 15 2 100000 9 100000
53 100000 17 41 41 27 2 36 29 28 28 30 35 12 23 23 18 4 39 20 11 100000 27 100000 2 25 20 100000 19 20 24 100000 16 100000 12 3 26 100000
54 165 18 52 86 95 44 72 2 1 6 55 19 11 99 84 34 20 60 82 13 35 58 58 28 46 2 1 4 34 13 8 69 58 22 13 37 53
55 52 20 16 20 10 18 2 33 16 25 35 7 4 19 9 18 10 3 16 14 11 14 7 13 2 22 10 17 22 5 3 13 7 12 7 2 11
56 100000 48 46 42 19 38 22 60 60 13 59 27 27 64 33 50 26 49 66 32 32 28 13 26 15 100000 40 8 40 19 100000 42 22 32 17 32 46
57 30 10 6 8 13 15 16 6 19 19 8 1 22 10 5 5 14 3 18 7 5 6 9 10 11 4 13 13 5 1 14 7 4 4 9 3 12
58 9 5 3 4 4 6 5 6 4 6 6 1 6 2 4 3 2 6 1 4 2 3 3 4 4 5 3 4 4 1 4 2 3 2 2 5 1
59 100000 12 6 5 10 8 14 12 15 2 9 16 6 1 16 8 4 5 10 100000 5 100000 7 100000 100000 9 100000 2 100000 100000 100000 1 100000 6 3 4 7
60 43 1 30 16 14 11 17 26 28 20 20 28 6 10 7 22 29 15 2 1 20 11 9 8 11 18 18 13 14 20 4 7 5 14 18 11 2
61 35 8 5 17 2 24 23 16 18 25 1 18 6 22 23 13 14 25 5 5 4 11 2 17 16 10 11 17 1 13 4 15 15 9 9 16 4
62 100000 24 20 19 9 19 21 16 5 1 27 20 1 10 14 17 10 16 22 17 13 12 100000 12 14 100000 4 100000 18 13 1 7 10 11 100000 11 15
63 100000 55 36 78 8 107 31 33 64 126 86 105 46 142 108 139 45 51 90 36 25 50 6 69 19 23 100000 84 60 100000 31 90 73 86 100000 32 100000
64 100000 13 9 8 28 21 26 24 17 28 24 23 12 24 28 12 3 17 10 100000 6 6 20 100000 100000 100000 11 100000 100000 14 9 100000 20 8 2 11 7
65 19 1 2 8 12 6 11 13 6 3 1 10 3 11 11 13 3 7 5 1 2 5 8 4 8 9 5 3 1 7 3 7 8 9 2 5 4
66 100000 24 24 19 15 20 2 1 15 25 1 6 21 10 20 10 23 2 15 100000 17 13 11 100000 2 1 10 17 1 4 100000 7 14 7 100000 2 10
67 23 4 3 4 2 1 11 17 18 13 7 9 7 13 4 10 16 8 12 3 2 3 2 1 7 11 12 9 5 6 5 10 3 7 12 6 9
68 95 40 1 1 15 48 57 33 19 2 70 48 63 42 11 63 24 25 53 28 1 1 10 33 40 22 13 2 49 31 42 29 8 42 15 18 37
69 31 4 11 8 14 20 19 9 17 12 17 9 16 20 9 6 11 3 7 3 8 6 10 13 13 6 12 8 12 6 10 13 7 4 7 3 5
70 100000 15 24 5 1 17 8 1 27 19 13 15 13 5 25 25 19 19 8 10 15 4 1 11 5 1 100000 13 9 10 100000 4 18 100000 13 13 100000
<posture of tasks>
1 1
2 1
3 0
4 0
5 1
6 1
7 1
8 1
9 1
10 1
11 1
12 1
13 0
14 0
15 1
16 1
17 0
18 0
19 1
20 0
21 0
22 1
23 0
24 1
25 1
26 1
27 1
28 1
29 1
30 1
31 1
32 1
33 1
34 0
35 0
36 1
37 1
38 0
39 1
40 1
41 1
42 1
43 1
44 0
45 1
46 1
47 0
48 1
49 1
50 0
51 1
52 1
53 1
54 1
55 1
56 1
57 1
58 0
59 0
60 1
61 1
62 0
63 0
64 0
65 1
66 1
67 1
68 1
69 1
70 0
<max energy cosumption of alternatives>
1 100000.00
2 5.46
3 4.47
4 3.05
5 2.27
6 3.09
7 5.41
8 2.23
9 2.94
10 5.37
11 5.16
12 5.41
13 2.44
14 2.95
15 5.12
16 5.49
17 3.02
18 3.04
19 5.32
<energy cosumption of alternatives>
1 100000.00 0.11 0.59 0.46 0.33 0.06 0.20 0.14 0.42 0.38 0.41 0.35 0.15 0.43 0.08 0.08 0.36 0.37 0.35 0.05 0.12 0.12 0.18 0.02 0.11 0.06 0.24 0.24 0.10 0.22 0.05 0.17 0.02 0.02 0.16 0.23 0.24
2 100000.00 0.35 0.14 1.29 0.99 1.29 1.61 1.27 1.77 2.20 0.77 0.20 0.93 0.61 1.67 0.86 0.30 0.51 2.06 0.18 0.07 0.71 0.64 0.68 1.07 0.74 0.66 0.49 0.23 0.06 0.38 0.27 0.39 0.28 0.12 0.28 0.67
3 100000.00 1.38 0.36 0.49 0.10 0.69 0.38 0.33 0.03 0.83 0.33 0.90 0.83 0.83 0.19 1.34 0.29 0.42 0.97 0.96 0.24 0.13 0.02 0.15 0.26 0.07 0.02 0.38 0.17 0.40 0.22 0.55 0.12 0.64 0.17 0.11 0.32
4 100000.00 1.16 1.41 0.90 0.88 1.04 0.18 0.67 0.93 1.29 0.64 0.69 0.74 0.74 0.34 0.18 0.86 0.39 0.57 0.57 100000.00 100000.00 0.44 0.30 100000.00 0.34 0.58 0.56 0.25 0.22 0.51 0.41 0.07 0.08 0.55 0.22 0.17
5 100000.00 0.18 0.18 0.18 0.18 0.19 0.18 0.19 0.09 0.24 0.08 0.18 0.12 0.19 0.12 0.12 0.09 0.09 0.08 0.11 0.05 100000.00 0.05 0.07 0.11 100000.00 0.05 100000.00 0.03 0.04 100000.00 100000.00 0.03 0.04 0.05 0.03 100000.00
6 100000.00 1.31 0.77 1.43 2.13 0.29 0.46 2.29 0.47 0.95 1.89 0.58 1.05 0.50 0.98 2.40 1.61 1.68 2.89 0.63 0.31 0.42 0.94 0.11 0.13 0.94 0.20 0.35 1.29 0.20 0.70 0.29 0.29 1.08 0.40 0.76 1.26
7 100000.00 0.47 0.60 0.21 0.09 0.45 0.23 0.24 0.55 0.60 0.41 0.17 0.55 0.06 0.35 0.44 0.39 0.37 0.26 0.30 0.35 0.05 0.03 0.24 0.05 0.12 0.24 0.27 0.21 0.09 0.36 0.02 0.08 0.29 0.19 0.25 0.17
8 100000.00 3.16 2.19 1.20 2.58 1.97 2.22 0.32 3.22 2.40 0.55 3.19 0.16 1.60 0.67 4.14 3.35 1.98 3.01 2.01 0.62 0.54 0.75 0.46 100000.00 0.13 100000.00 100000.00 0.32 1.04 0.09 0.51 100000.00 2.39 0.95 100000.00 100000.00
9 100000.00 0.74 0.22 1.64 1.64 1.42 0.10 0.48 0.78 0.71 0.43 2.00 0.56 0.93 0.16 1.34 1.67 0.94 1.49 0.29 0.13 0.54 0.47 0.37 0.03 0.20 0.52 0.33 0.28 0.43 0.25 0.51 0.09 0.65 0.82 0.38 0.56
10 100000.00 0.10 1.45 1.78 0.41 1.28 2.25 1.01 0.53 0.83 2.07 0.74 0.79 1.72 1.66 1.64 1.31 0.76 0.44 0.04 0.92 1.13 0.10 0.56 1.30 0.37 0.29 0.37 0.69 0.37 0.43 1.14 0.35 0.79 0.80 0.43 0.22
11 100000.00 2.23 2.68 0.21 1.41 2.01 1.81 0.09 0.18 2.63 1.66 1.97 1.67 1.47 0.87 1.66 1.13 0.46 1.44 1.02 0.92 0.13 0.39 0.45 0.97 0.04 0.08 0.62 0.58 0.46 0.77 0.46 0.36 1.14 0.74 0.29 0.98
12 100000.00 0.13 0.71 0.11 0.48 0.54 0.59 0.14 0.29 0.40 0.34 0.62 0.11 0.29 0.52 0.71 0.45 0.29 0.62 0.06 0.42 0.03 0.31 0.27 0.12 0.04 0.18 0.27 0.21 0.19 0.05 0.07 0.14 0.43 0.19 0.13 0.30
13 100000.00 2.96 3.07 0.94 2.46 1.27 0.24 0.92 2.65 3.11 1.87 1.78 1.57 2.55 0.78 1.73 1.01 1.72 0.10 1.12 2.01 0.63 1.11 0.37 0.08 0.37 1.54 1.26 1.28 0.96 0.55 1.76 0.54 0.75 0.67 0.45 0.05
14 100000.00 0.48 2.13 1.66 1.43 1.89 1.34 2.65 1.20 0.34 2.52 0.43 1.27 1.54 1.99 3.04 0.41 2.56 1.53 0.20 100000.00 100000.00 0.60 0.96 0.40 100000.00 0.49 0.11 100000.00 0.21 100000.00 1.03 100000.00 0.93 0.21 0.87 0.84
15 100000.00 1.72 0.30 0.82 0.68 1.04 2.73 0.24 1.90 2.76 2.15 3.15 1.98 2.63 0.27 1.72 0.68 1.93 1.54 0.55 0.13 0.22 0.33 0.62 1.86 0.16 1.28 1.40 0.90 2.12 0.63 1.47 0.17 0.80 0.25 1.09 0.41
16 100000.00 1.04 2.32 0.41 2.31 1.79 1.77 0.47 1.91 0.46 1.10 0.88 0.44 0.50 0.86 3.14 0.25 1.18 0.37 0.65 0.80 0.22 1.35 1.09 0.69 0.33 0.56 0.32 0.65 0.60 0.09 0.25 0.38 1.38 0.05 0.57 0.15
17 100000.00 0.49 0.13 0.08 0.97 0.20 1.08 0.67 0.45 0.24 1.20 0.88 0.85 0.41 0.24 1.01 0.29 0.69 0.56 0.32 0.08 0.03 0.23 0.06 0.30 0.28 0.27 0.13 0.38 0.29 0.34 0.10 0.05 0.71 0.17 0.35 0.37
18 100000.00 2.86 2.38 1.64 2.19 2.70 1.12 1.23 0.41 2.21 3.20 0.25 0.22 2.74 1.29 2.86 0.41 2.67 2.07 1.48 0.76 0.69 1.20 0.96 0.35 0.59 0.15 0.97 1.08 0.09 0.11 1.09 0.28 1.02 0.11 1.74 0.55
19 100000.00 0.10 0.16 0.14 0.45 0.17 0.31 0.14 0.17 0.13 0.61 0.43 0.26 0.05 0.37 0.46 0.29 0.36 0.13 0.02 0.04 0.06 0.21 0.07 0.20 0.08 100000.00 100000.00 100000.00 100000.00 0.18 0.01 100000.00 0.17 0.17 0.22 0.04
20 100000.00 0.11 0.95 0.33 0.14 0.88 0.60 1.07 0.40 1.34 0.11 0.71 0.05 0.88 0.67 0.60 0.28 0.70 1.34 0.05 0.57 0.22 0.10 0.27 0.30 0.34 0.19 0.76 0.06 0.47 0.02 0.44 0.20 0.20 0.19 0.19 0.62
21 100000.00 0.69 0.13 0.76 0.90 0.25 0.34 0.20 0.18 0.16 1.13 0.20 0.74 0.27 0.79 0.18 0.46 0.34 0.41 0.36 0.03 0.31 0.56 0.07 0.14 0.13 0.09 0.05 0.53 0.09 0.50 0.15 0.43 0.08 0.16 0.15 0.20
22 100000.00 1.04 0.86 0.69 0.85 0.57 0.22 0.44 0.08 1.14 1.07 0.89 0.57 0.11 0.77 0.74 0.41 0.60 0.50 0.28 0.17 0.16 0.18 0.25 0.06 0.14 0.04 0.66 0.28 0.34 0.25 0.05 0.49 0.15 0.25 0.14 0.33
23 100000.00 1.84 0.35 0.21 0.37 1.08 1.20 0.17 0.37 0.23 0.37 1.15 1.47 0.30 0.58 0.28 0.12 0.74 0.39 1.06 100000.00 0.10 0.14 100000.00 0.69 100000.00 100000.00 100000.00 0.13 0.55 0.53 100000.00 0.19 100000.00 0.03 0.32 0.17
24 100000.00 0.34 0.31 0.16 0.16 0.32 0.37 0.07 0.16 0.34 0.28 0.25 0.04 0.13 0.31 0.10 0.10 0.04 0.06 0.07 0.10 0.04 0.07 0.09 0.24 0.02 0.08 0.19 0.15 0.17 0.01 0.05 0.14 0.05 0.03 0.02 0.02
25 100000.00 5.37 4.54 0.63 1.07 3.28 2.65 3.57 1.58 5.05 3.79 3.01 3.53 3.07 1.33 0.71 2.79 2.99 4.55 2.45 2.98 0.16 0.64 1.91 1.53 0.72 0.72 1.22 2.29 1.90 1.92 1.55 0.74 0.28 0.88 1.52 1.11
26 100000.00 1.48 0.65 0.33 0.82 0.54 0.62 1.07 0.41 0.97 0.86 1.15 1.07 1.04 0.74 0.16 0.48 0.64 0.19 0.33 0.31 0.07 0.26 0.24 0.35 0.37 0.13 0.22 0.56 0.35 0.53 0.46 0.29 0.10 0.24 0.19 0.05
27 100000.00 0.54 0.70 1.06 0.09 0.34 0.12 0.13 0.91 0.09 0.60 1.50 0.22 0.41 1.13 1.11 1.15 0.25 0.85 0.36 0.24 0.38 0.04 0.18 0.07 0.08 0.22 0.03 0.15 0.42 0.13 0.25 0.51 0.27 0.67 0.14 0.43
28 100000.00 2.15 1.26 0.31 0.25 0.37 0.27 1.82 1.48 1.66 1.94 0.09 1.00 0.68 0.67 2.27 0.91 1.39 1.38 1.41 0.68 0.22 0.05 0.11 0.12 0.64 1.02 1.02 1.07 0.04 0.41 0.28 0.29 0.76 0.18 0.86 0.44
29 100000.00 0.23 0.44 0.09 0.43 0.49 0.69 0.39 0.64 0.69 0.32 0.35 0.39 0.49 0.56 0.47 0.42 0.64 0.11 0.06 0.21 0.03 0.30 0.22 0.37 0.20 0.18 0.39 0.10 0.15 0.18 0.14 0.30 0.26 0.09 0.24 0.03
30 100000.00 0.30 0.36 0.30 0.24 0.18 0.35 0.30 0.24 0.08 0.26 0.23 0.18 0.21 0.11 0.11 0.12 0.27 0.08 0.09 0.17 0.08 0.13 0.08 0.24 0.12 0.06 0.04 0.10 0.10 0.13 0.11 0.06 0.05 0.05 0.13 0.02
31 100000.00 0.19 0.35 0.30 0.32 0.51 0.62 0.32 0.26 0.25 0.13 0.77 0.45 0.85 0.58 0.10 0.38 0.54 0.53 0.06 0.17 0.15 0.16 0.21 0.17 0.20 0.13 0.12 0.04 0.50 0.23 0.55 0.17 0.07 0.15 0.11 0.35
32 100000.00 0.13 0.25 0.29 1.27 1.02 0.68 0.32 1.17 0.64 1.06 0.67 1.11 0.69 1.67 1.03 1.30 0.47 1.31 0.04 0.15 0.11 0.75 0.57 0.42 0.22 0.43 0.27 0.43 0.47 0.33 0.32 1.11 0.27 0.51 0.24 0.66
33 100000.00 2.74 0.92 1.11 2.34 0.33 3.40 0.18 1.17 0.47 2.17 1.94 1.83 0.24 1.91 1.64 0.99 0.18 1.34 1.80 0.62 0.39 1.39 0.10 2.00 0.07 0.69 0.10 0.66 0.99 0.89 0.16 0.49 0.36 0.22 0.11 0.36
34 100000.00 1.14 0.54 0.03 0.92 0.47 1.00 0.74 0.88 0.42 0.56 0.84 0.06 0.90 0.06 0.63 0.45 0.40 1.02 0.73 0.38 0.01 0.21 0.20 0.23 0.48 0.28 0.16 0.14 0.32 0.04 0.26 0.04 0.43 0.21 0.27 0.28
35 100000.00 0.08 0.33 0.66 0.38 0.68 0.17 0.63 0.70 0.75 0.28 0.26 0.38 0.05 0.42 0.40 0.38 0.40 0.58 100000.00 0.17 0.31 100000.00 100000.00 0.06 100000.00 0.14 0.34 0.17 0.18 100000.00 100000.00 100000.00 0.15 0.18 100000.00 100000.00
36 100000.00 0.10 0.74 0.26 0.69 0.72 0.96 0.29 0.97 0.59 0.68 1.05 0.38 0.32 0.22 0.68 0.17 0.94 0.59 0.03 0.48 0.14 0.15 0.48 0.25 0.18 0.47 0.20 0.34 0.22 0.18 0.11 0.15 0.31 0.10 0.53 0.35
37 100000.00 0.10 0.10 0.05 0.08 0.05 0.07 0.05 0.08 0.07 0.10 0.07 0.08 0.08 0.10 0.10 0.05 0.05 0.07 0.05 0.02 0.03 0.04 0.02 0.04 0.03 0.02 0.03 0.05 0.03 0.02 0.05 0.04 0.06 0.03 0.02 0.05
38 100000.00 0.05 0.05 0.03 0.03 0.03 0.05 0.03 0.03 0.05 0.05 0.05 0.03 0.03 0.05 0.05 0.03 0.03 0.05 0.01 0.02 0.01 100000.00 0.02 0.02 0.01 0.02 0.03 0.02 0.01 0.01 0.02 0.03 0.02 0.01 0.02 0.03
39 100000.00 0.06 0.09 0.07 0.07 0.10 0.09 0.04 0.09 0.12 0.09 0.12 0.07 0.07 0.06 0.09 0.07 0.09 0.06 0.04 0.06 0.03 0.03 0.04 0.03 0.02 0.05 0.03 0.05 0.08 0.02 0.03 0.02 0.04 0.04 0.06 0.03
40 100000.00 0.12 0.18 0.29 0.04 0.19 0.34 0.32 0.16 0.09 0.06 0.09 0.28 0.19 0.15 0.12 0.31 0.19 0.31 0.08 0.12 0.19 0.02 0.09 100000.00 0.14 0.05 0.06 100000.00 100000.00 100000.00 100000.00 0.08 0.06 100000.00 0.06 0.12
41 100000.00 0.31 0.34 0.32 0.40 0.10 0.09 0.41 0.34 0.21 0.40 0.37 0.10 0.41 0.06 0.19 0.22 0.22 0.46 0.18 0.22 0.19 0.26 0.04 0.03 0.17 0.14 0.13 0.25 0.20 0.04 0.20 0.03 0.09 0.06 0.09 0.25
42 100000.00 0.85 0.48 0.25 0.49 0.28 0.06 0.53 0.41 0.24 0.39 0.06 0.15 0.41 0.51 0.51 0.22 0.40 0.21 0.24 100000.00 0.06 0.31 0.16 0.02 100000.00 0.09 100000.00 0.10 0.02 100000.00 0.17 0.24 0.14 100000.00 0.25 100000.00
43 100000.00 0.43 0.43 0.53 0.28 0.16 0.31 0.28 0.41 0.28 0.21 0.37 0.28 0.50 0.19 0.19 0.53 0.50 0.43 0.22 0.22 0.30 0.13 0.05 100000.00 0.17 0.23 0.07 100000.00 0.11 0.10 100000.00 0.08 0.11 0.12 0.29 100000.00
44 100000.00 0.42 0.06 0.40 0.69 0.43 0.87 0.24 0.13 0.76 0.87 0.99 0.45 0.43 0.90 0.56 0.22 0.17 0.54 0.13 0.04 0.25 0.17 0.10 0.25 0.06 0.07 0.26 0.35 0.61 0.31 0.11 0.45 0.22 0.09 0.05 0.21
45 100000.00 0.29 0.32 0.26 0.38 0.51 0.50 0.08 0.66 0.53 0.53 0.56 0.85 0.35 1.03 0.13 0.38 0.60 0.53 0.14 0.18 0.16 0.10 0.24 0.29 0.05 0.41 0.12 0.26 0.15 0.38 0.20 0.39 0.04 0.25 0.17 0.27
46 100000.00 0.67 1.15 0.47 1.11 1.77 2.08 0.99 0.44 2.20 1.67 2.17 0.77 0.17 2.20 0.46 0.65 1.30 0.97 0.15 0.43 0.15 0.42 1.02 0.73 0.31 0.12 1.54 0.48 1.39 0.19 0.05 0.94 0.17 0.36 0.32 0.45
47 100000.00 1.20 0.91 0.24 0.83 0.69 0.60 0.22 1.18 0.79 0.19 0.65 1.86 0.74 1.16 1.48 1.95 1.01 1.73 0.78 0.55 100000.00 0.27 0.48 100000.00 0.14 0.41 100000.00 0.08 100000.00 0.39 0.20 0.31 0.58 100000.00 0.29 0.42
48 100000.00 1.75 0.32 0.66 0.17 1.20 0.84 1.32 0.57 0.80 0.25 0.74 0.51 1.26 1.69 2.01 1.07 0.83 0.71 1.02 0.07 0.24 0.05 0.47 0.34 0.61 0.33 0.18 0.10 0.47 0.32 0.54 1.00 0.62 0.72 0.19 0.48
49 100000.00 0.15 0.61 0.77 0.04 0.10 0.55 0.80 0.16 1.49 1.48 1.90 0.77 0.86 1.87 1.12 0.34 1.33 1.45 0.03 100000.00 100000.00 0.02 100000.00 0.18 100000.00 0.10 0.55 0.31 0.68 0.42 100000.00 1.14 0.31 0.23 100000.00 0.39
50 100000.00 0.51 0.28 0.28 0.78 0.66 0.78 0.82 0.17 0.46 0.44 1.03 0.89 0.17 0.16 0.87 0.31 0.08 0.30 0.20 0.10 0.14 0.34 0.43 0.41 0.23 0.07 0.12 0.30 0.23 0.31 0.11 0.04 0.55 0.12 0.02 0.13
51 100000.00 0.15 0.12 0.22 0.09 0.12 0.09 0.03 0.16 0.12 0.33 0.21 0.16 0.25 0.34 0.06 0.25 0.13 0.27 0.10 0.07 0.13 0.04 0.05 0.06 0.02 0.05 0.04 0.19 0.14 0.07 0.15 0.08 0.04 0.15 0.04 0.08
52 100000.00 0.66 0.50 0.49 0.52 0.58 0.48 0.52 0.61 0.45 0.63 0.14 0.31 0.06 0.81 0.11 0.24 0.37 0.26 100000.00 0.20 0.33 0.29 100000.00 0.21 0.13 0.36 0.27 100000.00 100000.00 0.19 0.04 0.56 0.05 100000.00 0.21 100000.00
53 100000.00 0.59 1.45 1.11 0.70 0.08 1.24 0.80 0.80 0.97 1.03 1.24 0.33 0.61 0.77 0.62 0.14 1.02 0.68 0.15 100000.00 0.44 100000.00 0.03 0.79 0.33 100000.00 0.29 0.54 0.37 100000.00 0.13 100000.00 0.13 0.04 0.29 100000.00
54 100000.00 0.62 1.82 2.38 2.62 1.21 2.45 0.09 0.06 0.23 1.83 0.66 0.30 2.72 2.99 1.22 0.54 1.62 2.81 0.39 0.93 1.04 0.85 0.78 1.00 0.03 0.03 0.12 0.49 0.29 0.13 1.77 1.41 0.77 0.23 0.98 1.45
55 100000.00 0.68 0.56 0.54 0.29 0.48 0.10 0.89 0.42 0.80 1.18 0.26 0.14 0.51 0.32 0.62 0.29 0.11 0.53 0.47 0.19 0.35 0.18 0.28 0.06 0.48 0.20 0.52 0.34 0.18 0.09 0.28 0.08 0.33 0.14 0.06 0.32
56 100000.00 1.70 1.61 1.14 0.51 1.08 0.72 1.62 1.67 0.44 1.99 0.92 0.73 1.77 1.18 1.76 0.67 1.27 2.29 1.03 0.96 0.56 0.12 0.25 0.32 100000.00 0.44 0.14 0.92 0.28 100000.00 0.75 0.70 0.46 0.40 0.74 0.47
57 100000.00 0.34 0.21 0.22 0.34 0.40 0.52 0.16 0.49 0.61 0.27 0.06 0.56 0.28 0.18 0.18 0.37 0.09 0.58 0.12 0.05 0.05 0.15 0.16 0.11 0.10 0.11 0.15 0.17 0.01 0.30 0.13 0.12 0.06 0.26 0.03 0.26
58 100000.00 0.16 0.12 0.12 0.12 0.14 0.16 0.14 0.12 0.18 0.18 0.07 0.14 0.07 0.14 0.12 0.07 0.14 0.07 0.08 0.05 0.04 0.04 0.08 0.06 0.10 0.04 0.04 0.05 0.04 0.05 0.02 0.04 0.04 0.02 0.08 0.04
59 100000.00 0.32 0.16 0.12 0.21 0.17 0.35 0.23 0.30 0.07 0.23 0.42 0.12 0.03 0.42 0.21 0.10 0.10 0.25 100000.00 0.10 100000.00 0.13 100000.00 100000.00 0.08 100000.00 0.05 100000.00 100000.00 100000.00 0.02 100000.00 0.08 0.02 0.07 0.09
60 100000.00 0.08 1.11 0.43 0.39 0.30 0.57 0.64 0.81 0.66 0.65 1.04 0.18 0.30 0.26 0.75 0.84 0.39 0.11 0.04 0.64 0.21 0.15 0.15 0.23 0.13 0.33 0.45 0.24 0.47 0.05 0.12 0.11 0.22 0.29 0.23 0.04
61 100000.00 0.30 0.20 0.46 0.09 0.64 0.75 0.43 0.49 0.81 0.08 0.63 0.18 0.58 0.78 0.47 0.40 0.64 0.20 0.20 0.11 0.31 0.06 0.28 0.44 0.12 0.22 0.35 0.05 0.38 0.07 0.15 0.50 0.26 0.14 0.44 0.13
62 100000.00 0.63 0.52 0.38 0.19 0.38 0.52 0.31 0.13 0.06 0.65 0.52 0.03 0.22 0.35 0.45 0.22 0.31 0.56 0.13 0.24 0.13 100000.00 0.09 0.34 100000.00 0.03 100000.00 0.37 0.18 0.01 0.11 0.18 0.14 100000.00 0.21 0.29
63 100000.00 1.51 1.01 1.60 0.18 2.24 0.85 0.68 1.34 3.27 2.23 2.86 0.96 2.97 2.91 3.86 0.93 1.00 2.42 0.43 0.31 0.99 0.11 0.78 0.58 0.17 100000.00 1.28 0.57 100000.00 0.26 1.98 1.15 0.96 100000.00 0.47 100000.00
64 100000.00 0.35 0.24 0.17 0.59 0.42 0.63 0.45 0.33 0.73 0.58 0.58 0.24 0.47 0.76 0.33 0.08 0.33 0.26 100000.00 0.16 0.04 0.36 100000.00 100000.00 100000.00 0.11 100000.00 100000.00 0.28 0.08 100000.00 0.35 0.09 0.03 0.10 0.17
65 100000.00 0.07 0.10 0.23 0.32 0.17 0.37 0.32 0.17 0.13 0.06 0.34 0.10 0.29 0.37 0.46 0.10 0.19 0.19 0.04 0.02 0.10 0.13 0.05 0.26 0.19 0.08 0.07 0.04 0.20 0.07 0.07 0.25 0.15 0.05 0.05 0.06
66 100000.00 0.83 0.83 0.51 0.42 0.54 0.10 0.05 0.42 0.80 0.07 0.23 0.57 0.30 0.68 0.35 0.61 0.08 0.50 100000.00 0.55 0.17 0.23 100000.00 0.07 0.02 0.14 0.20 0.03 0.07 100000.00 0.06 0.34 0.09 100000.00 0.02 0.28
67 100000.00 0.16 0.12 0.13 0.07 0.04 0.37 0.44 0.47 0.43 0.24 0.31 0.19 0.34 0.15 0.34 0.41 0.22 0.40 0.06 0.08 0.07 0.03 0.02 0.17 0.23 0.13 0.28 0.11 0.07 0.08 0.23 0.10 0.14 0.28 0.12 0.18
68 100000.00 1.39 0.06 0.04 0.40 1.29 1.91 0.86 0.50 0.09 2.27 1.66 1.71 1.11 0.37 2.20 0.62 0.62 1.76 0.85 0.04 0.01 0.08 0.50 0.40 0.21 0.32 0.04 1.25 0.43 0.90 0.68 0.15 1.36 0.18 0.28 1.18
69 100000.00 0.15 0.37 0.22 0.37 0.53 0.61 0.22 0.44 0.39 0.54 0.30 0.43 0.52 0.30 0.21 0.28 0.09 0.24 0.07 0.23 0.04 0.11 0.15 0.35 0.09 0.27 0.24 0.16 0.07 0.26 0.24 0.14 0.07 0.14 0.06 0.14
70 100000.00 0.40 0.63 0.12 0.03 0.33 0.21 0.03 0.51 0.46 0.33 0.40 0.26 0.12 0.63 0.65 0.37 0.35 0.21 0.20 0.20 0.07 0.01 0.09 0.12 0.02 100000.00 0.15 0.18 0.27 100000.00 0.06 0.29 100000.00 0.16 0.10 100000.00
<task rigidity>
1 2
2 4
3 7
4 2
5 6
6 3
7 3
8 4
9 1
10 4
11 2
12 5
13 5
14 4
15 2
16 3
17 3
18 5
19 3
20 6
21 2
22 3
23 5
24 8
25 9
26 2
27 6
28 4
29 2
30 1
31 1
32 3
33 9
34 2
35 2
36 5
37 5
38 7
39 2
40 2
41 10
42 10
43 5
44 5
45 4
46 6
47 1
48 5
49 1
50 3
51 6
52 7
53 9
54 2
55 1
56 2
57 9
58 8
59 5
60 8
61 4
62 9
63 3
64 3
65 10
66 7
67 3
68 2
69 10
70 8
<precedence relations>
1,2
1,41
1,69
1,70
2,3
3,4
3,68
4,6
4,7
5,6
5,24
5,30
6,8
7,8
8,12
9,10
10,11
11,12
12,13
12,14
13,23
14,23
15,16
16,17
16,18
17,19
18,19
19,20
19,22
19,57
20,21
21,23
22,23
23,25
23,31
23,33
24,25
25,26
25,27
25,28
25,29
26,35
27,35
28,35
29,35
30,31
31,32
32,35
33,34
34,35
35,36
35,44
35,48
35,51
35,53
35,56
35,60
35,61
35,62
36,37
37,38
38,39
39,40
40,42
41,42
42,43
43,50
44,45
45,46
46,47
47,50
48,49
49,50
51,52
52,54
53,54
54,55
57,58
58,59
59,60
61,65
62,63
63,64
64,65
64,66
64,67
<end>