<number of tasks>
75
<number of stations>
23
<number of workers>
23
<type of the robots>
1
<limit of the robots>
10
<task times>
1 29 20 23 4 12 5 21 15 14 1 3 2 5 16 2 2 16 13 17 3 22 13 15 22 14 16 3 8 4 15 10 9 1 3 2 4 11 2 2 11 9 11 3 15 9 10 16
2 100000 7 2 23 10 6 12 1 10 12 6 22 2 3 4 10 18 17 15 3 2 24 2 12 5 2 15 7 100000 8 1 7 8 4 15 100000 2 3 100000 100000 12 10 2 2 100000 100000 8
3 33 23 21 6 11 3 9 23 19 24 21 6 20 8 4 24 22 1 17 25 25 9 20 9 15 15 5 8 3 6 15 14 17 14 4 13 6 3 16 14 1 12 17 17 6 14 7
4 100000 12 21 13 13 7 7 12 22 9 11 9 12 26 3 8 26 1 7 26 17 19 24 3 9 14 9 9 100000 100000 8 100000 7 7 6 9 17 100000 6 18 1 100000 100000 12 100000 15 100000
5 100000 22 22 7 21 8 15 23 4 9 14 22 21 20 9 6 9 3 6 6 19 13 8 2 15 15 5 14 6 11 16 3 7 10 100000 100000 100000 100000 5 100000 2 4 4 13 8 100000 2
6 100000 6 18 22 1 15 5 21 19 21 4 16 8 11 5 14 12 22 11 12 17 14 1 11 100000 100000 100000 1 11 4 14 13 100000 3 100000 100000 8 4 10 100000 16 100000 100000 11 100000 1 8
7 7 4 6 6 6 3 5 3 6 6 2 4 2 6 2 1 6 5 3 4 1 2 5 2 3 4 4 4 2 4 2 4 4 2 3 2 5 2 1 5 4 2 3 1 2 4 2
8 30 11 11 22 4 4 4 6 21 7 17 17 1 22 5 12 9 9 17 20 19 22 21 22 8 8 14 3 3 3 4 14 5 11 11 1 14 4 9 7 6 12 13 12 15 13 16
9 32 12 17 19 19 23 14 2 3 20 15 2 15 9 19 12 11 7 15 3 5 11 8 18 8 12 12 13 16 9 2 3 14 10 2 10 6 14 8 8 5 10 3 4 8 6 12
10 29 5 8 3 6 4 19 8 14 11 15 5 15 12 7 20 12 21 13 9 6 5 13 14 4 6 2 4 3 13 6 10 7 11 4 10 8 5 14 8 15 9 6 4 4 9 10
11 30 5 14 21 19 17 4 14 21 2 7 8 7 15 3 2 10 16 7 19 5 22 14 1 4 9 14 13 11 3 10 15 2 5 6 5 11 2 2 7 11 5 14 4 15 9 1
12 100000 8 6 9 15 12 15 12 6 7 5 10 1 7 11 14 12 10 7 2 12 12 13 10 100000 5 100000 11 9 100000 9 100000 100000 100000 7 1 5 8 9 8 7 5 2 9 100000 100000 7
13 6 4 5 3 2 5 4 1 5 2 2 1 3 5 1 2 1 2 1 5 1 5 2 1 3 4 2 2 4 3 1 4 2 2 1 2 4 1 2 1 2 1 4 1 4 2 1
14 100000 23 19 11 20 1 23 19 15 10 11 9 8 22 15 18 13 3 22 13 14 7 20 11 100000 13 8 14 1 15 100000 10 7 8 100000 5 15 100000 12 9 100000 14 100000 100000 5 13 100000
15 5 2 1 3 1 1 3 4 3 1 4 3 4 1 1 4 4 1 3 4 1 2 1 1 2 1 3 1 1 2 3 2 1 3 2 3 1 1 3 3 1 3 3 1 2 1 1
16 100000 1 22 18 6 4 5 4 25 25 23 1 1 21 15 17 23 6 18 11 9 23 24 23 1 100000 12 100000 100000 4 100000 16 17 16 1 1 100000 10 100000 15 4 13 100000 100000 16 16 15
17 100000 5 16 14 5 19 16 13 16 19 17 14 11 18 5 13 19 4 1 12 1 7 7 5 100000 11 10 100000 14 11 100000 11 12 100000 9 7 13 4 8 100000 3 100000 8 100000 5 5 4
18 7 4 3 5 2 5 1 5 2 1 4 5 2 5 4 1 5 2 2 1 3 4 3 5 3 3 4 2 4 1 4 2 1 3 4 2 4 3 1 4 2 2 1 2 3 3 4
19 100000 14 13 14 20 18 20 5 5 13 5 4 24 8 23 4 14 11 5 3 8 18 18 6 10 100000 10 13 13 13 100000 4 100000 4 3 100000 6 15 3 10 100000 100000 2 6 12 13 4
20 35 12 6 17 9 24 20 19 15 1 14 2 8 11 15 16 10 7 17 12 19 21 4 2 8 4 11 6 17 14 13 11 1 9 2 6 8 11 10 7 5 12 8 13 14 3 2
21 36 15 20 18 19 10 16 6 15 16 3 25 3 11 17 20 1 11 25 17 8 25 15 17 10 13 13 13 7 11 4 10 11 3 18 3 7 12 13 1 8 17 12 6 16 11 11
22 36 4 18 17 18 19 26 8 4 3 20 3 23 1 17 3 2 6 5 7 10 7 21 19 3 12 12 13 13 16 5 3 2 14 3 16 1 12 2 2 5 4 5 7 5 15 14
23 100000 13 19 18 13 8 5 22 4 15 2 24 18 16 18 2 24 24 19 3 16 11 18 20 8 13 12 9 6 4 15 3 11 100000 16 11 10 13 100000 16 17 12 2 10 7 13 13
24 36 9 8 20 7 3 20 25 10 24 6 1 1 17 17 1 26 14 6 9 8 10 25 5 6 6 13 5 2 13 17 7 16 5 1 1 11 12 1 18 9 4 7 6 7 18 4
25 100000 4 16 5 20 14 17 8 2 11 13 6 11 8 19 8 4 9 17 6 14 17 2 7 3 100000 100000 14 10 11 5 2 7 8 100000 7 6 100000 100000 3 6 12 5 9 11 2 100000
26 100000 20 23 10 17 10 6 10 17 15 8 14 4 18 14 12 19 6 19 20 3 7 16 6 100000 100000 7 12 7 4 100000 100000 11 6 9 100000 13 10 8 12 4 100000 14 2 5 11 100000
27 100000 1 15 6 6 2 21 7 7 19 7 24 23 17 15 7 4 16 6 14 10 23 9 20 100000 100000 100000 100000 2 100000 5 5 12 5 16 100000 12 100000 5 3 10 100000 10 100000 15 6 13
28 17 11 12 7 7 1 9 12 2 10 10 5 4 13 7 5 4 2 3 10 12 11 9 7 7 8 5 5 1 6 8 2 7 7 4 3 9 5 4 3 2 2 7 9 8 6 5
29 3 2 3 3 3 3 2 2 1 3 1 3 3 2 1 2 3 1 1 1 2 1 2 2 2 2 2 3 3 2 2 1 3 1 3 3 2 1 2 3 1 1 1 2 1 2 2
30 100000 1 5 9 7 2 6 4 10 11 5 1 8 7 1 8 10 9 8 5 7 2 3 11 1 100000 6 5 100000 4 100000 7 7 4 1 6 5 1 100000 100000 100000 6 4 5 100000 2 8
31 29 20 10 13 4 7 3 15 8 15 12 18 15 10 14 14 17 14 19 15 16 5 13 19 14 7 8 3 5 3 10 6 10 9 12 11 7 10 10 11 9 13 10 11 4 9 12
32 29 11 13 2 4 4 3 19 18 21 8 9 18 6 16 4 20 4 1 17 12 8 11 6 7 8 2 3 3 3 12 12 15 6 6 12 4 12 3 13 3 1 11 8 6 7 4
33 28 8 21 17 5 14 21 11 2 1 1 8 10 14 11 16 8 5 19 1 8 15 16 11 5 15 11 4 10 15 7 2 1 1 5 7 9 7 11 6 4 12 1 6 10 11 7
34 28 19 11 16 5 7 18 1 4 21 2 3 2 3 8 12 14 2 6 4 1 10 4 22 12 7 11 4 5 12 1 3 15 2 2 2 3 6 8 9 2 5 3 1 7 3 14
35 32 12 6 6 8 13 8 23 15 2 21 17 7 9 2 7 15 24 16 19 5 19 10 21 9 5 5 5 9 5 15 11 2 14 12 5 6 2 5 10 17 10 12 4 12 7 14
36 100000 6 2 6 2 8 4 8 4 5 6 2 1 3 6 4 1 8 2 3 5 5 3 3 5 100000 4 2 6 3 100000 3 4 5 2 1 2 4 3 1 6 2 3 100000 4 2 100000
37 30 11 17 20 6 13 20 9 6 2 22 18 16 16 22 9 13 6 7 21 1 14 5 12 8 11 13 4 9 14 7 4 2 15 13 12 10 16 6 9 4 5 14 1 10 4 9
38 100000 7 10 23 21 4 5 24 18 9 4 8 1 7 22 8 17 12 22 14 6 2 13 17 5 7 100000 14 100000 4 16 13 100000 100000 6 1 5 14 5 12 100000 15 100000 4 2 9 12
39 100000 4 9 4 20 11 11 8 7 7 11 2 20 11 5 22 16 21 13 2 1 14 19 10 3 100000 100000 14 100000 8 6 5 5 100000 100000 100000 8 100000 14 11 14 100000 2 1 10 12 100000
40 29 8 21 3 5 14 18 11 5 3 3 4 19 2 6 8 2 3 11 17 17 1 21 6 6 13 2 4 10 13 8 4 2 2 3 13 2 5 6 2 2 7 12 11 1 14 5
41 100000 2 6 5 5 6 1 4 3 4 4 2 4 1 1 6 3 4 2 4 2 3 1 4 2 5 100000 4 4 1 3 2 100000 3 2 3 100000 1 100000 2 3 2 3 2 100000 100000 3
42 100000 18 2 23 2 3 17 15 3 26 13 7 18 21 5 4 18 1 3 4 4 17 10 12 13 100000 15 100000 3 100000 100000 3 18 9 100000 13 15 100000 3 12 100000 2 100000 3 12 7 9
43 29 19 4 9 21 7 6 15 21 18 5 8 11 16 21 9 14 21 20 14 13 10 4 6 13 3 6 15 5 4 10 14 12 4 6 8 11 15 6 10 15 13 10 9 7 3 5
44 7 4 5 3 3 6 2 2 1 4 5 5 3 4 3 3 1 3 3 5 6 2 6 2 3 4 2 3 4 2 2 1 3 4 4 2 3 3 2 1 2 2 4 4 2 5 2
45 29 12 3 21 14 6 3 16 11 4 17 19 16 15 5 5 11 19 16 8 19 20 7 1 8 2 14 9 4 3 12 8 3 12 12 10 10 4 4 7 12 11 6 12 14 5 1
46 100000 18 12 13 24 21 20 16 23 17 5 24 19 22 23 2 14 22 19 20 17 14 9 1 12 8 9 17 100000 14 11 100000 12 4 100000 13 16 16 2 100000 100000 100000 13 11 10 100000 100000
47 15 7 7 10 11 10 8 3 5 5 4 1 3 5 8 8 8 9 11 5 1 2 10 2 5 5 7 8 7 6 2 4 4 3 1 2 4 6 6 6 7 8 4 1 2 7 2
48 100000 16 4 13 5 21 21 8 8 16 3 10 20 14 21 14 3 4 11 14 22 1 7 22 100000 3 9 4 13 100000 6 100000 11 3 100000 13 10 100000 10 2 100000 8 9 100000 100000 5 15
49 28 9 17 3 17 13 17 9 21 20 19 3 16 1 14 14 1 14 18 11 19 4 18 9 6 11 2 12 9 12 6 14 13 12 3 11 1 10 9 1 10 13 7 13 3 13 7
50 35 21 19 14 21 7 14 8 2 16 4 15 22 22 6 7 3 5 4 20 14 8 12 5 14 12 10 14 5 9 6 2 12 3 11 15 14 5 5 3 4 3 13 9 6 8 4
51 100000 2 22 4 15 1 8 7 15 3 17 22 5 21 9 13 4 5 7 22 7 2 9 3 2 15 100000 10 1 6 5 11 100000 12 15 4 15 100000 9 3 4 100000 15 5 2 100000 100000
52 28 1 2 6 16 5 14 6 11 1 22 17 21 15 18 2 10 12 6 22 11 10 20 10 1 2 5 10 4 10 4 8 1 15 11 14 11 13 2 7 8 4 15 7 7 14 7
53 29 12 21 10 2 10 13 19 18 9 22 3 7 11 20 15 13 14 18 6 4 20 20 12 8 14 7 2 7 9 13 12 6 15 3 5 8 13 10 9 9 12 4 3 13 14 8
54 100000 12 18 22 19 6 16 11 1 8 7 7 19 3 4 1 3 2 19 19 20 5 9 13 8 13 14 13 4 11 100000 1 6 5 5 13 100000 100000 1 2 100000 12 100000 14 4 100000 9
55 30 4 13 5 6 1 17 6 9 3 19 10 6 6 8 6 5 4 18 21 17 16 7 20 3 9 4 4 1 12 4 7 2 13 7 5 5 6 4 4 3 13 14 12 11 5 13
56 100000 15 9 6 16 1 3 3 12 10 3 24 7 1 20 3 3 20 10 20 10 11 21 21 11 100000 100000 100000 1 100000 100000 100000 7 3 100000 100000 100000 13 2 100000 13 100000 13 7 7 100000 13
57 100000 15 11 13 4 19 8 15 20 14 6 3 3 10 21 6 7 12 23 13 6 10 21 14 100000 8 9 100000 100000 100000 11 14 9 5 100000 100000 7 15 4 5 100000 16 8 4 100000 14 10
58 100000 2 16 11 14 3 21 9 2 9 14 2 1 18 11 3 17 1 14 1 19 9 9 6 2 10 7 10 2 13 6 100000 6 100000 2 1 12 7 2 12 1 10 100000 13 6 6 4
59 29 21 15 17 19 13 20 1 19 21 19 3 7 20 16 14 21 15 4 13 1 4 20 15 15 11 12 14 9 14 1 13 14 13 2 5 13 11 10 13 10 3 10 1 3 13 10
60 100000 8 18 6 7 5 11 15 22 3 21 9 17 4 3 17 2 5 22 8 21 4 12 14 6 12 4 5 100000 7 100000 16 2 14 7 100000 100000 100000 11 100000 4 14 5 14 3 100000 10
61 29 4 8 1 4 11 10 22 8 10 9 18 20 16 18 9 7 14 14 5 3 3 15 9 3 5 1 3 8 7 14 6 7 6 12 14 11 12 7 5 10 10 4 2 3 10 6
62 29 2 16 11 16 11 20 21 4 6 14 20 18 1 10 6 19 13 7 3 2 22 14 20 2 10 8 10 8 14 15 3 4 10 14 12 1 7 4 12 9 5 2 2 14 10 14
63 27 17 15 13 1 15 20 16 4 18 17 2 9 17 16 21 18 14 5 19 14 19 7 16 11 11 9 1 10 14 11 3 12 11 2 6 11 11 13 13 10 4 13 9 13 5 11
64 35 27 27 25 3 7 19 1 22 12 16 25 6 26 21 12 26 4 17 20 11 12 20 17 19 17 17 3 5 13 1 15 8 12 16 5 18 13 8 16 3 12 14 8 8 14 11
65 30 2 8 11 1 13 14 11 21 17 6 19 6 1 23 5 11 20 4 10 12 19 10 5 2 6 8 1 9 10 7 14 11 4 13 5 1 16 4 7 13 3 7 8 13 7 4
66 100000 1 2 1 1 1 1 2 1 1 1 2 1 2 2 1 2 2 2 1 1 2 2 2 1 2 1 1 1 1 2 1 100000 1 100000 1 2 2 1 100000 100000 2 1 1 2 2 2
67 34 16 8 9 17 14 12 7 15 21 11 22 26 21 25 18 21 26 6 6 12 16 12 12 11 6 6 11 9 8 5 10 15 8 14 18 15 17 12 14 17 4 5 9 11 9 8
68 100000 2 12 14 18 20 24 12 2 8 16 14 19 9 25 1 6 20 5 20 8 2 7 5 2 9 10 100000 13 17 9 2 6 12 9 100000 100000 18 1 5 13 4 14 6 2 5 4
69 100000 14 14 13 16 21 6 24 16 16 17 3 18 6 18 4 21 9 15 23 12 9 21 22 9 10 9 12 13 100000 16 10 12 11 2 100000 100000 11 3 13 6 10 15 100000 6 14 14
70 28 3 19 2 1 22 18 2 17 4 6 2 13 21 22 6 2 15 20 10 18 17 11 15 2 13 2 1 14 11 2 11 3 5 2 9 14 15 4 2 11 14 7 13 11 7 10
71 100000 17 16 6 8 8 2 14 14 1 20 10 9 22 9 23 16 1 12 17 10 12 23 19 11 11 100000 100000 100000 2 9 9 1 13 100000 100000 14 100000 15 11 1 8 12 100000 8 100000 100000
72 5 3 2 2 4 1 1 1 1 3 1 1 1 4 1 4 1 1 3 1 1 3 1 2 2 2 2 3 1 1 1 1 2 1 1 1 3 1 3 1 1 3 1 1 3 1 2
73 100000 18 6 7 14 9 16 6 17 18 18 17 13 8 1 4 13 7 7 12 6 4 4 12 100000 5 100000 10 6 11 100000 100000 100000 100000 100000 100000 6 1 3 100000 5 5 9 4 3 100000 8
74 13 10 7 4 4 10 10 9 9 8 3 5 6 6 7 8 4 7 8 9 1 3 4 7 7 5 3 3 7 7 6 6 6 2 4 5 4 5 6 3 5 6 6 1 2 3 5
75 100000 13 15 6 4 2 23 13 21 14 21 18 17 3 22 18 25 6 1 9 18 10 4 18 9 11 100000 100000 2 100000 9 14 10 13 13 12 2 14 12 100000 4 100000 6 12 7 3 12
<posture of tasks>
1 1
2 1
3 1
4 1
5 1
6 0
7 0
8 0
9 1
10 1
11 1
12 1
13 1
14 1
15 1
16 1
17 1
18 1
19 1
20 0
21 1
22 0
23 1
24 1
25 1
26 1
27 1
28 1
29 1
30 1
31 1
32 0
33 0
34 1
35 1
36 0
37 1
38 1
39 1
40 0
41 1
42 1
43 1
44 1
45 1
46 0
47 0
48 1
49 1
50 1
51 0
52 1
53 1
54 0
55 1
56 1
57 1
58 1
59 0
60 1
61 1
62 1
63 1
64 1
65 1
66 0
67 1
68 1
69 0
70 1
71 0
72 0
73 0
74 0
75 1
<max energy cosumption of alternatives>
1 100000.00
2 5.12
3 5.15
4 2.75
5 5.12
6 4.83
7 2.90
8 2.68
9 2.87
10 2.41
11 2.19
12 2.33
13 4.50
14 4.60
15 4.47
16 3.05
17 2.42
18 5.48
19 5.41
20 2.84
21 2.15
22 2.89
23 5.07
24 2.65
<energy cosumption of alternatives>
1 100000.00 0.68 0.75 0.15 0.42 0.20 0.55 0.40 0.39 0.06 0.12 0.09 0.20 0.54 0.11 0.09 0.43 0.45 0.59 0.12 0.58 0.36 0.53 0.55 0.24 0.21 0.05 0.18 0.04 0.14 0.13 0.24 0.01 0.07 0.02 0.13 0.31 0.02 0.02 0.27 0.27 0.35 0.07 0.19 0.13 0.27 0.22
2 100000.00 0.25 0.10 0.57 0.35 0.22 0.32 0.04 0.29 0.32 0.17 0.54 0.10 0.13 0.16 0.29 0.47 0.58 0.52 0.10 0.07 0.63 0.10 0.32 0.09 0.07 0.28 0.22 100000.00 0.10 0.02 0.19 0.16 0.09 0.11 100000.00 0.07 0.11 100000.00 100000.00 0.28 0.12 0.05 0.02 100000.00 100000.00 0.12
3 100000.00 0.76 0.67 0.16 0.37 0.12 0.23 0.59 0.50 0.60 0.53 0.16 0.64 0.28 0.15 0.65 0.56 0.06 0.58 0.62 0.62 0.25 0.67 0.23 0.36 0.14 0.05 0.24 0.04 0.14 0.16 0.24 0.27 0.37 0.08 0.40 0.08 0.06 0.41 0.37 0.02 0.29 0.31 0.32 0.11 0.24 0.08
4 100000.00 0.40 0.67 0.32 0.43 0.25 0.19 0.31 0.56 0.25 0.28 0.22 0.40 0.85 0.12 0.22 0.65 0.06 0.25 0.63 0.44 0.50 0.82 0.10 0.25 0.34 0.10 0.21 100000.00 100000.00 0.15 100000.00 0.07 0.06 0.06 0.14 0.25 100000.00 0.07 0.23 0.02 100000.00 100000.00 0.10 100000.00 0.39 100000.00
5 100000.00 0.74 0.72 0.20 0.71 0.29 0.39 0.60 0.14 0.27 0.36 0.55 0.69 0.68 0.32 0.20 0.27 0.14 0.23 0.18 0.49 0.36 0.29 0.08 0.16 0.27 0.13 0.22 0.06 0.17 0.29 0.06 0.06 0.14 100000.00 100000.00 100000.00 100000.00 0.14 100000.00 0.07 0.06 0.12 0.25 0.17 100000.00 0.05
6 100000.00 0.17 0.45 0.41 0.06 0.38 0.11 0.41 0.38 0.41 0.11 0.31 0.22 0.29 0.15 0.29 0.24 0.57 0.29 0.24 0.34 0.29 0.06 0.22 100000.00 100000.00 100000.00 0.03 0.19 0.03 0.18 0.15 100000.00 0.03 100000.00 100000.00 0.19 0.05 0.10 100000.00 0.27 100000.00 100000.00 0.08 100000.00 0.03 0.13
7 100000.00 0.13 0.18 0.13 0.18 0.11 0.11 0.09 0.13 0.13 0.06 0.11 0.09 0.18 0.09 0.04 0.13 0.15 0.11 0.11 0.04 0.06 0.15 0.06 0.04 0.11 0.06 0.05 0.06 0.07 0.06 0.09 0.05 0.03 0.03 0.05 0.07 0.03 0.02 0.05 0.06 0.02 0.07 0.02 0.02 0.07 0.04
8 100000.00 0.28 0.28 0.39 0.12 0.12 0.09 0.12 0.42 0.14 0.32 0.32 0.05 0.55 0.14 0.26 0.19 0.23 0.44 0.37 0.35 0.42 0.53 0.39 0.18 0.15 0.24 0.08 0.07 0.02 0.03 0.24 0.07 0.21 0.21 0.02 0.16 0.06 0.13 0.11 0.14 0.10 0.10 0.21 0.15 0.31 0.18
9 100000.00 0.40 0.55 0.47 0.64 0.73 0.35 0.07 0.10 0.50 0.38 0.07 0.49 0.31 0.64 0.34 0.28 0.25 0.52 0.10 0.13 0.28 0.28 0.44 0.27 0.26 0.25 0.34 0.45 0.19 0.02 0.06 0.18 0.25 0.02 0.32 0.17 0.33 0.18 0.18 0.12 0.17 0.03 0.04 0.10 0.13 0.21
10 100000.00 0.19 0.28 0.10 0.22 0.16 0.48 0.23 0.38 0.29 0.38 0.14 0.49 0.40 0.25 0.54 0.32 0.70 0.43 0.23 0.17 0.16 0.46 0.35 0.06 0.08 0.06 0.13 0.07 0.17 0.12 0.17 0.06 0.20 0.06 0.33 0.14 0.14 0.37 0.21 0.28 0.17 0.10 0.07 0.05 0.23 0.20
11 100000.00 0.18 0.46 0.50 0.64 0.55 0.12 0.35 0.55 0.07 0.19 0.22 0.24 0.49 0.12 0.07 0.28 0.54 0.24 0.47 0.13 0.56 0.48 0.04 0.12 0.19 0.20 0.43 0.34 0.03 0.17 0.21 0.02 0.11 0.14 0.15 0.19 0.06 0.02 0.18 0.20 0.09 0.28 0.08 0.17 0.15 0.02
12 100000.00 0.29 0.22 0.24 0.53 0.41 0.39 0.33 0.18 0.20 0.15 0.27 0.07 0.26 0.38 0.39 0.33 0.35 0.26 0.08 0.33 0.33 0.47 0.27 100000.00 0.14 100000.00 0.15 0.28 100000.00 0.14 100000.00 100000.00 100000.00 0.14 0.03 0.09 0.18 0.26 0.13 0.24 0.10 0.03 0.15 100000.00 100000.00 0.06
13 100000.00 0.16 0.19 0.10 0.10 0.19 0.13 0.04 0.16 0.07 0.07 0.04 0.13 0.19 0.07 0.07 0.04 0.10 0.07 0.14 0.04 0.16 0.10 0.04 0.05 0.05 0.03 0.05 0.06 0.05 0.02 0.04 0.02 0.02 0.02 0.03 0.07 0.04 0.05 0.03 0.05 0.03 0.09 0.02 0.07 0.03 0.02
14 100000.00 0.78 0.63 0.31 0.69 0.09 0.59 0.50 0.43 0.28 0.31 0.25 0.30 0.75 0.54 0.52 0.37 0.15 0.75 0.34 0.37 0.22 0.69 0.31 100000.00 0.30 0.10 0.27 0.05 0.35 100000.00 0.24 0.13 0.12 100000.00 0.20 0.16 100000.00 0.34 0.16 100000.00 0.34 100000.00 100000.00 0.13 0.34 100000.00
15 100000.00 0.10 0.07 0.11 0.07 0.07 0.11 0.14 0.11 0.05 0.14 0.11 0.16 0.07 0.07 0.14 0.14 0.07 0.13 0.14 0.05 0.08 0.07 0.05 0.04 0.03 0.03 0.02 0.03 0.05 0.06 0.05 0.03 0.05 0.03 0.11 0.02 0.03 0.07 0.06 0.02 0.03 0.05 0.02 0.05 0.03 0.03
16 100000.00 0.07 0.71 0.45 0.23 0.16 0.14 0.14 0.66 0.64 0.60 0.05 0.07 0.71 0.53 0.48 0.60 0.23 0.62 0.30 0.26 0.60 0.83 0.57 0.04 100000.00 0.21 100000.00 100000.00 0.04 100000.00 0.37 0.40 0.39 0.01 0.02 100000.00 0.21 100000.00 0.34 0.07 0.14 100000.00 100000.00 0.39 0.55 0.30
17 100000.00 0.20 0.53 0.36 0.20 0.62 0.42 0.36 0.45 0.49 0.45 0.36 0.38 0.60 0.20 0.36 0.51 0.17 0.08 0.33 0.06 0.21 0.26 0.15 100000.00 0.32 0.10 100000.00 0.35 0.16 100000.00 0.25 0.19 100000.00 0.11 0.18 0.33 0.11 0.24 100000.00 0.10 100000.00 0.16 100000.00 0.14 0.06 0.09
18 100000.00 0.16 0.13 0.14 0.10 0.19 0.04 0.14 0.07 0.04 0.13 0.14 0.10 0.19 0.16 0.04 0.16 0.10 0.10 0.04 0.10 0.13 0.13 0.14 0.09 0.04 0.04 0.07 0.06 0.02 0.07 0.02 0.02 0.07 0.05 0.04 0.13 0.10 0.03 0.05 0.03 0.05 0.02 0.04 0.07 0.06 0.03
19 100000.00 0.47 0.44 0.36 0.68 0.59 0.51 0.14 0.17 0.35 0.14 0.14 0.77 0.29 0.77 0.14 0.38 0.38 0.19 0.11 0.23 0.48 0.62 0.17 0.21 100000.00 0.15 0.38 0.13 0.35 100000.00 0.04 100000.00 0.03 0.06 100000.00 0.13 0.27 0.09 0.14 100000.00 100000.00 0.06 0.09 0.11 0.41 0.10
20 100000.00 0.33 0.19 0.33 0.26 0.60 0.40 0.38 0.33 0.06 0.29 0.08 0.24 0.31 0.42 0.36 0.24 0.21 0.47 0.26 0.38 0.43 0.15 0.08 0.08 0.11 0.10 0.06 0.14 0.25 0.25 0.15 0.04 0.12 0.03 0.06 0.14 0.25 0.25 0.10 0.06 0.19 0.12 0.15 0.18 0.09 0.05
21 100000.00 0.50 0.65 0.45 0.64 0.34 0.42 0.17 0.41 0.42 0.11 0.63 0.13 0.37 0.58 0.54 0.05 0.37 0.83 0.44 0.23 0.66 0.52 0.42 0.14 0.29 0.23 0.20 0.24 0.25 0.05 0.13 0.26 0.07 0.17 0.07 0.08 0.27 0.25 0.03 0.17 0.54 0.28 0.05 0.42 0.18 0.21
22 100000.00 0.15 0.47 0.33 0.49 0.49 0.49 0.19 0.13 0.10 0.40 0.10 0.58 0.08 0.47 0.10 0.08 0.19 0.17 0.17 0.22 0.17 0.56 0.38 0.07 0.22 0.07 0.29 0.16 0.29 0.08 0.08 0.05 0.21 0.05 0.13 0.05 0.24 0.05 0.02 0.06 0.07 0.04 0.05 0.11 0.30 0.08
23 100000.00 0.44 0.62 0.45 0.44 0.29 0.14 0.57 0.14 0.39 0.08 0.60 0.59 0.53 0.62 0.08 0.63 0.80 0.65 0.11 0.42 0.30 0.62 0.51 0.10 0.32 0.24 0.10 0.07 0.05 0.13 0.09 0.19 100000.00 0.26 0.26 0.37 0.26 100000.00 0.21 0.36 0.29 0.04 0.25 0.20 0.35 0.23
24 100000.00 0.31 0.27 0.50 0.24 0.12 0.50 0.62 0.28 0.59 0.16 0.04 0.06 0.55 0.58 0.04 0.65 0.46 0.21 0.22 0.22 0.28 0.85 0.13 0.13 0.08 0.35 0.15 0.06 0.25 0.39 0.09 0.26 0.10 0.03 0.02 0.29 0.21 0.01 0.26 0.13 0.11 0.06 0.08 0.09 0.43 0.08
25 100000.00 0.15 0.51 0.13 0.66 0.45 0.43 0.21 0.06 0.28 0.34 0.16 0.36 0.27 0.63 0.22 0.12 0.30 0.57 0.16 0.34 0.43 0.09 0.18 0.07 100000.00 100000.00 0.22 0.30 0.29 0.12 0.04 0.12 0.08 100000.00 0.24 0.08 100000.00 100000.00 0.08 0.15 0.26 0.06 0.10 0.18 0.05 100000.00
26 100000.00 0.69 0.75 0.28 0.60 0.36 0.18 0.28 0.46 0.40 0.24 0.37 0.17 0.60 0.48 0.36 0.52 0.24 0.66 0.52 0.12 0.21 0.57 0.18 100000.00 100000.00 0.16 0.17 0.16 0.04 100000.00 100000.00 0.15 0.10 0.18 100000.00 0.38 0.11 0.11 0.31 0.16 100000.00 0.12 0.04 0.10 0.21 100000.00
27 100000.00 0.07 0.50 0.17 0.23 0.10 0.54 0.20 0.20 0.48 0.20 0.60 0.74 0.56 0.53 0.20 0.14 0.56 0.23 0.36 0.27 0.60 0.32 0.51 100000.00 100000.00 100000.00 100000.00 0.05 100000.00 0.09 0.13 0.21 0.13 0.39 100000.00 0.39 100000.00 0.14 0.07 0.27 100000.00 0.18 100000.00 0.36 0.18 0.29
28 100000.00 0.39 0.42 0.21 0.27 0.08 0.25 0.34 0.09 0.28 0.28 0.16 0.17 0.45 0.27 0.18 0.15 0.11 0.14 0.28 0.34 0.31 0.33 0.21 0.20 0.18 0.08 0.13 0.05 0.09 0.09 0.04 0.08 0.14 0.09 0.04 0.12 0.18 0.12 0.06 0.03 0.09 0.13 0.16 0.16 0.16 0.11
29 100000.00 0.09 0.12 0.09 0.12 0.12 0.06 0.06 0.04 0.09 0.03 0.09 0.12 0.09 0.06 0.06 0.09 0.06 0.06 0.03 0.06 0.03 0.09 0.06 0.04 0.03 0.06 0.06 0.06 0.02 0.03 0.02 0.02 0.02 0.03 0.03 0.06 0.03 0.02 0.05 0.01 0.03 0.01 0.04 0.01 0.06 0.02
30 100000.00 0.07 0.20 0.24 0.26 0.10 0.17 0.14 0.29 0.30 0.14 0.05 0.29 0.26 0.07 0.23 0.29 0.32 0.29 0.14 0.20 0.08 0.14 0.29 0.03 100000.00 0.15 0.10 100000.00 0.08 100000.00 0.17 0.20 0.10 0.02 0.19 0.17 0.04 100000.00 100000.00 100000.00 0.11 0.06 0.13 100000.00 0.06 0.20
31 100000.00 0.67 0.34 0.33 0.16 0.25 0.11 0.39 0.23 0.39 0.32 0.45 0.50 0.34 0.47 0.39 0.45 0.47 0.65 0.39 0.42 0.17 0.46 0.48 0.37 0.24 0.07 0.11 0.11 0.03 0.15 0.11 0.23 0.12 0.22 0.26 0.08 0.11 0.26 0.28 0.29 0.17 0.14 0.25 0.05 0.19 0.26
32 100000.00 0.29 0.34 0.06 0.13 0.13 0.09 0.36 0.36 0.41 0.18 0.18 0.45 0.18 0.43 0.11 0.41 0.13 0.06 0.34 0.25 0.18 0.29 0.13 0.08 0.15 0.04 0.03 0.04 0.02 0.11 0.11 0.28 0.11 0.07 0.17 0.09 0.24 0.08 0.15 0.05 0.04 0.17 0.17 0.12 0.07 0.08
33 100000.00 0.22 0.52 0.31 0.15 0.36 0.40 0.22 0.06 0.04 0.04 0.17 0.26 0.36 0.29 0.34 0.17 0.15 0.49 0.04 0.17 0.31 0.43 0.22 0.07 0.33 0.07 0.05 0.22 0.19 0.13 0.03 0.02 0.02 0.04 0.05 0.22 0.18 0.13 0.06 0.05 0.18 0.02 0.04 0.09 0.16 0.08
34 100000.00 0.62 0.37 0.41 0.19 0.25 0.44 0.04 0.13 0.53 0.07 0.10 0.10 0.13 0.28 0.34 0.38 0.10 0.22 0.13 0.04 0.28 0.16 0.53 0.16 0.10 0.16 0.11 0.10 0.19 0.02 0.06 0.29 0.04 0.05 0.03 0.05 0.16 0.24 0.18 0.03 0.13 0.09 0.01 0.18 0.06 0.25
35 100000.00 0.41 0.22 0.17 0.28 0.44 0.23 0.60 0.42 0.08 0.54 0.45 0.25 0.31 0.10 0.20 0.41 0.80 0.55 0.48 0.14 0.51 0.35 0.51 0.13 0.09 0.09 0.10 0.24 0.13 0.36 0.28 0.05 0.16 0.16 0.10 0.11 0.04 0.10 0.15 0.25 0.16 0.18 0.10 0.13 0.09 0.27
36 100000.00 0.18 0.09 0.14 0.09 0.22 0.11 0.18 0.11 0.11 0.14 0.07 0.06 0.11 0.18 0.11 0.05 0.22 0.09 0.09 0.11 0.14 0.11 0.09 0.10 100000.00 0.07 0.06 0.10 0.06 100000.00 0.04 0.03 0.05 0.04 0.04 0.07 0.11 0.05 0.02 0.10 0.06 0.04 100000.00 0.05 0.03 100000.00
37 100000.00 0.37 0.55 0.50 0.22 0.43 0.50 0.25 0.17 0.07 0.56 0.44 0.52 0.52 0.73 0.26 0.35 0.22 0.25 0.53 0.04 0.38 0.19 0.31 0.20 0.15 0.24 0.08 0.30 0.25 0.11 0.04 0.04 0.35 0.23 0.12 0.36 0.42 0.14 0.24 0.11 0.06 0.12 0.02 0.16 0.13 0.19
38 100000.00 0.24 0.33 0.56 0.70 0.15 0.13 0.59 0.47 0.25 0.12 0.22 0.06 0.24 0.73 0.22 0.44 0.40 0.73 0.35 0.16 0.07 0.45 0.41 0.11 0.15 100000.00 0.37 100000.00 0.06 0.16 0.30 100000.00 100000.00 0.08 0.03 0.13 0.17 0.15 0.28 100000.00 0.47 100000.00 0.08 0.02 0.18 0.13
39 100000.00 0.15 0.30 0.12 0.67 0.36 0.28 0.22 0.19 0.19 0.28 0.06 0.64 0.36 0.18 0.58 0.40 0.70 0.43 0.06 0.03 0.37 0.64 0.25 0.03 100000.00 100000.00 0.35 100000.00 0.06 0.10 0.09 0.10 100000.00 100000.00 100000.00 0.11 100000.00 0.28 0.28 0.36 100000.00 0.03 0.01 0.21 0.25 100000.00
40 100000.00 0.23 0.53 0.10 0.16 0.37 0.35 0.24 0.14 0.10 0.10 0.12 0.48 0.09 0.18 0.19 0.08 0.12 0.30 0.35 0.35 0.05 0.55 0.14 0.06 0.30 0.06 0.08 0.18 0.10 0.09 0.05 0.03 0.02 0.08 0.10 0.06 0.13 0.11 0.02 0.06 0.16 0.13 0.21 0.03 0.11 0.09
41 100000.00 0.11 0.24 0.15 0.21 0.24 0.06 0.15 0.12 0.15 0.15 0.09 0.17 0.08 0.08 0.21 0.12 0.18 0.11 0.15 0.09 0.12 0.08 0.15 0.06 0.08 100000.00 0.12 0.05 0.02 0.08 0.06 100000.00 0.05 0.05 0.12 100000.00 0.04 100000.00 0.06 0.07 0.03 0.03 0.06 100000.00 100000.00 0.08
42 100000.00 0.59 0.10 0.56 0.10 0.13 0.44 0.38 0.10 0.65 0.35 0.19 0.58 0.70 0.19 0.13 0.47 0.07 0.13 0.13 0.13 0.44 0.34 0.31 0.27 100000.00 0.21 100000.00 0.04 100000.00 100000.00 0.04 0.13 0.18 100000.00 0.17 0.43 100000.00 0.08 0.14 100000.00 0.04 100000.00 0.06 0.15 0.15 0.14
43 100000.00 0.62 0.16 0.23 0.71 0.25 0.17 0.39 0.57 0.48 0.14 0.23 0.38 0.53 0.71 0.26 0.38 0.71 0.68 0.36 0.35 0.29 0.16 0.17 0.18 0.09 0.15 0.39 0.10 0.06 0.20 0.25 0.25 0.06 0.14 0.08 0.15 0.42 0.15 0.09 0.47 0.15 0.16 0.21 0.15 0.06 0.09
44 100000.00 0.15 0.18 0.10 0.12 0.21 0.07 0.07 0.04 0.13 0.13 0.13 0.12 0.15 0.12 0.10 0.04 0.12 0.12 0.13 0.16 0.07 0.22 0.07 0.09 0.09 0.06 0.06 0.14 0.02 0.03 0.01 0.03 0.07 0.06 0.06 0.05 0.04 0.06 0.02 0.08 0.03 0.03 0.07 0.02 0.14 0.02
45 100000.00 0.42 0.14 0.52 0.48 0.23 0.12 0.43 0.31 0.15 0.46 0.49 0.54 0.51 0.20 0.18 0.30 0.66 0.56 0.24 0.49 0.54 0.26 0.06 0.19 0.03 0.23 0.23 0.16 0.04 0.20 0.18 0.05 0.19 0.18 0.32 0.30 0.06 0.06 0.08 0.27 0.21 0.13 0.12 0.28 0.10 0.02
46 100000.00 0.44 0.30 0.23 0.60 0.51 0.37 0.30 0.44 0.33 0.10 0.44 0.46 0.56 0.58 0.05 0.28 0.56 0.49 0.37 0.33 0.28 0.23 0.03 0.17 0.09 0.13 0.41 100000.00 0.20 0.21 100000.00 0.13 0.06 100000.00 0.16 0.23 0.12 0.02 100000.00 100000.00 100000.00 0.22 0.08 0.11 100000.00 100000.00
47 100000.00 0.19 0.19 0.19 0.28 0.26 0.17 0.08 0.12 0.10 0.10 0.03 0.10 0.14 0.21 0.17 0.17 0.24 0.28 0.10 0.03 0.06 0.26 0.05 0.08 0.07 0.11 0.11 0.11 0.10 0.03 0.03 0.06 0.03 0.01 0.04 0.05 0.14 0.11 0.05 0.08 0.16 0.07 0.01 0.02 0.15 0.04
48 100000.00 0.54 0.17 0.33 0.20 0.69 0.55 0.24 0.24 0.42 0.11 0.27 0.66 0.47 0.71 0.39 0.11 0.17 0.38 0.36 0.58 0.06 0.26 0.55 100000.00 0.12 0.13 0.07 0.46 100000.00 0.05 100000.00 0.21 0.07 100000.00 0.21 0.23 100000.00 0.14 0.05 100000.00 0.25 0.16 100000.00 100000.00 0.13 0.28
49 100000.00 0.31 0.56 0.11 0.58 0.44 0.45 0.26 0.57 0.51 0.48 0.11 0.53 0.07 0.47 0.39 0.05 0.47 0.61 0.29 0.48 0.14 0.62 0.23 0.19 0.28 0.04 0.24 0.25 0.17 0.15 0.16 0.28 0.25 0.05 0.36 0.02 0.18 0.18 0.03 0.16 0.39 0.16 0.28 0.07 0.24 0.12
50 100000.00 0.71 0.63 0.36 0.71 0.26 0.36 0.24 0.09 0.42 0.14 0.39 0.72 0.74 0.23 0.21 0.12 0.20 0.17 0.52 0.37 0.24 0.44 0.15 0.43 0.41 0.13 0.22 0.16 0.23 0.15 0.02 0.13 0.06 0.22 0.39 0.40 0.14 0.04 0.06 0.06 0.08 0.23 0.10 0.16 0.29 0.07
51 100000.00 0.10 0.56 0.13 0.42 0.08 0.20 0.17 0.33 0.10 0.36 0.43 0.17 0.56 0.26 0.29 0.13 0.17 0.22 0.43 0.17 0.08 0.26 0.10 0.03 0.26 100000.00 0.14 0.04 0.12 0.06 0.23 100000.00 0.23 0.23 0.10 0.12 100000.00 0.10 0.06 0.11 100000.00 0.22 0.07 0.02 100000.00 100000.00
52 100000.00 0.06 0.09 0.16 0.54 0.18 0.35 0.16 0.28 0.04 0.56 0.43 0.67 0.49 0.61 0.07 0.28 0.40 0.21 0.53 0.28 0.28 0.67 0.25 0.04 0.03 0.09 0.26 0.05 0.12 0.06 0.07 0.01 0.31 0.26 0.35 0.20 0.32 0.02 0.17 0.11 0.09 0.31 0.17 0.07 0.43 0.05
53 100000.00 0.41 0.68 0.27 0.10 0.35 0.33 0.48 0.48 0.26 0.57 0.11 0.26 0.38 0.68 0.42 0.36 0.47 0.62 0.17 0.14 0.54 0.68 0.32 0.16 0.44 0.07 0.07 0.19 0.22 0.30 0.12 0.13 0.17 0.06 0.14 0.21 0.47 0.24 0.19 0.22 0.28 0.09 0.07 0.22 0.45 0.20
54 100000.00 0.32 0.45 0.41 0.50 0.18 0.32 0.23 0.04 0.18 0.16 0.16 0.48 0.11 0.13 0.04 0.09 0.09 0.50 0.36 0.39 0.13 0.25 0.25 0.08 0.28 0.11 0.13 0.06 0.15 100000.00 0.02 0.08 0.05 0.09 0.22 100000.00 100000.00 0.01 0.03 100000.00 0.25 100000.00 0.17 0.09 100000.00 0.16
55 100000.00 0.15 0.42 0.13 0.21 0.06 0.43 0.16 0.25 0.09 0.47 0.25 0.21 0.21 0.27 0.18 0.15 0.15 0.60 0.52 0.43 0.40 0.24 0.49 0.05 0.26 0.04 0.12 0.03 0.27 0.05 0.17 0.05 0.18 0.13 0.05 0.09 0.10 0.09 0.04 0.10 0.27 0.35 0.30 0.13 0.12 0.24
56 100000.00 0.51 0.32 0.18 0.56 0.08 0.12 0.12 0.34 0.27 0.12 0.61 0.26 0.08 0.69 0.12 0.12 0.69 0.36 0.52 0.27 0.30 0.72 0.52 0.15 100000.00 100000.00 100000.00 0.02 100000.00 100000.00 100000.00 0.12 0.07 100000.00 100000.00 100000.00 0.16 0.05 100000.00 0.38 100000.00 0.26 0.09 0.08 100000.00 0.34
57 100000.00 0.50 0.38 0.33 0.16 0.62 0.23 0.39 0.54 0.36 0.17 0.11 0.13 0.35 0.71 0.20 0.20 0.41 0.77 0.33 0.17 0.29 0.71 0.36 100000.00 0.24 0.16 100000.00 100000.00 100000.00 0.23 0.17 0.17 0.12 100000.00 100000.00 0.22 0.26 0.07 0.07 100000.00 0.44 0.16 0.08 100000.00 0.32 0.08
58 100000.00 0.10 0.52 0.28 0.46 0.13 0.53 0.25 0.07 0.25 0.35 0.07 0.06 0.58 0.37 0.10 0.44 0.06 0.46 0.04 0.47 0.25 0.31 0.16 0.05 0.36 0.11 0.12 0.06 0.21 0.14 100000.00 0.14 100000.00 0.02 0.04 0.26 0.22 0.02 0.17 0.03 0.28 100000.00 0.12 0.08 0.18 0.10
59 100000.00 0.55 0.39 0.33 0.51 0.35 0.40 0.05 0.40 0.42 0.37 0.10 0.21 0.53 0.44 0.30 0.42 0.41 0.14 0.26 0.05 0.12 0.53 0.30 0.36 0.26 0.20 0.14 0.09 0.13 0.02 0.23 0.19 0.15 0.05 0.13 0.36 0.10 0.17 0.08 0.09 0.07 0.09 0.02 0.08 0.18 0.06
60 100000.00 0.27 0.58 0.16 0.24 0.18 0.28 0.37 0.56 0.09 0.52 0.22 0.55 0.15 0.12 0.46 0.06 0.18 0.73 0.21 0.52 0.12 0.42 0.34 0.09 0.40 0.07 0.07 100000.00 0.07 100000.00 0.27 0.04 0.32 0.15 100000.00 100000.00 100000.00 0.16 100000.00 0.10 0.16 0.07 0.21 0.06 100000.00 0.19
61 100000.00 0.16 0.28 0.04 0.16 0.37 0.26 0.56 0.23 0.26 0.25 0.44 0.64 0.52 0.61 0.26 0.20 0.46 0.46 0.14 0.10 0.10 0.52 0.23 0.09 0.12 0.03 0.06 0.19 0.09 0.15 0.13 0.17 0.06 0.30 0.16 0.23 0.22 0.12 0.12 0.17 0.24 0.06 0.04 0.03 0.21 0.05
62 100000.00 0.10 0.52 0.29 0.55 0.37 0.50 0.53 0.13 0.17 0.35 0.50 0.58 0.07 0.34 0.19 0.50 0.43 0.25 0.10 0.07 0.57 0.49 0.50 0.05 0.35 0.20 0.12 0.15 0.17 0.26 0.07 0.06 0.19 0.30 0.18 0.03 0.21 0.07 0.22 0.21 0.16 0.03 0.03 0.26 0.29 0.22
63 100000.00 0.57 0.51 0.34 0.09 0.51 0.52 0.43 0.15 0.49 0.46 0.09 0.33 0.57 0.57 0.58 0.49 0.48 0.21 0.49 0.37 0.52 0.27 0.43 0.39 0.32 0.15 0.03 0.15 0.34 0.17 0.04 0.29 0.22 0.02 0.13 0.16 0.14 0.30 0.30 0.28 0.12 0.22 0.18 0.17 0.12 0.29
64 100000.00 0.88 0.85 0.59 0.12 0.24 0.47 0.04 0.56 0.31 0.41 0.62 0.21 0.85 0.70 0.34 0.65 0.15 0.58 0.50 0.28 0.31 0.67 0.41 0.39 0.40 0.37 0.06 0.13 0.15 0.02 0.27 0.20 0.23 0.40 0.06 0.33 0.28 0.18 0.34 0.04 0.29 0.12 0.06 0.10 0.36 0.22
65 100000.00 0.10 0.28 0.29 0.07 0.43 0.35 0.29 0.56 0.44 0.16 0.47 0.22 0.07 0.77 0.16 0.29 0.67 0.16 0.26 0.32 0.50 0.34 0.13 0.05 0.15 0.11 0.02 0.18 0.07 0.07 0.29 0.14 0.05 0.13 0.12 0.04 0.34 0.08 0.15 0.44 0.09 0.11 0.17 0.34 0.07 0.08
66 100000.00 0.07 0.09 0.05 0.07 0.07 0.05 0.07 0.05 0.05 0.05 0.07 0.07 0.09 0.09 0.05 0.07 0.09 0.09 0.05 0.05 0.07 0.09 0.07 0.02 0.02 0.02 0.04 0.04 0.02 0.02 0.02 100000.00 0.02 100000.00 0.04 0.06 0.06 0.03 100000.00 100000.00 0.03 0.02 0.02 0.03 0.03 0.02
67 100000.00 0.53 0.28 0.23 0.58 0.46 0.32 0.20 0.41 0.54 0.29 0.54 0.83 0.70 0.83 0.50 0.54 0.86 0.22 0.17 0.32 0.42 0.43 0.32 0.36 0.14 0.13 0.31 0.25 0.20 0.11 0.10 0.23 0.12 0.20 0.24 0.34 0.39 0.29 0.14 0.41 0.06 0.06 0.16 0.25 0.29 0.08
68 100000.00 0.10 0.40 0.35 0.61 0.65 0.60 0.32 0.07 0.22 0.41 0.35 0.62 0.31 0.83 0.04 0.17 0.67 0.19 0.50 0.22 0.07 0.25 0.13 0.02 0.25 0.08 100000.00 0.13 0.37 0.18 0.02 0.11 0.23 0.12 100000.00 100000.00 0.52 0.02 0.04 0.30 0.10 0.22 0.05 0.04 0.17 0.04
69 100000.00 0.37 0.37 0.26 0.44 0.53 0.14 0.46 0.35 0.33 0.35 0.10 0.46 0.18 0.48 0.12 0.42 0.25 0.41 0.44 0.26 0.21 0.55 0.42 0.12 0.19 0.07 0.25 0.17 100000.00 0.21 0.20 0.12 0.08 0.04 100000.00 100000.00 0.29 0.07 0.20 0.13 0.09 0.19 100000.00 0.10 0.12 0.16
70 100000.00 0.13 0.61 0.07 0.07 0.71 0.45 0.07 0.45 0.13 0.17 0.07 0.43 0.70 0.73 0.19 0.07 0.52 0.67 0.26 0.47 0.44 0.37 0.38 0.03 0.19 0.05 0.04 0.43 0.25 0.05 0.14 0.06 0.06 0.05 0.21 0.40 0.30 0.05 0.02 0.27 0.19 0.10 0.25 0.15 0.10 0.27
71 100000.00 0.42 0.40 0.13 0.22 0.22 0.06 0.27 0.29 0.04 0.38 0.20 0.24 0.56 0.24 0.47 0.31 0.05 0.31 0.33 0.20 0.24 0.58 0.36 0.17 0.09 100000.00 100000.00 100000.00 0.02 0.09 0.07 0.01 0.25 100000.00 100000.00 0.36 100000.00 0.32 0.06 0.03 0.16 0.22 100000.00 0.15 100000.00 100000.00
72 100000.00 0.10 0.07 0.05 0.12 0.05 0.03 0.03 0.03 0.07 0.03 0.03 0.05 0.12 0.05 0.10 0.03 0.05 0.10 0.03 0.03 0.07 0.05 0.05 0.05 0.04 0.01 0.08 0.02 0.01 0.01 0.01 0.02 0.01 0.01 0.01 0.07 0.03 0.02 0.01 0.01 0.06 0.01 0.02 0.02 0.01 0.03
73 100000.00 0.46 0.18 0.16 0.37 0.25 0.33 0.14 0.35 0.37 0.37 0.35 0.35 0.23 0.07 0.12 0.28 0.21 0.21 0.26 0.14 0.12 0.14 0.26 100000.00 0.10 100000.00 0.15 0.06 0.23 100000.00 100000.00 100000.00 100000.00 100000.00 100000.00 0.12 0.05 0.08 100000.00 0.09 0.06 0.09 0.04 0.03 100000.00 0.11
74 100000.00 0.27 0.20 0.11 0.13 0.27 0.20 0.20 0.20 0.18 0.08 0.11 0.17 0.17 0.20 0.18 0.11 0.20 0.22 0.18 0.04 0.09 0.13 0.15 0.14 0.12 0.05 0.06 0.05 0.07 0.09 0.14 0.07 0.04 0.03 0.09 0.09 0.05 0.08 0.07 0.07 0.07 0.06 0.03 0.06 0.08 0.06
75 100000.00 0.44 0.50 0.17 0.16 0.10 0.57 0.35 0.57 0.36 0.54 0.45 0.56 0.13 0.74 0.51 0.66 0.22 0.07 0.24 0.48 0.29 0.16 0.45 0.27 0.13 100000.00 100000.00 0.03 100000.00 0.08 0.17 0.12 0.22 0.15 0.24 0.05 0.49 0.33 100000.00 0.05 100000.00 0.08 0.13 0.16 0.04 0.17
<task rigidity>
1 4
2 2
3 7
4 8
5 4
6 7
7 9
8 2
9 3
10 7
11 5
12 4
13 4
14 4
15 3
16 1
17 4
18 4
19 3
20 5
21 10
22 8
23 7
24 9
25 3
26 9
27 5
28 2
29 5
30 1
31 6
32 2
33 5
34 4
35 6
36 4
37 4
38 2
39 9
40 6
41 3
42 9
43 2
44 6
45 6
46 8
47 7
48 3
49 6
50 1
51 1
52 8
53 2
54 9
55 1
56 6
57 1
58 2
59 9
60 8
61 6
62 4
63 3
64 8
65 1
66 4
67 5
68 6
69 7
70 6
71 8
72 10
73 8
74 4
75 3
<precedence relations>
1,2
1,3
1,4
1,5
1,6
1,7
2,15
3,13
3,24
4,8
4,14
4,16
5,12
5,15
6,9
6,10
6,11
6,13
9,20
9,24
10,18
12,19
13,22
15,17
15,20
15,23
16,21
16,26
17,30
18,26
18,30
20,27
21,33
24,25
25,28
25,30
25,33
25,34
26,31
26,32
26,41
27,29
27,35
27,36
31,37
31,39
32,44
32,45
33,41
35,38
35,42
36,40
36,43
39,51
40,46
42,47
43,48
43,50
46,48
46,51
47,49
47,50
47,52
47,53
49,59
49,61
49,62
50,54
50,55
50,60
50,62
52,56
52,57
53,58
55,63
58,65
59,64
59,66
62,67
66,68
68,69
68,70
68,71
68,72
68,73
68,74
68,75
<end>