<number of tasks>
75
<number of stations>
13
<number of workers>
13
<type of the robots>
1
<limit of the robots>
6
<task times>
1 100000 19 7 11 18 12 12 1 1 8 19 4 2 7 100000 100000 7 12 100000 8 1 1 100000 13 100000 2 5
2 31 10 20 13 16 23 1 12 3 3 7 1 5 16 7 13 9 12 17 1 8 2 2 5 1 4 10
3 100000 8 3 22 13 23 21 18 14 23 2 4 13 4 100000 100000 15 100000 16 14 11 10 16 2 3 9 3
4 33 23 12 18 19 15 20 16 15 21 6 6 8 13 16 9 13 13 10 13 10 10 14 4 4 5 9
5 31 8 6 13 20 17 12 18 7 15 5 8 14 20 6 4 10 13 11 8 13 5 10 4 5 10 13
6 28 4 8 5 1 9 2 17 3 5 1 9 7 13 3 5 4 1 6 2 12 2 4 1 6 5 9
7 100000 2 1 3 2 4 1 1 2 4 2 3 1 3 2 100000 3 2 100000 100000 1 2 3 100000 2 100000 100000
8 30 2 17 15 13 10 21 11 16 2 14 15 4 15 2 12 10 9 7 15 7 11 2 10 11 3 10
9 31 18 9 11 1 18 16 13 21 17 13 18 18 22 12 6 8 1 11 12 9 13 12 9 12 12 16
10 27 21 7 3 4 10 13 3 15 18 9 7 6 12 15 5 3 3 7 8 2 11 13 6 5 4 8
11 28 11 20 8 12 3 17 17 16 8 3 9 20 19 8 13 5 8 3 11 11 11 6 3 6 13 13
12 100000 15 10 6 5 7 14 2 4 4 4 5 9 6 10 7 100000 4 5 10 100000 3 3 3 100000 7 4
13 100000 2 3 4 2 3 2 3 1 5 1 3 5 4 100000 100000 100000 2 3 100000 2 100000 4 100000 100000 4 100000
14 31 13 12 2 1 14 12 1 9 20 16 18 14 15 8 8 2 1 9 8 1 6 13 11 12 10 11
15 100000 4 4 4 1 4 3 4 3 2 3 2 4 3 3 100000 3 100000 3 2 100000 3 2 2 100000 100000 100000
16 36 6 1 1 2 8 14 8 14 15 8 19 5 8 5 1 1 2 6 9 6 9 10 5 14 4 6
17 100000 6 4 3 3 8 15 19 12 20 4 15 20 13 100000 3 2 2 6 11 100000 100000 14 3 10 14 100000
18 100000 3 2 1 2 3 1 1 5 1 5 1 4 3 3 100000 1 2 2 1 100000 4 100000 4 100000 3 2
19 33 3 10 5 23 20 6 1 20 3 20 20 20 10 2 7 4 16 13 5 1 14 2 13 13 13 7
20 35 22 25 16 11 4 17 15 18 21 6 24 3 8 16 16 11 8 3 11 11 13 14 4 15 3 6
21 100000 19 26 20 3 5 24 19 4 11 19 3 1 25 12 18 13 2 100000 100000 14 3 8 13 3 100000 100000
22 36 17 21 23 21 4 15 8 1 3 16 4 22 22 12 14 16 13 3 10 6 1 3 10 3 14 14
23 100000 5 6 7 4 11 6 24 24 11 12 2 21 5 100000 5 5 3 8 5 100000 17 100000 9 100000 15 100000
24 36 23 20 5 10 1 12 12 2 25 1 13 10 14 15 13 4 7 1 8 8 2 16 1 9 7 10
25 27 11 20 1 3 15 18 19 7 6 6 19 19 17 8 13 1 2 11 13 14 5 4 5 13 13 12
26 100000 1 4 2 15 7 18 13 1 16 9 17 15 17 1 3 2 100000 100000 13 9 100000 10 6 12 10 100000
27 100000 2 4 1 1 10 6 6 2 12 3 4 9 19 2 3 1 1 7 100000 4 100000 100000 3 3 7 100000
28 100000 12 3 12 3 2 5 3 6 7 4 1 4 4 100000 3 8 2 2 4 2 5 100000 100000 100000 3 3
29 4 3 1 3 2 2 1 3 1 1 1 1 1 2 2 1 2 2 2 1 2 1 1 1 1 1 2
30 14 2 3 3 5 6 1 11 5 3 8 11 3 11 2 3 2 4 4 1 8 4 3 6 8 3 7
31 29 5 6 20 20 1 9 7 9 5 19 18 9 14 4 5 13 13 1 7 5 6 4 13 11 7 10
32 29 9 13 20 20 19 4 10 8 4 9 21 9 3 7 9 13 14 13 3 7 6 3 6 15 6 2
33 100000 2 4 3 12 17 19 7 11 9 10 8 1 21 2 100000 100000 100000 12 12 5 8 6 7 5 1 14
34 29 18 3 9 4 2 10 6 4 8 21 2 15 21 12 2 6 3 2 7 4 3 6 13 2 11 14
35 32 16 13 19 5 5 3 18 8 2 1 17 23 7 11 9 13 4 4 3 12 6 2 1 11 16 5
36 11 8 8 6 7 1 1 8 6 7 1 4 7 1 5 6 5 5 1 1 5 4 5 1 3 5 1
37 100000 8 20 5 21 15 22 22 8 17 10 17 17 11 5 100000 4 100000 11 100000 15 6 12 7 100000 12 8
38 100000 12 6 16 15 6 4 18 22 24 10 16 16 14 100000 100000 10 11 4 100000 12 14 100000 100000 10 100000 9
39 100000 11 15 8 22 2 19 4 8 5 16 22 10 5 8 10 6 15 2 13 100000 6 4 100000 15 7 100000
40 28 1 13 14 10 8 16 1 7 18 6 9 21 3 1 9 10 7 6 11 1 5 12 4 6 15 2
41 7 2 2 5 4 5 4 4 2 2 6 4 2 2 2 2 4 3 4 3 3 2 2 4 3 2 2
42 36 25 18 5 23 5 11 15 8 21 26 11 26 16 16 12 4 15 4 7 10 6 14 18 7 18 11
43 100000 4 22 17 10 1 4 11 14 15 2 19 5 5 3 100000 12 7 1 3 7 9 11 2 100000 100000 100000
44 100000 2 5 4 4 5 3 5 5 2 3 3 1 4 100000 100000 3 3 4 2 100000 100000 2 2 100000 100000 100000
45 28 21 3 11 1 12 4 6 11 17 6 4 20 20 15 3 8 1 8 3 4 7 12 4 3 13 14
46 100000 13 9 23 11 21 5 8 14 21 12 8 5 7 10 100000 100000 100000 100000 4 5 10 100000 8 6 4 5
47 100000 8 5 4 6 8 2 6 7 3 11 1 3 11 5 4 3 100000 6 100000 4 5 2 8 1 2 100000
48 100000 8 20 18 2 11 13 18 18 8 15 1 20 17 100000 14 100000 2 100000 9 11 13 100000 10 1 14 11
49 29 8 9 16 2 13 5 3 9 7 5 21 7 14 6 6 11 2 9 4 2 6 5 4 14 5 9
50 32 23 15 10 7 21 4 5 14 10 4 3 15 22 15 10 7 5 14 3 4 9 7 3 2 11 14
51 28 21 7 13 1 12 5 20 9 12 22 22 22 10 15 5 9 1 8 4 14 7 8 14 15 15 7
52 100000 20 1 13 6 1 4 20 13 15 10 14 17 13 14 1 100000 4 1 3 14 100000 100000 7 100000 100000 10
53 31 9 23 1 6 18 21 11 14 6 15 17 9 13 7 15 1 4 12 13 8 10 5 10 11 6 9
54 100000 21 20 10 11 21 9 9 10 15 4 20 13 21 13 100000 100000 7 100000 100000 6 7 10 3 13 9 13
55 100000 14 18 2 19 1 18 5 13 12 12 21 2 14 9 100000 2 100000 100000 100000 100000 9 100000 9 14 2 100000
56 33 11 2 10 14 7 22 16 14 22 7 1 18 20 8 2 7 9 5 15 10 9 14 5 1 13 13
57 29 11 9 23 6 20 16 22 5 5 13 6 6 17 8 6 15 4 13 11 15 4 4 9 5 4 12
58 27 3 13 9 4 17 18 12 19 5 13 18 20 3 3 9 6 3 12 12 8 13 4 8 13 14 2
59 28 6 18 2 7 6 10 1 15 14 14 3 7 18 5 11 2 5 4 7 1 11 9 9 2 5 12
60 28 3 17 13 13 21 6 19 4 17 20 5 9 21 2 12 9 9 15 4 13 3 12 13 4 6 14
61 28 16 6 18 4 4 12 16 19 15 21 20 17 6 10 5 12 3 3 8 11 14 10 14 14 11 4
62 30 17 9 14 4 14 15 16 1 6 13 14 19 18 12 6 9 3 10 11 10 1 4 9 10 14 12
63 29 16 5 3 5 10 6 11 10 11 4 10 1 9 12 4 3 4 7 5 8 7 7 3 7 1 7
64 100000 20 23 18 20 5 16 13 16 5 18 11 18 8 13 100000 13 14 100000 11 100000 100000 4 13 100000 12 5
65 29 1 7 9 17 1 7 6 20 4 14 11 22 21 1 5 7 12 1 5 4 14 3 9 8 15 15
66 2 1 1 1 1 1 1 1 2 1 1 2 2 1 1 1 1 1 1 1 1 2 1 1 2 2 1
67 34 22 21 20 13 14 5 25 25 10 24 4 10 8 16 14 14 10 9 4 16 16 7 16 3 7 6
68 100000 9 4 14 8 2 6 13 16 24 14 19 9 7 6 3 100000 5 2 4 8 11 100000 100000 14 6 5
69 100000 18 12 4 18 24 1 8 17 2 7 5 3 14 12 100000 3 13 16 1 6 11 100000 5 100000 2 10
70 29 15 16 2 14 17 20 18 9 7 11 20 20 11 10 11 2 10 11 13 12 6 5 8 13 13 8
71 33 21 14 4 14 7 12 15 2 13 9 15 24 21 14 9 3 9 5 8 11 2 9 7 10 17 14
72 5 1 4 2 1 1 4 3 4 3 2 4 2 2 1 3 2 1 1 3 2 3 2 2 3 2 2
73 30 15 12 18 14 13 4 19 15 10 6 20 3 8 10 8 12 10 9 3 12 10 7 4 13 2 5
74 14 3 10 1 3 5 6 5 8 9 1 9 4 5 2 7 1 3 4 5 4 5 7 1 6 3 4
75 100000 25 15 20 3 21 4 20 5 10 7 14 3 8 100000 10 100000 3 100000 3 14 100000 100000 5 100000 2 6
<posture of tasks>
1 1
2 1
3 1
4 1
5 1
6 0
7 1
8 1
9 1
10 1
11 1
12 1
13 1
14 1
15 1
16 0
17 0
18 0
19 1
20 1
21 0
22 1
23 1
24 1
25 1
26 1
27 1
28 1
29 1
30 0
31 1
32 1
33 1
34 1
35 1
36 1
37 0
38 1
39 1
40 1
41 1
42 1
43 1
44 1
45 1
46 1
47 1
48 0
49 1
50 1
51 1
52 0
53 0
54 1
55 0
56 1
57 0
58 1
59 1
60 0
61 1
62 1
63 0
64 1
65 0
66 1
67 1
68 1
69 1
70 0
71 1
72 1
73 1
74 1
75 1
<max energy cosumption of alternatives>
1 100000.00
2 4.40
3 4.65
4 4.68
5 3.00
6 5.56
7 2.78
8 2.54
9 4.79
10 4.46
11 5.42
12 4.29
13 3.15
14 3.02
<energy cosumption of alternatives>
1 100000.00 0.62 0.26 0.38 0.51 0.41 0.33 0.05 0.07 0.29 0.62 0.16 0.08 0.21 100000.00 100000.00 0.19 0.11 100000.00 0.21 0.03 0.02 100000.00 0.25 100000.00 0.05 0.08
2 100000.00 0.33 0.64 0.43 0.43 0.76 0.03 0.31 0.12 0.12 0.24 0.06 0.13 0.40 0.15 0.15 0.27 0.23 0.18 0.02 0.18 0.03 0.06 0.13 0.04 0.03 0.11
3 100000.00 0.27 0.12 0.70 0.35 0.76 0.53 0.47 0.46 0.73 0.09 0.15 0.32 0.13 100000.00 100000.00 0.19 100000.00 0.27 0.24 0.11 0.21 0.42 0.02 0.10 0.14 0.05
4 100000.00 0.75 0.41 0.60 0.52 0.53 0.52 0.45 0.50 0.69 0.23 0.23 0.24 0.36 0.52 0.10 0.26 0.24 0.19 0.13 0.30 0.31 0.47 0.09 0.14 0.09 0.21
5 100000.00 0.27 0.21 0.43 0.53 0.58 0.31 0.47 0.25 0.49 0.18 0.27 0.35 0.53 0.12 0.13 0.14 0.32 0.22 0.16 0.26 0.10 0.11 0.11 0.09 0.16 0.33
6 100000.00 0.12 0.21 0.14 0.03 0.23 0.05 0.33 0.10 0.14 0.05 0.23 0.14 0.26 0.04 0.13 0.05 0.02 0.15 0.03 0.16 0.06 0.09 0.02 0.14 0.05 0.09
7 100000.00 0.10 0.07 0.13 0.08 0.17 0.05 0.05 0.10 0.16 0.10 0.13 0.05 0.11 0.03 100000.00 0.03 0.02 100000.00 100000.00 0.03 0.06 0.06 100000.00 0.04 100000.00 100000.00
8 100000.00 0.10 0.56 0.50 0.36 0.35 0.54 0.30 0.53 0.10 0.47 0.50 0.14 0.42 0.06 0.32 0.31 0.15 0.07 0.37 0.16 0.28 0.03 0.16 0.24 0.05 0.18
9 100000.00 0.58 0.30 0.37 0.04 0.61 0.40 0.34 0.67 0.55 0.42 0.58 0.44 0.56 0.16 0.18 0.11 0.01 0.26 0.19 0.17 0.30 0.25 0.13 0.38 0.12 0.18
10 100000.00 0.66 0.24 0.12 0.12 0.33 0.31 0.09 0.48 0.57 0.30 0.24 0.16 0.31 0.43 0.07 0.07 0.06 0.17 0.08 0.03 0.27 0.37 0.15 0.05 0.08 0.12
11 100000.00 0.38 0.65 0.29 0.35 0.14 0.45 0.45 0.53 0.29 0.13 0.32 0.51 0.51 0.13 0.43 0.18 0.09 0.04 0.18 0.15 0.24 0.08 0.05 0.17 0.28 0.21
12 100000.00 0.50 0.35 0.23 0.17 0.26 0.36 0.09 0.17 0.17 0.17 0.20 0.24 0.18 0.16 0.17 100000.00 0.12 0.15 0.14 100000.00 0.08 0.11 0.05 100000.00 0.07 0.06
13 100000.00 0.11 0.14 0.17 0.09 0.14 0.09 0.12 0.08 0.20 0.08 0.14 0.15 0.15 100000.00 100000.00 100000.00 0.05 0.09 100000.00 0.04 100000.00 0.13 100000.00 100000.00 0.07 100000.00
14 100000.00 0.43 0.40 0.10 0.05 0.47 0.32 0.05 0.32 0.65 0.53 0.59 0.36 0.41 0.14 0.19 0.05 0.01 0.16 0.21 0.01 0.07 0.25 0.17 0.16 0.13 0.28
15 100000.00 0.15 0.15 0.15 0.04 0.15 0.10 0.13 0.12 0.09 0.12 0.09 0.13 0.10 0.08 100000.00 0.10 100000.00 0.05 0.03 100000.00 0.08 0.05 0.07 100000.00 100000.00 100000.00
16 100000.00 0.17 0.06 0.06 0.06 0.22 0.27 0.18 0.36 0.38 0.22 0.47 0.11 0.18 0.12 0.01 0.02 0.03 0.10 0.09 0.09 0.16 0.21 0.11 0.14 0.03 0.12
17 100000.00 0.19 0.14 0.12 0.10 0.23 0.31 0.40 0.33 0.51 0.14 0.39 0.40 0.29 100000.00 0.09 0.03 0.06 0.16 0.17 100000.00 100000.00 0.19 0.08 0.17 0.13 100000.00
18 100000.00 0.10 0.08 0.05 0.06 0.10 0.03 0.03 0.14 0.05 0.14 0.05 0.10 0.08 0.06 100000.00 0.03 0.03 0.02 0.02 100000.00 0.06 100000.00 0.07 100000.00 0.06 0.03
19 100000.00 0.12 0.34 0.19 0.62 0.67 0.16 0.04 0.64 0.13 0.64 0.64 0.50 0.28 0.03 0.15 0.05 0.19 0.18 0.11 0.02 0.24 0.07 0.38 0.45 0.34 0.19
20 100000.00 0.71 0.80 0.53 0.33 0.17 0.45 0.42 0.59 0.69 0.23 0.77 0.11 0.24 0.36 0.42 0.15 0.22 0.06 0.24 0.28 0.25 0.15 0.12 0.46 0.06 0.15
21 100000.00 0.49 0.65 0.51 0.10 0.16 0.47 0.40 0.14 0.30 0.49 0.12 0.05 0.51 0.13 0.18 0.30 0.07 100000.00 100000.00 0.26 0.08 0.20 0.14 0.02 100000.00 100000.00
22 100000.00 0.55 0.67 0.74 0.56 0.16 0.38 0.23 0.07 0.13 0.52 0.16 0.54 0.56 0.33 0.32 0.16 0.28 0.10 0.26 0.05 0.02 0.05 0.13 0.04 0.16 0.30
23 100000.00 0.19 0.22 0.25 0.14 0.38 0.17 0.63 0.77 0.37 0.40 0.10 0.51 0.16 100000.00 0.04 0.13 0.05 0.14 0.03 100000.00 0.35 100000.00 0.17 100000.00 0.30 100000.00
24 100000.00 0.74 0.65 0.20 0.30 0.08 0.33 0.33 0.11 0.81 0.07 0.44 0.27 0.39 0.40 0.31 0.04 0.10 0.03 0.19 0.12 0.06 0.56 0.05 0.27 0.11 0.22
25 100000.00 0.39 0.66 0.08 0.12 0.54 0.46 0.52 0.27 0.23 0.23 0.63 0.49 0.46 0.23 0.14 0.02 0.03 0.13 0.28 0.34 0.10 0.06 0.07 0.18 0.19 0.13
26 100000.00 0.05 0.14 0.08 0.40 0.24 0.43 0.34 0.05 0.51 0.29 0.54 0.37 0.43 0.02 0.05 0.04 100000.00 100000.00 0.29 0.13 100000.00 0.24 0.13 0.28 0.15 100000.00
27 100000.00 0.09 0.15 0.06 0.04 0.34 0.16 0.17 0.09 0.40 0.12 0.15 0.23 0.50 0.06 0.10 0.03 0.03 0.24 100000.00 0.09 100000.00 100000.00 0.07 0.10 0.05 100000.00
28 100000.00 0.39 0.12 0.40 0.10 0.09 0.13 0.10 0.21 0.24 0.15 0.06 0.13 0.13 100000.00 0.05 0.22 0.03 0.05 0.07 0.06 0.07 100000.00 100000.00 100000.00 0.05 0.08
29 100000.00 0.13 0.07 0.13 0.08 0.10 0.05 0.11 0.07 0.07 0.07 0.07 0.05 0.08 0.04 0.03 0.08 0.02 0.04 0.02 0.06 0.03 0.02 0.04 0.04 0.03 0.05
30 100000.00 0.08 0.10 0.10 0.12 0.17 0.03 0.22 0.14 0.10 0.21 0.28 0.08 0.22 0.05 0.06 0.02 0.06 0.12 0.01 0.10 0.08 0.04 0.07 0.09 0.04 0.10
31 100000.00 0.20 0.23 0.66 0.55 0.08 0.24 0.21 0.32 0.20 0.62 0.59 0.24 0.39 0.11 0.16 0.34 0.33 0.04 0.08 0.09 0.14 0.12 0.23 0.28 0.05 0.18
32 100000.00 0.31 0.44 0.65 0.54 0.65 0.14 0.29 0.28 0.16 0.31 0.68 0.23 0.11 0.16 0.23 0.22 0.15 0.40 0.08 0.15 0.16 0.06 0.21 0.21 0.05 0.06
33 100000.00 0.09 0.15 0.12 0.34 0.58 0.47 0.19 0.37 0.30 0.33 0.27 0.04 0.53 0.03 100000.00 100000.00 100000.00 0.31 0.13 0.07 0.15 0.08 0.12 0.15 0.02 0.23
34 100000.00 0.59 0.13 0.32 0.14 0.11 0.27 0.18 0.17 0.29 0.68 0.10 0.39 0.54 0.32 0.08 0.11 0.04 0.04 0.07 0.09 0.09 0.18 0.30 0.07 0.12 0.14
35 100000.00 0.51 0.42 0.60 0.15 0.18 0.09 0.46 0.27 0.08 0.05 0.54 0.55 0.18 0.24 0.22 0.26 0.05 0.04 0.02 0.23 0.08 0.06 0.01 0.30 0.21 0.11
36 100000.00 0.28 0.28 0.22 0.19 0.06 0.04 0.22 0.22 0.25 0.06 0.15 0.19 0.04 0.11 0.13 0.15 0.13 0.02 0.01 0.09 0.11 0.07 0.04 0.07 0.06 0.01
37 100000.00 0.23 0.50 0.16 0.44 0.41 0.41 0.44 0.23 0.43 0.27 0.43 0.32 0.23 0.09 100000.00 0.08 100000.00 0.24 100000.00 0.14 0.13 0.11 0.17 100000.00 0.16 0.14
38 100000.00 0.41 0.22 0.53 0.42 0.23 0.14 0.48 0.71 0.77 0.35 0.53 0.42 0.39 100000.00 100000.00 0.31 0.24 0.15 100000.00 0.27 0.39 100000.00 100000.00 0.36 100000.00 0.15
39 100000.00 0.37 0.50 0.29 0.60 0.10 0.48 0.14 0.29 0.19 0.53 0.71 0.27 0.17 0.15 0.32 0.19 0.40 0.04 0.25 100000.00 0.18 0.04 100000.00 0.15 0.10 100000.00
40 100000.00 0.07 0.44 0.47 0.29 0.29 0.42 0.05 0.25 0.59 0.22 0.31 0.52 0.11 0.03 0.28 0.26 0.15 0.07 0.29 0.03 0.11 0.25 0.07 0.16 0.31 0.04
41 100000.00 0.10 0.10 0.19 0.14 0.19 0.14 0.14 0.10 0.10 0.22 0.16 0.08 0.08 0.03 0.05 0.13 0.08 0.13 0.03 0.07 0.05 0.05 0.13 0.05 0.02 0.04
42 100000.00 0.80 0.59 0.20 0.63 0.20 0.30 0.42 0.29 0.68 0.83 0.38 0.64 0.42 0.34 0.36 0.08 0.18 0.10 0.15 0.22 0.12 0.41 0.27 0.15 0.32 0.16
43 100000.00 0.16 0.71 0.56 0.29 0.07 0.14 0.30 0.47 0.50 0.10 0.62 0.14 0.17 0.05 100000.00 0.36 0.18 0.02 0.08 0.14 0.32 0.34 0.05 100000.00 100000.00 100000.00
44 100000.00 0.10 0.19 0.16 0.14 0.20 0.11 0.17 0.19 0.10 0.13 0.13 0.05 0.14 100000.00 100000.00 0.07 0.03 0.06 0.03 100000.00 100000.00 0.07 0.06 100000.00 100000.00 100000.00
45 100000.00 0.67 0.12 0.37 0.04 0.40 0.13 0.16 0.37 0.55 0.21 0.15 0.50 0.53 0.39 0.05 0.12 0.01 0.16 0.03 0.04 0.18 0.34 0.07 0.08 0.32 0.33
46 100000.00 0.42 0.30 0.73 0.31 0.70 0.13 0.22 0.45 0.67 0.39 0.27 0.13 0.19 0.26 100000.00 100000.00 100000.00 100000.00 0.04 0.09 0.10 100000.00 0.17 0.13 0.04 0.10
47 100000.00 0.28 0.19 0.16 0.19 0.28 0.07 0.17 0.25 0.13 0.37 0.06 0.10 0.29 0.09 0.07 0.09 100000.00 0.10 100000.00 0.05 0.12 0.08 0.19 0.04 0.03 100000.00
48 100000.00 0.22 0.50 0.45 0.06 0.29 0.24 0.36 0.45 0.22 0.38 0.06 0.38 0.34 100000.00 0.10 100000.00 0.03 100000.00 0.12 0.23 0.23 100000.00 0.10 0.03 0.08 0.14
49 100000.00 0.29 0.32 0.53 0.08 0.44 0.15 0.11 0.32 0.26 0.19 0.68 0.21 0.39 0.14 0.19 0.37 0.03 0.17 0.07 0.05 0.07 0.09 0.10 0.39 0.09 0.22
50 100000.00 0.74 0.50 0.35 0.21 0.71 0.14 0.17 0.47 0.35 0.17 0.14 0.39 0.58 0.47 0.21 0.21 0.05 0.48 0.07 0.07 0.32 0.07 0.11 0.09 0.23 0.19
51 100000.00 0.66 0.24 0.42 0.03 0.39 0.13 0.52 0.30 0.39 0.69 0.69 0.53 0.27 0.41 0.13 0.10 0.02 0.16 0.04 0.20 0.07 0.15 0.33 0.44 0.36 0.11
52 100000.00 0.49 0.05 0.33 0.15 0.05 0.10 0.40 0.33 0.38 0.26 0.35 0.31 0.26 0.22 0.03 100000.00 0.07 0.01 0.05 0.21 100000.00 100000.00 0.18 100000.00 100000.00 0.11
53 100000.00 0.25 0.57 0.07 0.16 0.48 0.42 0.23 0.37 0.18 0.39 0.43 0.19 0.28 0.11 0.21 0.04 0.07 0.33 0.29 0.09 0.13 0.11 0.20 0.18 0.09 0.18
54 100000.00 0.68 0.65 0.35 0.33 0.71 0.24 0.27 0.35 0.50 0.17 0.65 0.33 0.55 0.43 100000.00 100000.00 0.18 100000.00 100000.00 0.08 0.19 0.19 0.08 0.21 0.22 0.26
55 100000.00 0.35 0.45 0.08 0.38 0.05 0.33 0.13 0.33 0.31 0.31 0.51 0.06 0.29 0.08 100000.00 0.03 100000.00 100000.00 100000.00 100000.00 0.12 100000.00 0.19 0.28 0.03 100000.00
56 100000.00 0.37 0.09 0.34 0.38 0.25 0.54 0.44 0.46 0.70 0.25 0.06 0.44 0.53 0.19 0.05 0.16 0.12 0.14 0.25 0.17 0.31 0.30 0.16 0.03 0.18 0.20
57 100000.00 0.30 0.25 0.57 0.16 0.53 0.32 0.44 0.16 0.16 0.34 0.18 0.14 0.35 0.15 0.06 0.14 0.08 0.22 0.17 0.15 0.06 0.06 0.23 0.07 0.07 0.14
58 100000.00 0.12 0.42 0.30 0.13 0.57 0.44 0.31 0.61 0.18 0.42 0.58 0.49 0.10 0.04 0.23 0.20 0.07 0.12 0.18 0.15 0.32 0.04 0.24 0.24 0.13 0.03
59 100000.00 0.22 0.58 0.10 0.20 0.22 0.26 0.05 0.50 0.47 0.46 0.13 0.20 0.48 0.12 0.17 0.03 0.10 0.08 0.10 0.02 0.25 0.31 0.12 0.03 0.12 0.20
60 100000.00 0.12 0.44 0.35 0.29 0.56 0.15 0.40 0.15 0.44 0.51 0.17 0.19 0.42 0.04 0.21 0.24 0.16 0.21 0.07 0.25 0.04 0.12 0.18 0.11 0.06 0.23
61 100000.00 0.52 0.21 0.58 0.13 0.15 0.31 0.43 0.61 0.49 0.67 0.64 0.41 0.16 0.21 0.04 0.12 0.03 0.11 0.17 0.20 0.28 0.12 0.15 0.13 0.24 0.05
62 100000.00 0.56 0.31 0.47 0.14 0.47 0.39 0.44 0.07 0.22 0.43 0.46 0.48 0.48 0.24 0.17 0.28 0.09 0.29 0.18 0.13 0.03 0.09 0.14 0.13 0.21 0.31
63 100000.00 0.40 0.15 0.11 0.13 0.27 0.13 0.23 0.27 0.29 0.13 0.27 0.04 0.20 0.27 0.03 0.03 0.09 0.13 0.07 0.15 0.12 0.15 0.04 0.07 0.03 0.08
64 100000.00 0.64 0.74 0.59 0.54 0.19 0.41 0.35 0.53 0.19 0.58 0.37 0.45 0.23 0.42 100000.00 0.38 0.24 100000.00 0.15 100000.00 100000.00 0.13 0.19 100000.00 0.29 0.12
65 100000.00 0.06 0.20 0.24 0.36 0.06 0.15 0.13 0.50 0.13 0.36 0.29 0.41 0.41 0.01 0.10 0.11 0.10 0.04 0.11 0.08 0.25 0.06 0.15 0.10 0.19 0.20
66 100000.00 0.07 0.07 0.07 0.05 0.07 0.05 0.05 0.10 0.07 0.07 0.10 0.08 0.05 0.02 0.04 0.04 0.03 0.04 0.02 0.01 0.03 0.04 0.04 0.03 0.02 0.01
67 100000.00 0.69 0.66 0.64 0.34 0.46 0.13 0.65 0.79 0.33 0.75 0.15 0.25 0.22 0.35 0.36 0.42 0.09 0.12 0.03 0.20 0.17 0.07 0.35 0.06 0.11 0.12
68 100000.00 0.31 0.16 0.46 0.23 0.10 0.16 0.35 0.52 0.77 0.46 0.61 0.23 0.19 0.11 0.07 100000.00 0.13 0.06 0.06 0.08 0.14 100000.00 100000.00 0.24 0.05 0.07
69 100000.00 0.59 0.41 0.17 0.52 0.81 0.06 0.24 0.57 0.11 0.26 0.20 0.12 0.39 0.31 100000.00 0.10 0.19 0.56 0.04 0.09 0.16 100000.00 0.06 100000.00 0.07 0.15
70 100000.00 0.39 0.41 0.09 0.30 0.46 0.40 0.37 0.25 0.21 0.30 0.51 0.40 0.23 0.18 0.11 0.03 0.12 0.25 0.15 0.16 0.16 0.07 0.08 0.15 0.16 0.05
71 100000.00 0.66 0.45 0.14 0.37 0.24 0.30 0.40 0.08 0.42 0.30 0.48 0.58 0.52 0.34 0.21 0.05 0.10 0.15 0.14 0.23 0.04 0.13 0.10 0.19 0.14 0.28
72 100000.00 0.07 0.16 0.10 0.05 0.07 0.13 0.10 0.16 0.13 0.10 0.16 0.07 0.07 0.03 0.06 0.04 0.03 0.03 0.09 0.07 0.08 0.04 0.05 0.04 0.03 0.02
73 100000.00 0.50 0.41 0.59 0.39 0.44 0.14 0.51 0.50 0.35 0.23 0.65 0.11 0.23 0.15 0.19 0.16 0.15 0.27 0.04 0.33 0.28 0.16 0.11 0.43 0.05 0.06
74 100000.00 0.13 0.35 0.07 0.11 0.20 0.18 0.17 0.29 0.32 0.07 0.32 0.14 0.17 0.04 0.11 0.03 0.04 0.13 0.05 0.07 0.14 0.12 0.04 0.14 0.09 0.05
75 100000.00 0.81 0.51 0.66 0.12 0.72 0.15 0.55 0.20 0.36 0.26 0.47 0.12 0.24 100000.00 0.34 100000.00 0.06 100000.00 0.03 0.14 100000.00 100000.00 0.11 100000.00 0.03 0.15
<task rigidity>
1 5
2 6
3 4
4 1
5 3
6 4
7 2
8 6
9 9
10 6
11 9
12 4
13 3
14 6
15 3
16 2
17 6
18 1
19 1
20 5
21 7
22 9
23 8
24 2
25 6
26 4
27 5
28 3
29 2
30 2
31 2
32 7
33 4
34 2
35 3
36 5
37 6
38 4
39 9
40 9
41 4
42 8
43 6
44 3
45 7
46 10
47 4
48 4
49 2
50 2
51 8
52 7
53 2
54 2
55 6
56 9
57 2
58 8
59 4
60 3
61 5
62 8
63 3
64 5
65 1
66 2
67 8
68 8
69 8
70 4
71 8
72 5
73 2
74 8
75 7
<precedence relations>
1,2
1,3
1,4
1,5
1,6
1,7
2,15
3,13
3,24
4,8
4,14
4,16
5,12
5,15
6,9
6,10
6,11
6,13
9,20
9,24
10,18
12,19
13,22
15,17
15,20
15,23
16,21
16,26
17,30
18,26
18,30
20,27
21,33
24,25
25,28
25,30
25,33
25,34
26,31
26,32
26,41
27,29
27,35
27,36
31,37
31,39
32,44
32,45
33,41
35,38
35,42
36,40
36,43
39,51
40,46
42,47
43,48
43,50
46,48
46,51
47,49
47,50
47,52
47,53
49,59
49,61
49,62
50,54
50,55
50,60
50,62
52,56
52,57
53,58
55,63
58,65
59,64
59,66
62,67
66,68
68,69
68,70
68,71
68,72
68,73
68,74
68,75
<end>