<number of tasks>
75
<number of stations>
18
<number of workers>
18
<type of the robots>
1
<limit of the robots>
8
<task times>
1 100000 21 5 12 19 13 15 15 16 12 9 4 23 5 7 13 2 14 15 100000 100000 8 12 100000 10 100000 12 9 6 3 100000 100000 5 9 2 9 100000
2 31 18 18 20 7 12 5 18 2 23 19 9 20 6 2 15 5 21 9 12 13 14 5 9 4 13 2 15 12 6 14 4 2 10 4 13 7
3 100000 12 16 3 11 12 21 14 13 3 18 11 18 12 23 24 13 21 25 8 11 3 8 8 100000 10 9 2 100000 8 12 9 16 17 100000 14 17
4 34 25 16 16 15 8 22 1 15 20 14 13 14 19 24 19 21 19 23 18 12 11 11 6 15 1 10 14 9 9 10 13 15 13 14 13 16
5 100000 6 23 9 5 4 16 4 7 15 3 13 22 17 6 5 13 3 16 100000 17 6 4 3 10 3 5 100000 2 8 16 11 5 4 9 2 12
6 29 7 21 21 13 1 14 10 9 16 4 10 9 22 21 12 11 1 19 5 15 13 9 1 9 7 6 11 3 7 6 15 15 9 7 1 14
7 8 5 1 2 6 3 1 4 4 4 3 5 2 3 2 4 1 2 2 4 1 2 4 2 1 3 3 3 2 4 2 3 2 3 1 2 2
8 30 3 3 1 19 3 21 9 6 16 12 11 14 9 12 3 9 2 16 3 2 1 12 2 14 6 4 10 8 7 9 6 9 2 7 2 10
9 32 8 20 7 2 4 7 21 13 19 10 23 22 12 5 4 14 15 1 6 14 5 2 3 5 14 9 13 7 15 14 8 4 3 9 11 1
10 28 20 21 21 19 7 17 4 6 18 18 2 21 21 21 2 2 10 13 13 15 14 13 5 11 3 4 12 12 2 14 14 15 2 2 7 9
11 100000 21 1 2 15 13 20 10 2 4 10 8 17 21 2 8 7 3 17 14 100000 100000 10 100000 100000 7 2 3 7 6 100000 100000 100000 100000 5 2 12
12 100000 15 11 15 1 7 15 13 3 14 1 15 13 4 13 8 3 4 11 11 8 100000 1 100000 10 9 100000 9 1 100000 100000 3 9 5 100000 3 100000
13 6 5 2 1 3 2 2 2 1 3 3 5 3 5 5 2 4 4 4 4 2 1 2 2 2 2 1 2 2 4 2 4 4 2 3 3 3
14 100000 18 9 3 7 12 11 18 14 20 11 8 10 6 6 18 22 14 4 100000 6 2 5 8 8 12 100000 14 100000 100000 100000 100000 5 100000 15 100000 3
15 100000 2 3 2 4 3 2 3 4 2 3 1 1 1 3 4 3 3 4 2 2 2 100000 100000 100000 3 3 2 2 100000 1 1 2 3 2 100000 100000
16 100000 15 21 22 14 24 3 2 8 15 11 7 2 9 26 19 15 8 15 100000 15 100000 9 16 2 100000 6 100000 8 5 2 6 100000 13 100000 100000 10
17 28 5 8 2 4 21 21 7 17 12 14 4 2 17 19 12 15 17 12 4 5 2 3 14 15 5 12 8 9 3 2 12 13 9 11 12 8
18 100000 1 1 3 1 4 5 4 3 5 3 1 5 1 3 2 1 1 5 1 100000 3 1 100000 4 100000 100000 100000 2 1 4 1 2 100000 1 1 100000
19 100000 23 14 8 24 9 24 9 19 7 6 21 22 17 18 6 17 24 23 15 9 6 100000 6 16 7 12 5 100000 100000 14 100000 100000 100000 11 100000 14
20 34 17 12 5 20 12 17 9 20 13 7 9 25 4 1 8 13 23 7 12 8 4 14 9 12 7 13 9 5 6 17 3 1 6 9 15 5
21 36 17 3 22 25 3 18 25 14 4 5 8 13 9 10 15 6 6 13 11 2 15 18 2 12 17 9 3 4 6 9 6 7 10 4 4 9
22 35 26 21 8 25 9 5 13 2 8 23 23 11 12 11 16 26 17 26 16 15 5 16 6 4 9 2 6 15 15 8 9 8 11 17 11 17
23 33 14 19 3 16 8 5 12 17 2 17 2 11 6 19 5 2 10 24 9 13 2 11 6 4 8 12 2 12 2 8 4 14 4 2 7 15
24 35 2 4 9 27 3 27 10 8 9 25 15 6 6 11 19 12 9 19 2 3 6 19 3 17 7 6 6 16 10 5 4 8 13 8 6 13
25 26 10 14 12 1 2 17 4 10 11 17 15 6 13 15 15 7 19 13 7 9 8 1 2 12 3 7 8 12 10 5 9 10 11 5 13 8
26 31 17 17 18 22 3 12 2 22 4 3 10 6 23 15 16 19 7 8 12 12 12 14 2 8 2 14 3 3 7 4 16 11 11 13 5 5
27 100000 4 10 25 13 12 2 17 14 5 6 23 17 18 22 24 9 22 2 3 100000 16 8 8 2 12 9 4 4 15 12 12 15 16 6 16 2
28 16 3 4 9 1 2 7 11 11 7 3 1 1 4 13 10 6 1 12 2 3 7 1 2 5 8 8 5 2 1 1 3 9 7 5 1 9
29 4 2 1 2 1 3 1 2 3 2 1 3 3 2 1 3 3 2 1 2 1 2 1 3 1 2 2 2 1 3 2 2 1 3 3 2 1
30 100000 5 2 2 5 1 1 1 5 6 10 10 1 7 8 4 6 11 8 4 2 100000 100000 1 1 100000 100000 4 7 100000 1 5 6 3 100000 7 6
31 100000 21 4 21 19 11 19 7 19 6 2 19 13 14 13 15 9 1 13 13 3 14 100000 100000 12 5 13 4 2 100000 100000 10 9 100000 7 1 100000
32 100000 12 17 13 7 22 17 20 7 18 13 22 7 2 21 16 14 10 5 8 12 100000 5 15 12 13 100000 12 9 100000 100000 2 15 11 10 7 4
33 29 5 4 21 4 4 20 2 1 3 10 14 4 11 3 17 14 14 15 4 3 15 3 3 13 2 1 3 7 9 3 7 3 11 10 9 10
34 30 11 11 4 11 15 9 20 11 20 11 11 1 22 20 8 9 9 18 7 7 3 8 11 6 13 7 13 8 7 1 14 13 6 6 6 11
35 100000 11 24 22 21 23 24 18 2 4 20 14 20 20 23 15 13 8 13 100000 16 100000 14 16 16 12 2 3 13 10 14 14 16 10 100000 100000 9
36 11 4 2 6 2 7 1 5 1 3 4 1 5 8 8 7 3 1 6 3 2 4 2 5 1 4 1 3 3 1 4 6 5 5 3 1 5
37 28 11 7 14 19 8 21 1 12 6 3 4 1 16 14 4 2 1 21 8 5 10 13 6 15 1 8 5 3 3 1 10 10 3 2 1 13
38 32 20 21 22 14 23 8 21 18 16 5 2 11 6 12 15 2 9 23 13 15 14 10 16 6 15 12 10 4 2 7 4 8 10 2 6 14
39 100000 16 20 6 13 15 21 5 17 10 22 11 19 16 19 16 21 8 15 10 13 4 10 10 14 4 12 100000 100000 7 13 100000 13 11 14 5 11
40 100000 17 15 4 4 14 21 2 21 9 17 9 14 5 4 2 5 7 15 100000 11 3 3 100000 14 2 13 6 11 6 10 4 100000 2 100000 5 10
41 100000 2 6 6 6 6 1 4 5 2 1 6 2 1 3 3 1 2 3 100000 4 4 100000 5 100000 3 100000 2 1 100000 2 1 2 100000 1 2 100000
42 35 19 19 16 13 12 7 25 24 12 17 23 16 18 10 2 9 22 14 12 13 11 9 8 5 18 16 9 11 16 11 12 7 2 6 14 10
43 100000 11 19 20 6 13 14 1 22 18 1 18 14 17 7 7 8 21 9 100000 14 14 5 100000 10 1 16 13 1 100000 10 100000 5 5 6 100000 7
44 8 3 5 4 1 4 1 6 5 3 2 4 2 4 5 4 2 2 4 2 4 3 1 3 1 4 4 2 2 3 2 3 4 3 2 2 3
45 29 1 19 14 4 19 8 2 19 20 4 7 20 12 13 15 12 16 10 1 14 9 3 13 6 2 13 13 3 5 14 8 9 10 8 10 7
46 100000 22 24 13 8 17 3 22 14 16 12 2 14 9 20 16 7 14 18 15 15 9 6 12 2 14 10 10 9 100000 9 6 14 10 100000 10 100000
47 100000 4 2 6 8 4 5 9 5 11 4 11 1 2 5 6 2 11 7 3 2 5 6 100000 100000 6 4 8 3 8 1 2 100000 100000 2 7 100000
48 30 8 7 6 7 19 12 8 19 21 9 16 4 15 7 6 21 13 15 5 5 4 5 13 8 6 13 15 6 10 3 10 5 4 14 9 10
49 28 16 19 1 6 20 18 5 5 19 4 18 21 6 21 8 16 18 7 11 12 1 4 14 13 4 4 12 3 11 13 4 14 6 10 13 5
50 35 22 23 18 23 10 13 1 9 2 19 25 18 12 4 16 13 21 22 14 15 11 16 7 9 1 7 2 13 17 12 8 3 12 9 14 14
51 100000 10 14 17 16 7 10 18 21 10 2 4 18 3 18 1 19 6 11 7 100000 11 10 5 7 13 14 7 2 3 13 3 12 1 100000 100000 100000
52 29 18 4 3 9 6 9 10 13 7 14 5 14 11 17 5 3 6 21 12 3 2 6 4 7 7 8 5 10 4 10 8 12 4 2 4 14
53 29 18 2 7 22 6 8 5 21 14 22 16 9 11 17 14 5 2 17 13 2 5 14 5 5 4 13 10 15 11 6 8 12 10 4 2 11
54 30 13 14 4 13 4 6 11 5 19 18 2 5 5 15 9 15 4 1 10 9 3 9 3 4 8 4 13 12 2 4 4 10 7 11 3 1
55 100000 1 11 22 5 7 6 4 17 10 16 14 11 16 3 11 6 12 14 1 7 100000 4 5 4 100000 11 7 11 10 7 11 3 8 4 8 9
56 32 15 25 22 4 13 10 25 17 25 1 7 2 8 9 20 1 9 17 10 18 14 3 8 7 17 11 17 1 5 2 6 6 13 1 6 12
57 100000 15 11 19 2 13 22 5 15 21 15 8 20 22 5 19 19 7 16 10 8 13 2 9 100000 4 100000 100000 10 100000 13 100000 100000 14 13 100000 11
58 28 9 13 17 4 21 16 15 12 6 10 10 3 13 20 20 15 15 18 6 9 12 3 14 11 11 8 4 7 7 2 9 14 13 10 10 12
59 100000 17 12 22 20 19 20 15 16 21 10 12 6 13 1 12 22 8 11 11 8 15 13 13 100000 100000 12 14 7 100000 5 8 1 100000 16 6 8
60 100000 2 14 18 6 22 16 22 8 12 3 16 2 2 2 21 21 12 14 100000 9 12 4 15 100000 15 6 9 3 10 100000 2 2 14 100000 100000 10
61 100000 9 18 17 13 8 3 21 4 22 10 19 9 7 6 14 18 8 5 100000 12 100000 9 6 3 15 100000 15 7 14 6 5 4 9 100000 5 4
62 28 4 16 3 13 12 1 16 15 4 1 2 20 4 12 10 19 8 15 3 11 2 9 9 1 11 10 3 1 2 13 3 8 7 13 6 11
63 100000 20 1 20 1 13 2 11 3 4 15 17 9 5 5 11 19 21 4 14 1 14 100000 9 2 100000 2 3 10 11 6 4 4 100000 100000 100000 100000
64 36 14 4 6 16 15 3 12 19 23 10 11 8 9 13 9 18 8 24 9 3 4 11 10 3 8 12 15 7 8 6 7 9 6 13 6 15
65 100000 13 15 19 11 18 9 20 4 18 13 16 19 8 19 1 17 10 22 8 11 12 8 13 7 14 3 12 9 11 14 100000 100000 100000 12 100000 16
66 2 1 2 2 1 1 1 2 2 1 2 1 1 2 2 1 1 1 2 1 2 2 1 1 1 2 2 1 2 1 1 2 2 1 1 1 2
67 34 8 2 4 8 17 15 11 15 26 6 26 12 11 14 3 20 5 12 6 2 3 6 11 10 8 10 16 4 18 8 7 9 2 14 4 9
68 34 15 6 16 15 17 15 13 1 3 8 10 1 9 20 21 1 13 3 11 4 10 10 11 10 9 1 3 6 7 1 6 13 15 1 10 2
69 33 23 7 11 5 7 14 15 5 19 9 1 6 24 19 15 13 3 12 15 5 7 4 5 10 10 4 14 6 1 4 17 14 10 9 2 8
70 100000 2 18 14 20 13 3 19 13 19 12 10 20 7 11 7 20 16 21 2 12 100000 100000 100000 100000 12 9 100000 8 100000 13 100000 7 5 100000 10 13
71 31 4 16 24 12 4 20 21 20 24 8 15 13 12 13 16 19 16 8 3 11 16 8 3 14 14 13 17 6 10 9 8 9 12 13 10 6
72 100000 1 4 1 3 1 4 4 2 4 1 1 2 2 1 2 3 1 4 1 100000 1 3 1 100000 3 100000 3 100000 1 100000 2 100000 100000 3 1 100000
73 100000 17 8 22 3 6 20 18 3 11 20 12 21 21 14 15 1 3 18 12 6 15 100000 4 14 12 3 7 100000 100000 15 14 9 11 1 3 100000
74 14 4 4 6 6 6 5 2 1 5 4 10 2 5 10 3 9 4 10 3 3 4 5 4 4 2 1 4 3 7 2 4 7 2 6 3 7
75 35 4 25 17 23 1 18 16 16 24 5 5 21 23 17 24 12 7 14 3 17 12 17 1 12 10 12 17 4 4 13 17 12 16 8 5 10
<posture of tasks>
1 1
2 1
3 1
4 1
5 1
6 1
7 1
8 1
9 1
10 1
11 1
12 1
13 1
14 1
15 1
16 1
17 1
18 0
19 1
20 0
21 1
22 1
23 1
24 1
25 0
26 1
27 1
28 1
29 0
30 1
31 1
32 1
33 0
34 1
35 0
36 0
37 0
38 1
39 1
40 1
41 0
42 1
43 1
44 1
45 1
46 0
47 1
48 1
49 1
50 1
51 0
52 1
53 1
54 1
55 0
56 1
57 0
58 1
59 0
60 1
61 1
62 1
63 1
64 1
65 0
66 1
67 0
68 0
69 1
70 1
71 1
72 1
73 0
74 0
75 0
<max energy cosumption of alternatives>
1 100000.00
2 4.19
3 4.37
4 2.28
5 3.19
6 2.53
7 2.69
8 2.99
9 5.03
10 5.41
11 5.64
12 4.56
13 2.40
14 2.51
15 4.30
16 2.40
17 3.18
18 4.64
19 2.70
<energy cosumption of alternatives>
1 100000.00 0.67 0.19 0.32 0.51 0.33 0.41 0.41 0.52 0.43 0.31 0.16 0.57 0.14 0.25 0.35 0.08 0.49 0.41 100000.00 100000.00 0.15 0.33 100000.00 0.11 100000.00 0.25 0.21 0.22 0.09 100000.00 100000.00 0.12 0.09 0.03 0.11 100000.00
2 100000.00 0.58 0.58 0.50 0.20 0.32 0.16 0.47 0.10 0.77 0.64 0.31 0.50 0.17 0.10 0.41 0.16 0.71 0.26 0.20 0.22 0.34 0.10 0.08 0.08 0.23 0.06 0.47 0.17 0.07 0.27 0.04 0.06 0.10 0.10 0.23 0.17
3 100000.00 0.40 0.53 0.10 0.29 0.32 0.56 0.38 0.43 0.13 0.61 0.37 0.45 0.32 0.77 0.63 0.35 0.71 0.66 0.15 0.22 0.04 0.19 0.19 100000.00 0.27 0.09 0.08 100000.00 0.17 0.09 0.19 0.50 0.37 100000.00 0.37 0.44
4 100000.00 0.81 0.53 0.42 0.42 0.24 0.58 0.06 0.50 0.69 0.48 0.44 0.36 0.49 0.83 0.52 0.58 0.66 0.61 0.50 0.22 0.09 0.12 0.08 0.35 0.01 0.26 0.40 0.13 0.16 0.21 0.29 0.31 0.23 0.20 0.38 0.33
5 100000.00 0.23 0.75 0.25 0.18 0.15 0.46 0.15 0.26 0.54 0.14 0.44 0.55 0.46 0.24 0.18 0.37 0.14 0.43 100000.00 0.49 0.16 0.09 0.10 0.10 0.04 0.09 100000.00 0.05 0.15 0.35 0.29 0.14 0.07 0.20 0.06 0.15
6 100000.00 0.24 0.66 0.49 0.34 0.03 0.37 0.27 0.30 0.54 0.15 0.33 0.22 0.55 0.69 0.31 0.30 0.05 0.49 0.16 0.43 0.10 0.09 0.02 0.16 0.06 0.17 0.13 0.08 0.21 0.11 0.19 0.17 0.08 0.16 0.04 0.33
7 100000.00 0.19 0.07 0.08 0.17 0.11 0.05 0.14 0.16 0.16 0.13 0.19 0.08 0.11 0.10 0.14 0.05 0.10 0.08 0.12 0.04 0.04 0.07 0.04 0.01 0.06 0.04 0.11 0.05 0.11 0.04 0.05 0.06 0.04 0.02 0.03 0.04
8 100000.00 0.14 0.14 0.06 0.52 0.12 0.58 0.27 0.23 0.56 0.42 0.38 0.36 0.27 0.44 0.12 0.27 0.11 0.43 0.08 0.10 0.01 0.34 0.04 0.22 0.10 0.14 0.19 0.11 0.22 0.19 0.12 0.10 0.08 0.07 0.04 0.11
9 100000.00 0.29 0.66 0.21 0.09 0.14 0.21 0.55 0.44 0.66 0.35 0.75 0.55 0.33 0.20 0.14 0.39 0.53 0.06 0.16 0.40 0.05 0.03 0.08 0.04 0.16 0.12 0.25 0.22 0.44 0.12 0.08 0.09 0.08 0.23 0.22 0.04
10 100000.00 0.65 0.69 0.52 0.52 0.21 0.46 0.15 0.23 0.62 0.62 0.11 0.52 0.55 0.72 0.09 0.09 0.35 0.36 0.38 0.35 0.30 0.19 0.10 0.14 0.05 0.16 0.21 0.23 0.06 0.12 0.32 0.26 0.03 0.04 0.14 0.07
11 100000.00 0.69 0.08 0.09 0.43 0.34 0.55 0.30 0.11 0.17 0.36 0.29 0.43 0.55 0.11 0.24 0.21 0.14 0.46 0.26 100000.00 100000.00 0.23 100000.00 100000.00 0.17 0.07 0.08 0.20 0.06 100000.00 100000.00 100000.00 100000.00 0.15 0.07 0.24
12 100000.00 0.49 0.37 0.38 0.04 0.20 0.41 0.35 0.12 0.49 0.06 0.49 0.32 0.13 0.46 0.23 0.10 0.16 0.29 0.34 0.12 100000.00 0.03 100000.00 0.12 0.24 100000.00 0.12 0.04 100000.00 100000.00 0.03 0.20 0.12 100000.00 0.05 100000.00
13 100000.00 0.20 0.11 0.06 0.12 0.09 0.09 0.09 0.08 0.14 0.14 0.20 0.11 0.15 0.20 0.09 0.15 0.17 0.14 0.06 0.07 0.01 0.03 0.05 0.04 0.03 0.05 0.08 0.09 0.09 0.06 0.06 0.14 0.06 0.09 0.04 0.07
14 100000.00 0.57 0.30 0.09 0.19 0.31 0.28 0.46 0.45 0.67 0.36 0.27 0.25 0.16 0.21 0.46 0.58 0.48 0.12 100000.00 0.19 0.06 0.06 0.07 0.17 0.16 100000.00 0.40 100000.00 100000.00 100000.00 100000.00 0.07 100000.00 0.20 100000.00 0.05
15 100000.00 0.10 0.13 0.08 0.14 0.11 0.08 0.11 0.16 0.10 0.14 0.07 0.05 0.05 0.14 0.14 0.11 0.14 0.14 0.07 0.04 0.02 100000.00 100000.00 100000.00 0.04 0.06 0.07 0.09 100000.00 0.01 0.03 0.03 0.05 0.04 100000.00 100000.00
16 100000.00 0.50 0.68 0.55 0.39 0.61 0.12 0.09 0.29 0.53 0.38 0.26 0.09 0.27 0.89 0.52 0.42 0.29 0.42 100000.00 0.22 100000.00 0.08 0.16 0.06 100000.00 0.16 100000.00 0.10 0.16 0.03 0.15 100000.00 0.15 100000.00 100000.00 0.15
17 100000.00 0.19 0.28 0.08 0.14 0.54 0.57 0.20 0.55 0.43 0.47 0.16 0.08 0.45 0.65 0.32 0.41 0.58 0.32 0.09 0.18 0.04 0.08 0.18 0.36 0.12 0.26 0.14 0.29 0.03 0.04 0.21 0.33 0.14 0.25 0.16 0.12
18 100000.00 0.06 0.06 0.08 0.03 0.10 0.13 0.10 0.10 0.15 0.10 0.06 0.10 0.03 0.10 0.06 0.03 0.06 0.13 0.04 100000.00 0.04 0.02 100000.00 0.03 100000.00 100000.00 100000.00 0.03 0.03 0.07 0.01 0.03 100000.00 0.02 0.02 100000.00
19 100000.00 0.74 0.47 0.23 0.64 0.24 0.64 0.27 0.62 0.26 0.23 0.68 0.55 0.45 0.62 0.18 0.48 0.83 0.61 0.26 0.21 0.09 100000.00 0.10 0.38 0.08 0.32 0.10 100000.00 100000.00 0.26 100000.00 100000.00 100000.00 0.13 100000.00 0.24
20 100000.00 0.44 0.32 0.12 0.42 0.26 0.35 0.21 0.51 0.37 0.21 0.25 0.46 0.12 0.07 0.19 0.28 0.60 0.17 0.23 0.09 0.07 0.21 0.13 0.12 0.12 0.11 0.25 0.05 0.14 0.31 0.07 0.03 0.12 0.11 0.29 0.08
21 100000.00 0.56 0.13 0.54 0.66 0.11 0.48 0.66 0.47 0.16 0.19 0.28 0.33 0.26 0.35 0.41 0.20 0.23 0.35 0.35 0.04 0.15 0.18 0.07 0.33 0.37 0.19 0.04 0.08 0.07 0.08 0.07 0.19 0.27 0.09 0.12 0.19
22 100000.00 0.83 0.68 0.23 0.67 0.24 0.17 0.36 0.10 0.29 0.77 0.74 0.30 0.33 0.38 0.45 0.70 0.59 0.67 0.21 0.33 0.11 0.46 0.09 0.10 0.10 0.04 0.09 0.48 0.50 0.17 0.13 0.15 0.18 0.28 0.27 0.15
23 100000.00 0.47 0.62 0.11 0.45 0.23 0.17 0.33 0.56 0.11 0.59 0.10 0.30 0.17 0.65 0.17 0.08 0.35 0.63 0.32 0.23 0.03 0.15 0.10 0.04 0.16 0.36 0.05 0.41 0.03 0.07 0.08 0.43 0.09 0.05 0.15 0.32
24 100000.00 0.08 0.14 0.21 0.70 0.09 0.70 0.27 0.26 0.30 0.81 0.48 0.15 0.15 0.36 0.49 0.33 0.30 0.49 0.02 0.05 0.14 0.37 0.03 0.42 0.14 0.08 0.10 0.32 0.21 0.08 0.06 0.21 0.33 0.16 0.08 0.24
25 100000.00 0.28 0.37 0.26 0.05 0.07 0.35 0.12 0.28 0.30 0.46 0.39 0.14 0.28 0.42 0.33 0.17 0.51 0.28 0.09 0.13 0.06 0.04 0.03 0.12 0.07 0.19 0.15 0.21 0.10 0.09 0.12 0.26 0.11 0.04 0.22 0.13
26 100000.00 0.55 0.55 0.44 0.57 0.10 0.32 0.07 0.70 0.16 0.13 0.34 0.16 0.59 0.52 0.44 0.50 0.25 0.23 0.32 0.29 0.27 0.39 0.05 0.09 0.02 0.34 0.07 0.05 0.14 0.10 0.35 0.22 0.29 0.33 0.13 0.10
27 100000.00 0.16 0.34 0.60 0.35 0.32 0.08 0.45 0.46 0.19 0.22 0.74 0.42 0.47 0.74 0.63 0.26 0.74 0.08 0.09 100000.00 0.12 0.21 0.15 0.05 0.19 0.24 0.09 0.05 0.38 0.10 0.32 0.34 0.38 0.18 0.18 0.02
28 100000.00 0.13 0.16 0.23 0.05 0.08 0.20 0.29 0.37 0.26 0.13 0.07 0.05 0.13 0.46 0.29 0.20 0.07 0.32 0.04 0.08 0.08 0.01 0.03 0.12 0.12 0.24 0.10 0.03 0.04 0.03 0.07 0.12 0.11 0.07 0.03 0.12
29 100000.00 0.07 0.05 0.05 0.03 0.08 0.03 0.05 0.10 0.07 0.05 0.10 0.08 0.05 0.05 0.08 0.08 0.07 0.03 0.04 0.02 0.03 0.01 0.04 0.02 0.04 0.05 0.03 0.03 0.05 0.03 0.02 0.03 0.04 0.02 0.03 0.01
30 100000.00 0.18 0.09 0.06 0.15 0.03 0.03 0.03 0.18 0.21 0.34 0.33 0.03 0.19 0.27 0.12 0.18 0.37 0.22 0.08 0.02 100000.00 100000.00 0.01 0.02 100000.00 100000.00 0.04 0.22 100000.00 0.02 0.04 0.17 0.05 100000.00 0.13 0.14
31 100000.00 0.68 0.17 0.52 0.51 0.30 0.51 0.21 0.62 0.23 0.11 0.62 0.33 0.36 0.47 0.42 0.27 0.08 0.36 0.30 0.08 0.35 100000.00 100000.00 0.24 0.13 0.30 0.05 0.05 100000.00 100000.00 0.12 0.16 100000.00 0.11 0.04 100000.00
32 100000.00 0.41 0.56 0.33 0.21 0.55 0.46 0.54 0.26 0.62 0.44 0.71 0.21 0.09 0.72 0.45 0.39 0.35 0.17 0.28 0.22 100000.00 0.13 0.26 0.28 0.18 100000.00 0.40 0.26 100000.00 100000.00 0.06 0.23 0.13 0.25 0.11 0.11
33 100000.00 0.15 0.13 0.39 0.11 0.11 0.41 0.06 0.06 0.11 0.27 0.36 0.11 0.22 0.11 0.34 0.29 0.38 0.32 0.07 0.08 0.23 0.06 0.06 0.22 0.04 0.03 0.05 0.16 0.13 0.06 0.12 0.04 0.12 0.18 0.15 0.09
34 100000.00 0.38 0.38 0.15 0.31 0.40 0.27 0.55 0.38 0.69 0.39 0.38 0.06 0.58 0.69 0.24 0.27 0.33 0.49 0.11 0.16 0.08 0.08 0.16 0.17 0.18 0.17 0.40 0.16 0.17 0.03 0.31 0.33 0.11 0.11 0.07 0.21
35 100000.00 0.28 0.58 0.40 0.43 0.43 0.47 0.36 0.08 0.12 0.52 0.35 0.38 0.38 0.58 0.31 0.27 0.22 0.26 100000.00 0.17 100000.00 0.13 0.16 0.31 0.15 0.02 0.04 0.21 0.15 0.20 0.10 0.27 0.21 100000.00 100000.00 0.06
36 100000.00 0.13 0.08 0.13 0.06 0.15 0.04 0.13 0.06 0.11 0.13 0.06 0.11 0.18 0.22 0.15 0.08 0.06 0.13 0.09 0.04 0.08 0.02 0.04 0.01 0.05 0.03 0.07 0.05 0.03 0.07 0.08 0.06 0.07 0.02 0.03 0.04
37 100000.00 0.30 0.21 0.29 0.40 0.19 0.45 0.06 0.33 0.19 0.12 0.14 0.06 0.33 0.40 0.12 0.08 0.07 0.42 0.09 0.04 0.08 0.13 0.05 0.29 0.01 0.18 0.13 0.06 0.03 0.02 0.20 0.11 0.06 0.02 0.03 0.10
38 100000.00 0.64 0.67 0.53 0.38 0.57 0.22 0.53 0.58 0.55 0.19 0.09 0.29 0.16 0.43 0.41 0.07 0.31 0.59 0.23 0.44 0.20 0.08 0.21 0.12 0.26 0.31 0.30 0.09 0.04 0.15 0.08 0.10 0.27 0.05 0.18 0.15
39 100000.00 0.52 0.65 0.17 0.35 0.38 0.56 0.16 0.55 0.35 0.74 0.37 0.47 0.41 0.65 0.44 0.57 0.28 0.41 0.11 0.34 0.05 0.16 0.10 0.31 0.06 0.18 100000.00 100000.00 0.18 0.12 100000.00 0.30 0.13 0.27 0.14 0.24
40 100000.00 0.56 0.50 0.14 0.14 0.36 0.57 0.08 0.68 0.32 0.59 0.32 0.36 0.15 0.17 0.08 0.17 0.26 0.42 100000.00 0.31 0.07 0.04 100000.00 0.15 0.04 0.43 0.07 0.32 0.09 0.11 0.05 100000.00 0.05 100000.00 0.16 0.29
41 100000.00 0.09 0.18 0.14 0.14 0.14 0.04 0.11 0.16 0.09 0.07 0.18 0.07 0.04 0.11 0.09 0.04 0.09 0.09 100000.00 0.09 0.08 100000.00 0.09 100000.00 0.06 100000.00 0.03 0.03 100000.00 0.02 0.02 0.06 100000.00 0.02 0.02 100000.00
42 100000.00 0.61 0.61 0.40 0.34 0.31 0.19 0.65 0.76 0.42 0.58 0.73 0.40 0.47 0.34 0.07 0.25 0.73 0.37 0.16 0.35 0.25 0.15 0.16 0.08 0.13 0.24 0.12 0.13 0.24 0.09 0.25 0.23 0.02 0.06 0.38 0.16
43 100000.00 0.38 0.63 0.52 0.18 0.34 0.39 0.06 0.72 0.63 0.08 0.59 0.36 0.46 0.26 0.21 0.24 0.72 0.27 100000.00 0.31 0.18 0.06 100000.00 0.24 0.03 0.15 0.14 0.02 100000.00 0.23 100000.00 0.09 0.14 0.10 100000.00 0.06
44 100000.00 0.12 0.18 0.12 0.04 0.12 0.04 0.16 0.18 0.12 0.09 0.15 0.06 0.12 0.18 0.12 0.07 0.09 0.12 0.04 0.10 0.04 0.01 0.03 0.02 0.06 0.11 0.04 0.06 0.03 0.02 0.05 0.11 0.03 0.02 0.03 0.08
45 100000.00 0.08 0.63 0.36 0.15 0.49 0.24 0.09 0.62 0.69 0.17 0.26 0.52 0.33 0.47 0.42 0.36 0.56 0.30 0.02 0.29 0.08 0.09 0.18 0.15 0.02 0.36 0.40 0.04 0.17 0.27 0.14 0.18 0.23 0.09 0.15 0.13
46 100000.00 0.56 0.60 0.26 0.19 0.35 0.10 0.45 0.37 0.44 0.33 0.10 0.29 0.22 0.53 0.35 0.17 0.40 0.38 0.31 0.39 0.06 0.08 0.21 0.04 0.25 0.24 0.22 0.08 100000.00 0.16 0.13 0.18 0.23 100000.00 0.21 100000.00
47 100000.00 0.17 0.11 0.18 0.24 0.14 0.18 0.27 0.20 0.39 0.17 0.38 0.06 0.09 0.20 0.18 0.09 0.39 0.21 0.08 0.07 0.05 0.05 100000.00 100000.00 0.12 0.09 0.11 0.08 0.26 0.03 0.04 100000.00 100000.00 0.02 0.14 100000.00
48 100000.00 0.29 0.27 0.18 0.21 0.49 0.34 0.24 0.63 0.72 0.33 0.54 0.15 0.40 0.27 0.19 0.58 0.48 0.43 0.08 0.07 0.04 0.11 0.33 0.18 0.15 0.41 0.19 0.19 0.19 0.03 0.10 0.08 0.09 0.33 0.15 0.15
49 100000.00 0.52 0.61 0.04 0.16 0.50 0.47 0.16 0.18 0.64 0.15 0.58 0.50 0.16 0.70 0.22 0.43 0.61 0.19 0.28 0.36 0.02 0.05 0.15 0.20 0.11 0.08 0.24 0.11 0.33 0.31 0.10 0.26 0.08 0.22 0.17 0.12
50 100000.00 0.71 0.74 0.45 0.60 0.27 0.36 0.05 0.31 0.10 0.65 0.80 0.45 0.33 0.17 0.45 0.36 0.71 0.57 0.16 0.48 0.12 0.25 0.12 0.22 0.03 0.17 0.06 0.34 0.50 0.21 0.08 0.08 0.10 0.21 0.40 0.28
51 100000.00 0.26 0.36 0.31 0.33 0.15 0.22 0.36 0.52 0.27 0.08 0.13 0.33 0.08 0.47 0.04 0.38 0.17 0.22 0.17 100000.00 0.14 0.13 0.07 0.08 0.11 0.18 0.17 0.04 0.08 0.15 0.05 0.11 0.02 100000.00 100000.00 100000.00
52 100000.00 0.59 0.16 0.11 0.27 0.18 0.27 0.29 0.44 0.26 0.47 0.19 0.36 0.30 0.59 0.17 0.11 0.23 0.55 0.15 0.11 0.04 0.12 0.12 0.13 0.12 0.28 0.11 0.20 0.14 0.19 0.10 0.13 0.04 0.07 0.11 0.19
53 100000.00 0.57 0.09 0.18 0.56 0.15 0.22 0.15 0.66 0.48 0.73 0.51 0.22 0.28 0.57 0.37 0.15 0.09 0.43 0.15 0.04 0.04 0.37 0.09 0.09 0.04 0.15 0.29 0.33 0.25 0.05 0.12 0.33 0.11 0.07 0.05 0.14
54 100000.00 0.42 0.46 0.12 0.34 0.12 0.16 0.28 0.18 0.64 0.61 0.09 0.13 0.13 0.51 0.25 0.40 0.15 0.04 0.20 0.31 0.03 0.19 0.04 0.05 0.12 0.11 0.27 0.40 0.05 0.03 0.06 0.25 0.09 0.18 0.06 0.01
55 100000.00 0.05 0.28 0.39 0.12 0.14 0.12 0.09 0.41 0.25 0.41 0.34 0.21 0.30 0.09 0.21 0.14 0.32 0.28 0.01 0.11 100000.00 0.04 0.07 0.07 100000.00 0.17 0.14 0.24 0.23 0.10 0.12 0.06 0.14 0.08 0.10 0.09
56 100000.00 0.49 0.80 0.54 0.13 0.32 0.29 0.66 0.55 0.86 0.07 0.25 0.07 0.23 0.32 0.53 0.05 0.32 0.44 0.22 0.37 0.23 0.04 0.19 0.13 0.24 0.29 0.42 0.03 0.08 0.04 0.07 0.18 0.11 0.03 0.16 0.22
57 100000.00 0.39 0.30 0.37 0.07 0.26 0.44 0.14 0.39 0.55 0.41 0.23 0.39 0.44 0.16 0.40 0.40 0.21 0.33 0.21 0.13 0.15 0.04 0.08 100000.00 0.03 100000.00 100000.00 0.23 100000.00 0.12 100000.00 100000.00 0.25 0.13 100000.00 0.21
58 100000.00 0.31 0.44 0.42 0.14 0.54 0.45 0.41 0.40 0.23 0.35 0.34 0.11 0.35 0.68 0.54 0.42 0.53 0.48 0.17 0.15 0.10 0.10 0.17 0.26 0.12 0.25 0.15 0.22 0.24 0.02 0.15 0.34 0.27 0.21 0.35 0.17
59 100000.00 0.43 0.31 0.41 0.41 0.36 0.41 0.32 0.41 0.55 0.27 0.31 0.13 0.27 0.06 0.25 0.46 0.22 0.23 0.16 0.11 0.15 0.24 0.23 100000.00 100000.00 0.12 0.24 0.17 100000.00 0.07 0.16 0.02 100000.00 0.30 0.15 0.15
60 100000.00 0.11 0.47 0.45 0.18 0.55 0.45 0.58 0.29 0.44 0.14 0.53 0.08 0.08 0.11 0.57 0.58 0.44 0.39 100000.00 0.31 0.11 0.10 0.23 100000.00 0.13 0.17 0.30 0.09 0.33 100000.00 0.02 0.03 0.25 100000.00 100000.00 0.15
61 100000.00 0.31 0.59 0.42 0.36 0.23 0.11 0.54 0.16 0.74 0.35 0.62 0.24 0.20 0.23 0.39 0.51 0.29 0.17 100000.00 0.23 100000.00 0.17 0.09 0.02 0.31 100000.00 0.19 0.10 0.26 0.15 0.06 0.06 0.18 100000.00 0.09 0.10
62 100000.00 0.15 0.51 0.09 0.34 0.31 0.03 0.40 0.48 0.15 0.06 0.09 0.49 0.12 0.42 0.27 0.49 0.27 0.40 0.09 0.34 0.02 0.11 0.08 0.01 0.11 0.19 0.09 0.02 0.03 0.31 0.08 0.10 0.15 0.18 0.12 0.16
63 100000.00 0.66 0.08 0.52 0.06 0.34 0.09 0.31 0.14 0.18 0.54 0.57 0.25 0.16 0.21 0.31 0.52 0.72 0.15 0.34 0.02 0.13 100000.00 0.13 0.04 100000.00 0.09 0.11 0.22 0.26 0.12 0.10 0.05 100000.00 100000.00 100000.00 100000.00
64 100000.00 0.47 0.17 0.18 0.45 0.39 0.11 0.33 0.62 0.78 0.35 0.38 0.23 0.27 0.47 0.27 0.51 0.29 0.64 0.18 0.10 0.05 0.09 0.10 0.04 0.16 0.38 0.44 0.20 0.14 0.06 0.16 0.19 0.14 0.24 0.14 0.34
65 100000.00 0.34 0.38 0.36 0.23 0.34 0.20 0.41 0.13 0.48 0.34 0.41 0.36 0.18 0.50 0.04 0.36 0.27 0.43 0.13 0.22 0.15 0.13 0.23 0.07 0.17 0.06 0.11 0.12 0.26 0.16 100000.00 100000.00 100000.00 0.21 100000.00 0.12
66 100000.00 0.07 0.10 0.07 0.05 0.04 0.05 0.07 0.10 0.07 0.10 0.07 0.04 0.07 0.10 0.05 0.05 0.07 0.07 0.05 0.06 0.04 0.02 0.01 0.02 0.03 0.06 0.04 0.04 0.02 0.02 0.04 0.04 0.03 0.03 0.05 0.03
67 100000.00 0.23 0.09 0.12 0.19 0.35 0.33 0.24 0.39 0.69 0.18 0.64 0.26 0.24 0.39 0.10 0.42 0.16 0.26 0.11 0.02 0.08 0.11 0.16 0.20 0.09 0.11 0.39 0.07 0.39 0.15 0.11 0.08 0.05 0.29 0.11 0.14
68 100000.00 0.38 0.18 0.32 0.32 0.34 0.32 0.27 0.06 0.11 0.22 0.27 0.04 0.20 0.52 0.43 0.04 0.36 0.09 0.24 0.06 0.11 0.19 0.14 0.10 0.10 0.04 0.05 0.10 0.18 0.02 0.06 0.35 0.16 0.02 0.22 0.04
69 100000.00 0.74 0.25 0.29 0.17 0.20 0.39 0.41 0.19 0.65 0.32 0.07 0.17 0.60 0.65 0.41 0.36 0.13 0.33 0.33 0.13 0.20 0.05 0.05 0.08 0.11 0.06 0.33 0.12 0.04 0.05 0.36 0.30 0.20 0.19 0.08 0.19
70 100000.00 0.10 0.59 0.36 0.54 0.33 0.11 0.51 0.44 0.65 0.41 0.35 0.51 0.21 0.38 0.21 0.54 0.56 0.55 0.03 0.20 100000.00 100000.00 100000.00 100000.00 0.14 0.26 100000.00 0.09 100000.00 0.25 100000.00 0.10 0.11 100000.00 0.17 0.12
71 100000.00 0.16 0.53 0.60 0.33 0.14 0.54 0.55 0.65 0.83 0.29 0.50 0.33 0.33 0.47 0.45 0.51 0.56 0.23 0.06 0.37 0.36 0.20 0.08 0.20 0.38 0.27 0.23 0.06 0.33 0.20 0.21 0.32 0.14 0.35 0.35 0.12
72 100000.00 0.07 0.17 0.05 0.11 0.05 0.14 0.14 0.10 0.17 0.08 0.07 0.08 0.08 0.08 0.08 0.11 0.08 0.14 0.03 100000.00 0.01 0.06 0.02 100000.00 0.07 100000.00 0.03 100000.00 0.04 100000.00 0.04 100000.00 100000.00 0.06 0.04 100000.00
73 100000.00 0.42 0.22 0.40 0.08 0.13 0.40 0.36 0.10 0.29 0.52 0.31 0.38 0.40 0.38 0.31 0.03 0.10 0.36 0.28 0.09 0.21 100000.00 0.03 0.17 0.19 0.03 0.08 100000.00 100000.00 0.09 0.21 0.22 0.13 0.02 0.03 100000.00
74 100000.00 0.12 0.12 0.12 0.12 0.12 0.12 0.05 0.05 0.14 0.12 0.26 0.05 0.10 0.26 0.07 0.19 0.12 0.21 0.06 0.07 0.08 0.06 0.07 0.06 0.03 0.02 0.06 0.06 0.08 0.03 0.04 0.10 0.02 0.12 0.04 0.06
75 100000.00 0.13 0.61 0.32 0.46 0.04 0.36 0.32 0.41 0.64 0.15 0.15 0.39 0.46 0.45 0.48 0.27 0.20 0.29 0.03 0.19 0.08 0.25 0.01 0.22 0.16 0.11 0.26 0.09 0.03 0.16 0.27 0.22 0.25 0.14 0.08 0.10
<task rigidity>
1 3
2 9
3 6
4 4
5 10
6 4
7 2
8 2
9 1
10 1
11 8
12 4
13 6
14 3
15 10
16 6
17 3
18 5
19 1
20 6
21 6
22 6
23 9
24 9
25 2
26 4
27 10
28 7
29 5
30 4
31 2
32 9
33 4
34 10
35 6
36 1
37 8
38 1
39 6
40 2
41 2
42 10
43 7
44 1
45 6
46 1
47 3
48 1
49 5
50 3
51 8
52 3
53 9
54 3
55 1
56 9
57 6
58 9
59 2
60 4
61 4
62 9
63 2
64 3
65 1
66 2
67 3
68 9
69 1
70 3
71 3
72 2
73 7
74 7
75 2
<precedence relations>
1,2
1,3
1,4
1,5
1,6
1,7
2,15
3,13
3,24
4,8
4,14
4,16
5,12
5,15
6,9
6,10
6,11
6,13
9,20
9,24
10,18
12,19
13,22
15,17
15,20
15,23
16,21
16,26
17,30
18,26
18,30
20,27
21,33
24,25
25,28
25,30
25,33
25,34
26,31
26,32
26,41
27,29
27,35
27,36
31,37
31,39
32,44
32,45
33,41
35,38
35,42
36,40
36,43
39,51
40,46
42,47
43,48
43,50
46,48
46,51
47,49
47,50
47,52
47,53
49,59
49,61
49,62
50,54
50,55
50,60
50,62
52,56
52,57
53,58
55,63
58,65
59,64
59,66
62,67
66,68
68,69
68,70
68,71
68,72
68,73
68,74
68,75
<end>