<number of tasks>
75
<number of stations>
8
<number of workers>
8
<type of the robots>
1
<limit of the robots>
3
<task times>
1 30 9 9 20 15 18 13 8 22 6 6 13 11 12 8 6 16
2 100000 11 20 23 11 20 14 2 16 8 100000 100000 100000 100000 10 2 11
3 35 23 11 21 22 10 21 15 4 16 8 15 15 7 13 11 3
4 35 21 24 22 10 22 22 7 6 14 17 16 7 15 15 5 5
5 29 13 15 16 10 1 22 20 14 9 10 10 7 1 14 14 10
6 28 3 20 20 12 6 3 16 15 2 14 13 8 5 2 11 10
7 7 2 1 4 3 1 2 3 2 2 1 3 2 1 2 3 2
8 100000 19 22 14 13 18 1 18 11 100000 14 9 100000 13 1 13 8
9 32 16 13 17 1 18 10 18 8 10 8 11 1 13 7 12 6
10 27 4 10 13 6 14 12 20 21 3 7 9 5 9 9 14 13
11 30 4 16 13 4 17 5 13 20 3 11 9 3 11 4 9 13
12 19 13 3 11 2 12 13 14 2 9 3 7 2 8 10 10 2
13 100000 2 5 3 3 4 2 5 1 2 100000 2 3 3 100000 4 1
14 30 13 5 5 13 2 21 12 5 9 4 4 9 2 14 9 4
15 100000 4 3 3 3 2 2 4 3 3 100000 100000 100000 2 2 3 2
16 34 10 1 25 16 13 16 4 13 7 1 16 12 8 11 3 9
17 100000 1 16 18 4 18 16 20 6 1 100000 13 3 11 100000 13 100000
18 100000 2 1 3 4 4 1 2 3 100000 1 3 100000 100000 1 100000 2
19 100000 14 10 4 24 6 17 7 22 9 7 3 100000 100000 12 5 100000
20 100000 6 7 7 23 3 13 4 21 4 5 5 16 2 100000 100000 14
21 100000 12 9 8 2 25 19 18 19 8 7 100000 2 16 12 100000 12
22 36 3 8 16 10 16 19 20 1 2 5 11 7 11 12 14 1
23 100000 22 7 11 14 22 17 9 18 15 5 8 9 100000 100000 6 13
24 36 23 10 26 2 19 18 25 1 15 7 17 2 14 12 16 1
25 27 20 20 20 17 8 5 9 12 13 13 14 12 6 4 6 8
26 32 3 14 10 5 5 21 10 4 2 9 7 4 4 14 7 3
27 100000 13 2 5 15 11 12 1 2 100000 100000 100000 100000 100000 8 1 2
28 18 2 8 10 4 4 11 3 5 2 6 7 3 3 8 2 4
29 3 3 3 3 1 1 2 2 3 3 2 2 1 1 2 2 3
30 14 9 9 1 5 11 9 7 3 7 7 1 4 8 6 5 2
31 27 9 19 8 3 13 17 13 15 6 12 6 3 8 11 9 10
32 28 20 4 9 10 20 22 5 16 13 3 7 7 13 15 4 11
33 28 16 5 3 14 13 21 13 7 10 4 2 10 10 13 10 5
34 29 15 6 10 19 4 12 14 6 11 5 7 12 3 8 10 4
35 34 20 5 4 11 13 6 14 4 13 4 3 8 9 5 9 3
36 10 4 4 2 5 4 7 2 1 3 3 2 4 3 5 2 1
37 28 12 6 22 6 14 11 4 12 9 4 14 5 10 8 3 9
38 32 17 1 17 14 23 20 12 4 11 1 12 9 15 13 9 3
39 100000 10 19 20 21 2 14 22 11 100000 12 14 15 2 10 14 7
40 29 18 13 8 15 4 1 1 7 13 9 6 11 3 1 1 5
41 8 2 6 4 3 3 2 6 4 2 4 3 3 3 2 5 3
42 36 25 11 17 9 9 23 20 18 17 8 12 6 6 16 13 12
43 29 9 22 11 18 5 8 5 20 6 16 7 12 4 5 4 13
44 100000 1 1 2 4 1 5 4 2 1 1 2 3 1 4 3 2
45 27 5 4 4 17 13 10 12 10 4 3 3 12 8 7 9 7
46 100000 9 7 20 2 16 2 19 21 6 100000 100000 2 11 2 100000 15
47 14 4 3 1 10 10 2 1 1 3 2 1 7 7 2 1 1
48 100000 18 12 7 4 13 17 8 10 13 8 5 100000 100000 100000 6 7
49 29 8 16 2 18 20 18 4 17 6 11 2 13 14 13 3 11
50 33 22 24 7 25 24 15 3 2 16 16 5 17 16 11 2 2
51 100000 10 10 8 21 19 17 18 3 7 7 5 100000 12 100000 12 100000
52 100000 18 9 17 1 16 17 13 8 100000 6 12 100000 100000 100000 9 100000
53 31 20 23 18 20 23 23 12 20 14 14 12 13 16 15 8 13
54 100000 1 12 21 8 18 19 19 19 100000 100000 100000 100000 12 12 100000 100000
55 29 6 17 10 19 6 13 6 21 4 12 7 13 4 9 4 14
56 33 18 10 11 24 6 24 15 6 13 7 8 16 4 16 11 4
57 32 9 15 2 2 9 9 16 17 7 11 2 2 6 6 10 12
58 27 16 11 19 9 19 18 19 7 10 8 13 6 13 11 13 5
59 100000 4 15 10 13 2 22 14 9 100000 11 7 100000 2 100000 10 100000
60 100000 19 6 3 5 18 22 22 21 100000 100000 100000 4 12 100000 15 100000
61 29 6 14 5 15 6 6 18 1 4 10 4 10 4 4 13 1
62 28 18 1 19 16 10 7 4 9 11 1 13 10 7 5 3 6
63 27 18 16 15 9 13 2 18 10 11 11 10 6 8 2 13 7
64 35 14 27 4 4 1 5 1 18 9 18 3 3 1 4 1 12
65 100000 2 6 16 12 19 2 15 4 100000 4 11 100000 100000 100000 100000 100000
66 100000 1 1 1 1 2 2 1 1 1 1 1 1 2 100000 1 100000
67 100000 11 2 9 2 18 25 9 11 7 100000 6 2 13 18 7 7
68 100000 1 10 19 20 25 2 25 22 1 100000 100000 14 16 2 18 14
69 32 13 23 20 4 9 22 4 18 10 14 14 3 6 16 3 12
70 30 9 17 9 13 2 5 20 5 7 12 6 9 2 4 14 4
71 100000 10 22 14 5 18 9 3 20 100000 100000 10 4 11 100000 100000 100000
72 100000 3 2 1 2 4 3 4 3 100000 2 1 100000 3 2 3 2
73 29 1 14 6 6 15 10 11 21 1 10 5 4 11 7 8 13
74 14 1 4 4 8 6 1 9 5 1 3 3 6 4 1 7 4
75 100000 24 25 6 15 23 25 25 22 17 100000 100000 10 15 18 100000 15
<posture of tasks>
1 1
2 1
3 1
4 1
5 1
6 0
7 0
8 1
9 1
10 0
11 0
12 1
13 0
14 1
15 1
16 1
17 1
18 1
19 1
20 1
21 0
22 0
23 0
24 1
25 1
26 1
27 0
28 1
29 1
30 1
31 1
32 1
33 1
34 1
35 1
36 1
37 0
38 1
39 1
40 1
41 1
42 1
43 1
44 1
45 1
46 1
47 1
48 1
49 1
50 1
51 1
52 1
53 1
54 1
55 1
56 1
57 1
58 1
59 0
60 1
61 0
62 0
63 1
64 1
65 0
66 1
67 1
68 1
69 1
70 1
71 0
72 1
73 1
74 0
75 1
<max energy cosumption of alternatives>
1 100000.00
2 2.72
3 2.40
4 5.36
5 5.21
6 5.51
7 2.67
8 2.74
9 3.27
<energy cosumption of alternatives>
1 100000.00 0.25 0.25 0.67 0.49 0.61 0.32 0.22 0.59 0.11 0.12 0.17 0.15 0.39 0.08 0.13 0.19
2 100000.00 0.31 0.50 0.76 0.37 0.67 0.35 0.07 0.44 0.20 100000.00 100000.00 100000.00 100000.00 0.17 0.02 0.21
3 100000.00 0.63 0.30 0.71 0.71 0.35 0.54 0.42 0.14 0.25 0.12 0.43 0.38 0.08 0.36 0.10 0.05
4 100000.00 0.56 0.59 0.73 0.34 0.73 0.53 0.19 0.19 0.21 0.16 0.42 0.21 0.48 0.27 0.11 0.07
5 100000.00 0.35 0.38 0.55 0.34 0.06 0.53 0.53 0.38 0.19 0.23 0.20 0.17 0.03 0.33 0.35 0.15
6 100000.00 0.11 0.40 0.54 0.33 0.19 0.10 0.36 0.34 0.03 0.09 0.18 0.22 0.13 0.03 0.24 0.14
7 100000.00 0.08 0.06 0.14 0.12 0.07 0.08 0.10 0.08 0.03 0.03 0.03 0.05 0.04 0.02 0.07 0.04
8 100000.00 0.51 0.57 0.50 0.44 0.62 0.05 0.51 0.32 100000.00 0.30 0.30 100000.00 0.39 0.03 0.21 0.17
9 100000.00 0.44 0.35 0.59 0.07 0.62 0.26 0.50 0.23 0.10 0.18 0.39 0.04 0.31 0.11 0.21 0.07
10 100000.00 0.12 0.21 0.37 0.19 0.39 0.26 0.42 0.45 0.07 0.13 0.17 0.07 0.21 0.12 0.14 0.25
11 100000.00 0.10 0.31 0.35 0.12 0.44 0.10 0.26 0.40 0.06 0.17 0.10 0.05 0.23 0.06 0.12 0.24
12 100000.00 0.34 0.09 0.36 0.08 0.42 0.31 0.37 0.06 0.24 0.03 0.19 0.03 0.15 0.12 0.19 0.01
13 100000.00 0.08 0.12 0.12 0.12 0.14 0.08 0.15 0.05 0.05 100000.00 0.05 0.05 0.09 100000.00 0.06 0.03
14 100000.00 0.35 0.13 0.19 0.43 0.09 0.53 0.34 0.16 0.12 0.08 0.04 0.21 0.06 0.33 0.07 0.10
15 100000.00 0.13 0.09 0.12 0.12 0.09 0.06 0.13 0.10 0.08 100000.00 100000.00 100000.00 0.03 0.03 0.04 0.05
16 100000.00 0.29 0.05 0.86 0.53 0.47 0.42 0.14 0.36 0.09 0.03 0.36 0.17 0.29 0.22 0.07 0.15
17 100000.00 0.05 0.42 0.62 0.16 0.62 0.42 0.54 0.20 0.03 100000.00 0.28 0.10 0.41 100000.00 0.22 100000.00
18 100000.00 0.08 0.05 0.14 0.16 0.17 0.05 0.08 0.11 100000.00 0.03 0.07 100000.00 100000.00 0.03 100000.00 0.05
19 100000.00 0.37 0.25 0.15 0.76 0.21 0.43 0.19 0.59 0.25 0.11 0.07 100000.00 100000.00 0.17 0.06 100000.00
20 100000.00 0.21 0.21 0.27 0.75 0.14 0.34 0.15 0.58 0.07 0.06 0.11 0.31 0.08 100000.00 100000.00 0.38
21 100000.00 0.26 0.19 0.21 0.07 0.65 0.35 0.37 0.37 0.14 0.04 100000.00 0.03 0.24 0.07 100000.00 0.18
22 100000.00 0.08 0.17 0.42 0.26 0.42 0.35 0.40 0.03 0.03 0.06 0.19 0.07 0.10 0.14 0.11 0.01
23 100000.00 0.45 0.15 0.28 0.35 0.56 0.33 0.19 0.38 0.30 0.09 0.08 0.09 100000.00 100000.00 0.10 0.26
24 100000.00 0.62 0.26 0.88 0.09 0.64 0.44 0.66 0.04 0.16 0.11 0.34 0.06 0.31 0.16 0.29 0.03
25 100000.00 0.53 0.50 0.67 0.55 0.28 0.13 0.25 0.34 0.19 0.22 0.15 0.33 0.11 0.06 0.16 0.22
26 100000.00 0.12 0.37 0.36 0.20 0.20 0.55 0.30 0.15 0.07 0.25 0.22 0.13 0.10 0.14 0.16 0.04
27 100000.00 0.28 0.07 0.16 0.39 0.30 0.26 0.05 0.07 100000.00 100000.00 100000.00 100000.00 100000.00 0.15 0.01 0.04
28 100000.00 0.08 0.23 0.35 0.17 0.17 0.30 0.11 0.17 0.02 0.07 0.16 0.06 0.05 0.07 0.04 0.08
29 100000.00 0.11 0.11 0.14 0.07 0.08 0.08 0.08 0.11 0.06 0.06 0.03 0.02 0.02 0.04 0.02 0.06
30 100000.00 0.26 0.26 0.07 0.19 0.38 0.23 0.20 0.11 0.11 0.16 0.02 0.11 0.26 0.12 0.08 0.07
31 100000.00 0.25 0.47 0.28 0.12 0.45 0.43 0.35 0.40 0.10 0.33 0.09 0.05 0.25 0.12 0.17 0.11
32 100000.00 0.53 0.12 0.31 0.33 0.67 0.53 0.16 0.43 0.14 0.06 0.13 0.08 0.31 0.33 0.07 0.29
33 100000.00 0.43 0.13 0.12 0.45 0.45 0.52 0.34 0.19 0.26 0.03 0.04 0.09 0.27 0.26 0.18 0.10
34 100000.00 0.41 0.17 0.35 0.62 0.16 0.32 0.38 0.20 0.16 0.06 0.13 0.34 0.11 0.18 0.10 0.12
35 100000.00 0.55 0.15 0.17 0.38 0.47 0.18 0.40 0.15 0.20 0.08 0.10 0.16 0.23 0.04 0.20 0.05
36 100000.00 0.14 0.14 0.10 0.19 0.16 0.20 0.08 0.05 0.09 0.07 0.05 0.13 0.11 0.11 0.05 0.03
37 100000.00 0.27 0.14 0.57 0.18 0.38 0.23 0.11 0.27 0.08 0.05 0.35 0.06 0.18 0.14 0.03 0.08
38 100000.00 0.48 0.05 0.59 0.47 0.77 0.51 0.35 0.14 0.25 0.02 0.29 0.12 0.35 0.22 0.17 0.05
39 100000.00 0.30 0.49 0.68 0.68 0.11 0.36 0.61 0.33 100000.00 0.23 0.17 0.36 0.07 0.17 0.23 0.11
40 100000.00 0.51 0.36 0.29 0.50 0.17 0.05 0.06 0.21 0.30 0.25 0.09 0.26 0.10 0.03 0.03 0.13
41 100000.00 0.08 0.18 0.17 0.13 0.14 0.08 0.20 0.14 0.06 0.06 0.07 0.07 0.03 0.06 0.14 0.08
42 100000.00 0.66 0.29 0.58 0.31 0.31 0.57 0.53 0.50 0.38 0.12 0.14 0.10 0.16 0.25 0.14 0.32
43 100000.00 0.27 0.58 0.39 0.59 0.20 0.24 0.18 0.55 0.14 0.38 0.23 0.15 0.10 0.05 0.12 0.15
44 100000.00 0.04 0.04 0.09 0.15 0.06 0.13 0.13 0.07 0.01 0.01 0.05 0.07 0.02 0.08 0.09 0.03
45 100000.00 0.16 0.13 0.16 0.55 0.46 0.25 0.34 0.28 0.09 0.08 0.08 0.16 0.21 0.16 0.08 0.17
46 100000.00 0.25 0.19 0.67 0.09 0.55 0.07 0.50 0.56 0.06 100000.00 100000.00 0.03 0.32 0.03 100000.00 0.18
47 100000.00 0.15 0.11 0.08 0.35 0.36 0.09 0.06 0.06 0.08 0.05 0.02 0.10 0.10 0.03 0.03 0.02
48 100000.00 0.51 0.33 0.26 0.17 0.47 0.45 0.24 0.30 0.29 0.22 0.15 100000.00 100000.00 100000.00 0.09 0.09
49 100000.00 0.22 0.40 0.09 0.58 0.67 0.44 0.13 0.46 0.06 0.22 0.03 0.24 0.27 0.30 0.06 0.26
50 100000.00 0.58 0.59 0.24 0.78 0.81 0.37 0.09 0.06 0.15 0.16 0.12 0.40 0.30 0.09 0.05 0.03
51 100000.00 0.29 0.26 0.28 0.67 0.65 0.44 0.50 0.10 0.19 0.12 0.07 100000.00 0.31 100000.00 0.18 100000.00
52 100000.00 0.49 0.25 0.58 0.06 0.55 0.43 0.35 0.22 100000.00 0.09 0.16 100000.00 100000.00 100000.00 0.12 100000.00
53 100000.00 0.54 0.59 0.62 0.64 0.77 0.57 0.35 0.54 0.12 0.27 0.30 0.44 0.36 0.35 0.11 0.25
54 100000.00 0.04 0.32 0.70 0.28 0.61 0.47 0.50 0.50 100000.00 100000.00 100000.00 100000.00 0.42 0.23 100000.00 100000.00
55 100000.00 0.20 0.45 0.35 0.62 0.23 0.33 0.20 0.57 0.11 0.16 0.24 0.18 0.10 0.19 0.06 0.14
56 100000.00 0.51 0.27 0.38 0.77 0.23 0.60 0.42 0.20 0.17 0.06 0.18 0.32 0.11 0.35 0.21 0.10
57 100000.00 0.27 0.40 0.11 0.11 0.33 0.25 0.46 0.49 0.10 0.24 0.05 0.06 0.09 0.16 0.19 0.29
58 100000.00 0.44 0.29 0.65 0.31 0.65 0.45 0.51 0.20 0.30 0.07 0.18 0.14 0.39 0.25 0.21 0.10
59 100000.00 0.10 0.28 0.26 0.33 0.08 0.40 0.28 0.19 100000.00 0.09 0.13 100000.00 0.04 100000.00 0.08 100000.00
60 100000.00 0.51 0.17 0.13 0.19 0.62 0.54 0.60 0.57 100000.00 100000.00 100000.00 0.13 0.39 100000.00 0.41 100000.00
61 100000.00 0.16 0.28 0.16 0.39 0.18 0.14 0.39 0.05 0.04 0.08 0.09 0.16 0.07 0.09 0.20 0.01
62 100000.00 0.40 0.05 0.51 0.42 0.28 0.17 0.12 0.21 0.11 0.01 0.23 0.23 0.09 0.07 0.05 0.10
63 100000.00 0.49 0.41 0.51 0.30 0.45 0.07 0.49 0.28 0.22 0.12 0.23 0.14 0.27 0.03 0.34 0.10
64 100000.00 0.38 0.68 0.16 0.16 0.07 0.13 0.04 0.50 0.14 0.17 0.08 0.09 0.02 0.08 0.01 0.16
65 100000.00 0.07 0.14 0.44 0.32 0.51 0.07 0.33 0.12 100000.00 0.03 0.17 100000.00 100000.00 100000.00 100000.00 100000.00
66 100000.00 0.05 0.05 0.07 0.07 0.10 0.08 0.05 0.05 0.03 0.03 0.04 0.03 0.03 100000.00 0.02 100000.00
67 100000.00 0.32 0.07 0.31 0.10 0.61 0.63 0.26 0.32 0.12 100000.00 0.12 0.05 0.16 0.43 0.11 0.12
68 100000.00 0.05 0.27 0.65 0.65 0.86 0.08 0.66 0.60 0.02 100000.00 100000.00 0.24 0.51 0.05 0.37 0.19
69 100000.00 0.36 0.60 0.68 0.16 0.32 0.55 0.14 0.51 0.19 0.24 0.42 0.05 0.10 0.14 0.04 0.34
70 100000.00 0.26 0.44 0.32 0.43 0.10 0.14 0.54 0.16 0.14 0.23 0.11 0.16 0.02 0.08 0.21 0.05
71 100000.00 0.23 0.44 0.39 0.16 0.48 0.19 0.10 0.42 100000.00 100000.00 0.13 0.06 0.23 100000.00 100000.00 100000.00
72 100000.00 0.10 0.07 0.06 0.09 0.16 0.10 0.13 0.10 100000.00 0.03 0.04 100000.00 0.07 0.05 0.05 0.04
73 100000.00 0.04 0.35 0.22 0.21 0.52 0.25 0.31 0.56 0.03 0.07 0.08 0.10 0.12 0.11 0.14 0.29
74 100000.00 0.03 0.10 0.13 0.22 0.17 0.03 0.20 0.13 0.01 0.06 0.03 0.13 0.08 0.01 0.04 0.03
75 100000.00 0.66 0.64 0.22 0.50 0.77 0.63 0.67 0.60 0.42 100000.00 100000.00 0.11 0.21 0.23 100000.00 0.17
<task rigidity>
1 7
2 5
3 1
4 10
5 6
6 4
7 5
8 2
9 3
10 1
11 3
12 7
13 5
14 1
15 4
16 2
17 2
18 4
19 6
20 6
21 4
22 6
23 4
24 9
25 6
26 5
27 5
28 7
29 10
30 4
31 2
32 9
33 10
34 6
35 4
36 9
37 4
38 7
39 3
40 2
41 4
42 9
43 1
44 10
45 5
46 3
47 6
48 7
49 3
50 3
51 6
52 3
53 2
54 8
55 1
56 9
57 10
58 1
59 5
60 6
61 10
62 5
63 10
64 7
65 8
66 1
67 1
68 4
69 6
70 3
71 1
72 3
73 9
74 6
75 4
<precedence relations>
1,2
1,3
1,4
1,5
1,6
1,7
2,15
3,13
3,24
4,8
4,14
4,16
5,12
5,15
6,9
6,10
6,11
6,13
9,20
9,24
10,18
12,19
13,22
15,17
15,20
15,23
16,21
16,26
17,30
18,26
18,30
20,27
21,33
24,25
25,28
25,30
25,33
25,34
26,31
26,32
26,41
27,29
27,35
27,36
31,37
31,39
32,44
32,45
33,41
35,38
35,42
36,40
36,43
39,51
40,46
42,47
43,48
43,50
46,48
46,51
47,49
47,50
47,52
47,53
49,59
49,61
49,62
50,54
50,55
50,60
50,62
52,56
52,57
53,58
55,63
58,65
59,64
59,66
62,67
66,68
68,69
68,70
68,71
68,72
68,73
68,74
68,75
<end>