<number of tasks>
7
<number of stations>
3
<number of workers>
3
<type of the robots>
1
<limit of the robots>
1
<task times>
1 100000 3 1 5 2 100000 100000
2 8 4 6 6 3 4 4
3 100000 5 4 3 4 3 100000
4 3 1 1 1 1 1 1
5 100000 1 4 3 1 100000 100000
6 100000 3 1 1 3 100000 1
7 100000 1 1 1 1 1 1
<posture of tasks>
1 0
2 0
3 1
4 1
5 1
6 1
7 1
<max energy cosumption of alternatives>
1 100000.00
2 5.22
3 4.44
4 4.60
<energy cosumption of alternatives>
1 100000.00 0.11 0.07 0.16 0.03 100000.00 100000.00
2 100000.00 0.14 0.18 0.18 0.05 0.06 0.04
3 100000.00 0.20 0.17 0.14 0.06 0.11 100000.00
4 100000.00 0.07 0.07 0.07 0.02 0.04 0.02
5 100000.00 0.06 0.15 0.12 0.03 100000.00 100000.00
6 100000.00 0.13 0.07 0.07 0.05 100000.00 0.04
7 100000.00 0.06 0.06 0.06 0.03 0.03 0.02
<task rigidity>
1 4
2 3
3 1
4 4
5 6
6 6
7 3
<precedence relations>
1,4
2,3
3,6
4,7
5,6
6,7
<end>