<number of tasks>
7
<number of stations>
4
<number of workers>
4
<type of the robots>
1
<limit of the robots>
1
<task times>
1 7 5 4 3 3 4 3 3 2
2 100000 4 6 5 4 3 100000 100000 3
3 100000 5 1 4 1 4 1 3 100000
4 100000 3 3 2 2 2 2 100000 100000
5 5 3 4 4 3 2 3 3 2
6 7 3 2 4 1 2 2 3 1
7 100000 1 1 1 1 1 1 1 1
<posture of tasks>
1 1
2 1
3 1
4 1
5 0
6 1
7 1
<max energy cosumption of alternatives>
1 100000.00
2 3.28
3 5.20
4 4.28
5 4.62
<energy cosumption of alternatives>
1 100000.00 0.16 0.16 0.13 0.13 0.04 0.03 0.06 0.05
2 100000.00 0.14 0.23 0.20 0.17 0.08 100000.00 100000.00 0.10
3 100000.00 0.18 0.08 0.17 0.08 0.04 0.02 0.04 100000.00
4 100000.00 0.10 0.13 0.09 0.10 0.06 0.06 100000.00 100000.00
5 100000.00 0.08 0.12 0.12 0.10 0.05 0.05 0.04 0.03
6 100000.00 0.11 0.10 0.16 0.07 0.06 0.07 0.03 0.04
7 100000.00 0.05 0.07 0.07 0.07 0.01 0.04 0.04 0.03
<task rigidity>
1 2
2 6
3 4
4 5
5 3
6 10
7 9
<precedence relations>
1,4
2,3
3,6
4,7
5,6
6,7
<end>