<number of tasks>
83
<number of stations>
20
<number of workers>
20
<type of the robots>
1
<limit of the robots>
5
<task times>
1 100000 1646 560 1446 145 1024 1074 1245 881 822 820 647 826 637 617 1666 745 1112 1538 1122 569 1047 100000 875 100000 100000 684 100000 594 506 100000 100000 100000 421 100000 1032 100000 100000 926 100000 385
2 100000 566 39 711 400 525 145 352 19 743 662 406 960 162 636 206 150 506 42 721 656 357 27 487 268 344 100000 100000 12 100000 100000 257 625 107 435 142 92 314 26 100000 100000
3 100000 96 122 130 1215 1160 499 1809 138 179 626 700 254 731 622 839 1800 627 1287 207 1320 60 78 84 810 715 341 100000 93 100000 414 469 100000 469 427 586 1091 416 834 144 100000
4 1270 283 352 779 761 240 78 319 689 113 337 584 359 517 252 514 432 915 623 449 953 192 236 485 517 145 52 192 423 69 206 396 245 326 162 330 281 636 377 283 583
5 100000 358 759 743 433 1171 392 286 564 596 166 885 1545 101 362 1170 1013 1295 697 846 547 100000 100000 100000 100000 779 273 195 390 388 100000 100000 1061 62 100000 100000 660 890 425 578 100000
6 100000 2506 1895 1483 2520 2674 882 2712 666 2255 141 651 800 1625 679 2409 437 1321 1073 1269 778 1603 1312 1007 1724 1739 100000 100000 100000 1437 98 450 517 1081 431 1454 100000 858 742 777 510
7 100000 1708 1231 288 960 807 1803 1908 661 1677 1659 323 1812 1495 1734 1603 1990 720 2060 928 2198 100000 826 182 595 532 1242 1215 434 100000 1139 223 1128 100000 1160 100000 100000 462 100000 636 1502
8 1407 757 413 620 747 972 643 680 376 415 189 528 234 78 929 135 137 990 759 309 290 507 250 425 513 675 434 436 233 268 120 363 151 53 570 86 96 631 522 189 195
9 2373 33 1620 443 983 243 1594 579 338 1539 1621 942 389 776 905 504 915 498 1601 718 1207 21 1125 274 599 157 1042 391 222 1077 1057 657 250 481 628 344 563 306 994 474 741
10 1728 521 927 219 864 143 153 1119 779 367 96 347 565 569 716 554 255 766 957 1014 831 330 614 135 534 99 103 677 480 242 62 210 358 386 494 382 159 517 649 641 507
11 934 412 439 39 390 367 572 227 417 82 150 220 170 659 388 447 690 345 654 273 524 273 297 27 266 224 361 142 262 56 94 153 111 458 242 308 456 218 397 170 365
12 618 446 193 389 422 393 185 245 265 284 268 176 462 87 303 155 48 119 62 360 223 278 119 240 261 239 113 154 169 195 164 111 310 61 197 96 32 73 38 226 137
13 654 248 174 193 282 112 146 273 221 299 59 4 441 415 312 108 315 37 61 67 2 166 107 124 190 75 99 165 154 189 37 3 290 272 211 74 217 23 40 45 2
14 1477 256 1124 35 759 91 154 742 554 490 317 379 662 771 972 65 246 317 941 802 200 169 676 24 494 57 98 517 351 303 195 258 418 505 654 43 166 206 591 560 127
15 100000 258 179 566 543 57 128 25 521 445 129 5 96 396 432 20 577 138 234 73 234 181 116 100000 100000 100000 82 16 100000 100000 82 4 100000 250 100000 13 371 90 148 100000 100000
16 632 419 417 330 325 237 267 336 269 423 313 403 181 164 317 190 56 382 426 244 447 254 259 212 197 145 177 226 182 281 197 263 123 101 210 116 40 249 268 154 292
17 100000 284 761 605 278 844 857 380 645 175 855 42 290 822 149 474 196 336 332 319 313 179 471 374 192 566 534 100000 100000 100000 558 27 100000 524 91 305 100000 236 203 213 214
18 100000 333 375 651 91 273 415 418 285 606 596 642 472 170 88 529 135 22 193 480 488 219 235 407 100000 181 270 292 173 389 384 387 100000 110 60 369 90 100000 134 293 100000
19 790 438 475 276 89 596 287 595 198 333 587 182 456 335 541 592 125 464 398 316 183 296 300 190 62 407 189 373 120 216 402 116 279 206 372 414 85 295 241 197 125
20 100000 167 44 2 72 123 163 232 108 203 148 231 163 144 158 21 195 224 54 218 39 100000 30 2 100000 84 114 158 100000 137 92 143 108 100000 96 100000 100000 100000 35 138 25
21 534 187 78 265 405 217 407 109 132 339 153 165 12 324 286 31 104 288 239 163 367 124 51 165 276 146 251 69 83 233 103 109 8 208 175 21 66 196 160 106 249
22 100000 100 318 511 240 263 457 525 271 176 244 812 204 573 292 45 223 826 120 143 345 100000 197 100000 151 100000 279 325 172 123 163 542 138 360 176 31 142 554 77 92 230
23 100000 401 148 282 493 408 284 98 25 493 505 691 29 359 56 310 479 643 34 380 288 279 100000 177 301 259 193 60 17 329 326 481 19 250 39 198 100000 100000 23 252 178
24 1118 752 112 105 312 289 158 393 756 301 637 80 844 376 152 189 813 775 267 603 669 491 69 73 199 179 104 252 472 194 413 52 581 255 92 123 565 492 161 389 434
25 100000 169 760 739 543 572 20 176 333 607 553 56 582 263 49 327 553 34 36 403 457 111 523 502 367 100000 14 113 210 416 346 37 353 160 100000 220 344 100000 22 255 100000
26 1232 486 81 91 880 95 142 350 132 537 846 307 681 601 334 416 120 34 206 522 298 301 52 63 575 65 96 224 80 337 565 195 445 399 228 250 76 23 125 364 206
27 100000 510 263 389 647 46 94 13 211 464 691 157 243 83 568 578 612 695 657 392 622 311 160 100000 431 32 59 9 100000 282 100000 104 100000 57 100000 372 420 100000 100000 259 403
28 100000 619 84 642 305 1634 1125 1610 1702 526 1028 119 7 1230 1553 567 1747 971 664 839 746 422 56 396 100000 1004 100000 998 1036 340 100000 80 100000 100000 1006 365 1172 100000 412 562 504
29 947 269 428 54 176 387 358 527 471 410 272 378 363 566 39 221 161 652 421 565 49 176 268 38 120 261 221 342 296 255 181 230 222 351 24 134 106 435 285 374 30
30 100000 766 463 103 918 908 427 152 522 621 154 286 145 445 787 214 92 35 441 880 378 523 322 67 100000 561 299 92 100000 423 100 100000 94 100000 100000 100000 64 24 308 530 100000
31 100000 400 442 30 585 336 136 470 161 491 261 143 699 648 476 378 674 629 433 282 555 269 292 19 407 229 82 325 104 334 100000 99 425 435 287 239 437 441 269 192 354
32 834 245 500 436 287 489 187 398 318 79 86 242 395 209 295 290 550 151 131 25 610 156 331 268 183 304 122 258 198 54 57 158 271 128 202 182 336 97 85 17 405
33 100000 163 454 248 219 32 531 250 480 400 369 432 153 243 233 261 132 266 116 341 535 113 100000 150 142 23 320 161 100000 245 100000 100000 107 150 151 100000 83 168 80 206 322
34 100000 521 830 701 1183 479 670 884 401 344 697 699 1017 902 1139 1066 145 665 599 62 396 340 550 460 809 315 451 100000 263 209 100000 488 669 580 786 646 100000 434 100000 40 244
35 100000 150 1096 1040 740 1034 385 912 552 234 1058 574 444 252 299 66 16 256 671 367 441 98 100000 707 100000 665 234 100000 377 100000 689 392 287 100000 100000 40 11 169 444 227 280
36 1687 81 288 998 341 37 1075 793 1080 276 1146 1170 1210 657 959 531 506 799 1078 94 747 50 190 602 222 25 673 539 674 183 752 710 727 396 636 360 317 491 713 60 505
37 1051 111 229 526 692 121 680 132 400 751 102 585 613 660 741 589 273 117 698 476 417 74 161 335 454 84 439 85 250 494 62 367 412 462 463 404 188 76 479 330 285
38 100000 980 55 270 1051 806 488 42 695 775 493 17 813 87 640 950 844 26 605 66 442 100000 39 170 644 531 100000 100000 483 100000 100000 100000 533 61 100000 100000 100000 100000 386 40 295
39 1712 1285 118 892 827 296 293 582 630 1133 425 548 741 111 996 153 843 931 756 430 183 807 77 546 556 201 192 405 416 688 297 332 516 78 643 99 516 627 474 269 124
40 100000 514 452 619 625 287 570 147 494 661 625 159 500 661 140 652 479 294 473 387 520 313 299 416 100000 190 357 94 310 100000 100000 111 317 406 100000 100000 100000 185 311 100000 337
41 100000 29 234 459 221 366 257 153 17 305 170 32 74 31 221 41 148 302 248 371 327 19 160 100000 142 234 161 96 11 100000 117 100000 50 21 143 28 97 211 170 250 100000
42 1694 1225 985 682 815 792 228 425 667 985 674 767 371 1019 455 827 1262 218 739 375 554 770 632 419 509 500 150 298 465 653 464 481 230 659 307 541 845 147 513 231 344
43 100000 50 694 361 64 178 319 85 112 558 3 70 751 518 639 584 149 607 134 32 541 33 447 227 100000 100000 209 100000 68 100000 100000 48 496 327 426 395 99 100000 100000 100000 330
44 757 206 82 48 27 60 542 192 111 375 5 10 328 53 263 246 235 218 428 44 94 131 56 32 18 38 376 125 76 249 4 7 203 33 162 158 150 151 260 30 59
45 100000 346 278 329 350 4 65 210 165 473 159 315 157 249 223 425 320 481 52 116 365 100000 180 216 215 3 43 138 100000 100000 101 196 100 167 150 100000 195 100000 100000 74 248
46 100000 515 414 566 519 129 310 446 567 331 473 118 359 84 479 362 188 438 478 15 131 321 100000 100000 361 89 100000 100000 100000 205 299 76 217 100000 332 225 118 100000 100000 10 82
47 832 217 116 167 27 267 330 73 420 157 497 146 47 499 345 608 36 465 447 475 305 133 79 116 19 180 220 45 288 109 322 97 33 338 213 388 24 315 290 301 188
48 753 384 574 126 275 122 440 65 166 484 404 466 385 330 34 203 246 140 373 77 298 258 391 80 169 77 306 40 108 298 244 311 258 222 22 133 161 94 252 51 192
49 100000 15 186 245 112 426 370 463 538 397 67 240 109 168 19 448 421 354 103 561 556 11 127 151 76 100000 238 100000 100000 269 46 145 68 103 100000 286 100000 233 100000 100000 100000
50 100000 463 442 479 225 344 252 205 445 2 346 462 356 337 74 61 356 368 313 52 355 298 305 321 151 100000 160 130 100000 100000 231 305 100000 100000 100000 42 100000 253 188 100000 221
51 787 487 525 432 257 310 333 305 175 94 166 154 480 231 548 202 555 169 153 382 2 308 354 291 160 211 210 196 122 64 108 102 313 154 349 139 338 116 102 260 2
52 755 237 13 508 444 33 533 144 149 84 183 197 494 548 338 150 147 535 422 359 555 148 9 346 269 23 343 90 91 59 121 125 302 347 234 94 89 366 255 250 366
53 100000 531 369 323 90 253 572 192 385 271 344 452 523 431 320 304 403 567 422 241 10 365 228 100000 100000 100000 354 133 242 100000 226 100000 349 298 203 188 279 356 296 100000 100000
54 753 221 178 325 144 82 499 253 114 397 257 39 577 25 479 47 310 20 511 110 255 144 112 204 95 54 304 154 74 278 172 28 366 17 311 32 190 14 317 67 158
55 789 9 425 466 105 324 411 567 215 437 139 575 235 271 566 268 112 373 383 53 491 6 289 281 66 200 259 386 136 294 88 382 151 164 394 168 70 233 242 33 331
56 100000 541 195 418 217 132 299 306 512 394 53 266 338 51 51 531 337 541 249 118 486 332 100000 279 100000 84 181 194 100000 268 36 161 237 33 33 100000 233 100000 100000 81 333
57 100000 495 53 88 19 453 140 320 287 201 91 568 149 293 522 469 247 458 528 113 86 337 34 59 100000 100000 96 221 100000 137 100000 100000 92 201 321 290 155 100000 365 70 56
58 100000 355 75 379 304 575 152 382 220 477 271 245 539 333 337 158 129 13 126 150 398 239 100000 261 199 347 101 100000 151 289 164 100000 325 222 214 100000 100000 8 81 97 254
59 100000 204 225 171 130 74 166 326 221 135 185 80 337 209 486 573 529 489 185 292 355 139 148 100000 88 46 102 226 100000 83 127 49 217 100000 332 348 100000 100000 100000 187 240
60 100000 521 230 462 420 475 567 410 343 30 112 509 395 129 159 547 127 290 86 223 523 344 160 320 100000 288 100000 259 100000 19 77 100000 100000 81 109 336 86 177 60 100000 345
61 100000 4 357 440 145 326 548 61 30 338 411 234 186 62 154 299 506 513 58 160 472 3 100000 100000 100000 197 379 39 100000 100000 100000 141 100000 43 100000 190 337 100000 36 109 309
62 789 48 427 42 506 286 105 568 498 104 418 553 402 176 178 376 501 351 135 119 129 33 295 30 350 174 65 344 325 67 290 339 255 114 120 251 328 233 95 74 82
63 100000 139 474 46 410 280 153 323 266 189 396 510 245 144 348 124 476 161 27 409 86 92 312 29 100000 187 101 216 178 131 243 100000 167 99 236 83 330 112 100000 248 100000
64 789 350 307 406 398 531 173 89 394 352 106 525 204 153 240 460 126 238 204 197 484 223 211 271 255 329 119 59 255 229 68 320 137 94 148 320 77 160 142 125 331
65 758 369 416 392 12 158 280 507 126 10 286 446 507 236 412 240 527 207 66 390 300 252 289 244 9 98 181 317 79 7 186 304 322 151 250 163 318 128 41 269 204
66 787 353 49 182 35 460 186 15 434 207 288 563 555 100 154 525 337 214 369 8 513 233 32 117 22 322 129 10 301 128 192 361 373 69 107 353 229 136 223 6 344
67 793 70 353 68 16 571 557 228 93 392 569 380 479 420 560 554 424 285 74 287 559 45 215 46 11 369 362 147 62 269 361 254 331 277 358 375 264 191 48 197 337
68 765 244 106 449 400 278 153 100 439 431 28 459 365 574 515 575 366 127 175 233 56 164 74 290 260 190 99 61 264 284 19 319 254 369 336 394 232 86 118 151 36
69 100000 443 8 300 332 4 38 51 375 153 68 128 325 181 349 322 171 207 26 143 211 283 100000 186 233 100000 100000 33 100000 93 100000 79 216 117 236 223 100000 132 16 89 130
70 100000 406 442 533 376 694 1 8 531 827 747 451 457 681 42 832 34 243 400 828 476 247 100000 348 228 452 1 6 365 498 509 100000 100000 442 26 539 21 148 269 580 100000
71 100000 219 88 71 158 262 331 184 311 79 92 367 369 334 37 213 178 134 22 62 7 146 55 100000 100000 183 100000 100000 201 56 58 256 254 207 26 100000 100000 93 100000 39 5
72 100000 177 648 930 21 818 690 626 1286 99 88 230 683 1220 1018 1256 235 1215 1093 1296 81 123 100000 603 14 511 100000 431 799 62 55 100000 455 772 680 804 147 775 751 868 54
73 100000 935 838 803 953 356 436 612 1060 1078 52 72 1031 939 644 169 62 136 969 391 809 650 552 520 576 224 265 369 688 700 100000 100000 682 619 431 100000 39 83 585 261 100000
74 3499 102 2434 154 2117 147 1041 1023 1564 2363 1270 331 934 1541 1516 320 2529 1603 1310 47 1900 69 1675 93 1301 101 647 672 1095 1527 764 231 608 1057 969 194 1659 1053 871 29 1259
75 1000 708 673 752 385 106 274 260 356 142 198 255 5 526 333 742 746 16 63 91 469 461 410 487 261 65 176 161 245 97 137 156 4 352 204 474 465 11 39 57 295
76 485 180 197 271 3 342 323 36 128 263 352 170 36 2 293 7 10 281 29 126 286 111 134 168 2 231 206 26 81 178 243 111 24 2 202 5 7 183 18 76 185
77 972 339 166 531 292 356 272 514 398 293 459 588 346 431 96 632 698 299 521 115 672 232 108 363 185 241 174 358 244 194 285 402 234 266 66 406 427 206 361 70 452
78 100000 1029 148 814 837 713 103 1137 576 995 287 184 50 1076 931 1047 1020 97 220 787 1052 710 100000 527 100000 493 70 100000 100000 100000 179 112 100000 655 100000 641 658 61 137 482 687
79 375 111 49 183 255 110 166 89 36 63 186 62 80 62 17 188 238 281 205 207 210 73 31 115 174 76 112 58 25 39 125 43 49 38 11 121 148 184 129 145 136
80 2852 857 1899 1416 2065 1981 354 785 894 541 355 1539 1937 2058 1709 946 1088 537 545 410 1521 582 1231 881 1356 1344 225 534 543 378 230 1074 1299 1369 1048 636 760 362 376 259 972
81 100000 67 334 410 433 155 392 93 343 93 169 217 70 400 402 207 24 286 328 346 192 45 100000 254 265 96 263 61 232 63 100000 100000 100000 100000 280 132 15 188 209 233 134
82 100000 1088 774 805 314 807 930 626 768 638 183 182 1240 1180 949 689 1141 758 121 312 271 701 521 517 189 100000 562 419 534 444 100000 122 851 100000 100000 456 700 461 100000 217 166
83 100000 3090 3213 1776 2612 160 144 3650 730 2650 3423 668 1024 1843 2682 3093 667 2398 529 653 1748 2052 100000 1208 1653 109 100 2364 441 100000 100000 419 692 100000 1865 2003 405 1483 361 446 1107
<posture of tasks>
1 1
2 1
3 0
4 1
5 1
6 0
7 1
8 1
9 1
10 1
11 1
12 0
13 0
14 1
15 1
16 1
17 1
18 1
19 1
20 1
21 0
22 0
23 1
24 0
25 0
26 1
27 1
28 1
29 1
30 1
31 1
32 0
33 1
34 0
35 1
36 0
37 0
38 1
39 1
40 0
41 0
42 1
43 1
44 1
45 1
46 1
47 1
48 1
49 0
50 1
51 1
52 1
53 1
54 1
55 1
56 1
57 1
58 1
59 0
60 0
61 1
62 1
63 0
64 1
65 0
66 0
67 0
68 1
69 1
70 1
71 0
72 1
73 1
74 1
75 1
76 1
77 0
78 1
79 1
80 1
81 1
82 1
83 1
<max energy cosumption of alternatives>
1 100000.00
2 2.29
3 4.32
4 3.13
5 4.98
6 2.55
7 2.78
8 2.74
9 3.02
10 2.49
11 5.41
12 4.48
13 2.73
14 4.56
15 2.94
16 2.99
17 4.79
18 4.38
19 2.65
20 2.11
21 2.65
<energy cosumption of alternatives>
1 100000.00 42.85 19.18 36.95 4.98 25.69 28.52 32.44 21.67 20.60 28.07 20.60 21.14 20.91 16.36 40.96 24.44 35.40 41.53 27.57 15.37 19.38 100000.00 11.41 100000.00 100000.00 5.90 100000.00 10.36 4.98 100000.00 100000.00 100000.00 13.80 100000.00 19.13 100000.00 100000.00 19.54 100000.00 7.51
2 100000.00 15.67 1.41 19.30 14.43 14.05 4.11 9.72 0.49 19.88 23.94 13.63 26.09 5.57 17.97 5.40 5.20 17.02 1.21 18.91 18.79 3.45 0.88 5.83 4.59 8.72 100000.00 100000.00 0.18 100000.00 100000.00 5.69 5.41 1.40 3.70 1.28 2.07 6.45 0.35 100000.00 100000.00
3 100000.00 1.97 3.35 2.61 33.39 23.05 10.53 37.37 2.71 3.56 17.17 17.82 5.15 19.18 13.08 16.32 47.27 15.94 27.61 4.03 28.34 0.79 0.83 1.74 17.06 12.35 6.62 100000.00 1.62 100000.00 5.55 7.20 100000.00 4.70 3.64 3.91 23.65 8.21 14.32 2.74 100000.00
4 100000.00 7.51 12.22 20.28 26.44 6.12 2.08 8.45 17.26 2.90 11.73 18.89 9.37 17.20 6.81 12.86 14.37 29.59 17.12 11.24 26.19 3.19 6.99 12.93 10.25 3.56 1.42 2.99 11.89 0.61 6.93 12.56 4.15 10.53 4.34 4.98 9.56 13.85 8.41 4.14 16.40
5 100000.00 9.28 25.87 18.90 14.76 29.17 10.35 7.39 13.79 14.83 5.66 28.05 39.26 3.28 9.55 28.58 33.04 41.04 18.71 20.66 14.66 100000.00 100000.00 100000.00 100000.00 17.16 4.93 3.71 7.20 3.60 100000.00 100000.00 26.70 1.09 100000.00 100000.00 15.50 20.57 10.78 10.24 100000.00
6 100000.00 51.73 51.53 29.99 68.58 53.11 18.58 55.95 12.98 44.75 3.85 16.44 16.22 42.35 14.27 46.87 11.35 33.40 23.02 24.71 16.68 28.31 30.75 12.51 36.98 25.59 100000.00 100000.00 100000.00 24.56 2.36 8.28 10.19 14.75 5.43 14.43 100000.00 18.09 6.30 14.14 9.68
7 100000.00 46.01 43.30 7.61 33.77 20.94 49.42 51.37 16.84 43.46 58.40 10.57 47.87 50.41 47.57 40.81 67.12 23.60 57.44 23.61 61.29 100000.00 13.60 3.18 12.28 12.69 24.00 20.62 10.89 100000.00 14.23 3.45 33.28 100000.00 19.97 100000.00 100000.00 10.37 100000.00 7.13 36.41
8 100000.00 21.17 15.07 17.02 27.21 26.24 18.33 19.01 9.95 11.24 6.83 17.93 6.43 2.68 26.42 3.54 4.72 33.55 21.98 8.20 8.39 14.61 8.77 7.18 9.65 13.91 4.97 7.53 5.30 2.96 1.46 10.11 4.13 1.14 5.45 1.81 2.17 15.59 8.50 1.69 2.94
9 100000.00 0.88 55.74 11.41 33.80 6.12 42.51 15.19 8.37 38.79 55.77 30.15 10.01 25.57 24.14 12.48 30.16 15.95 43.52 17.78 32.77 0.32 16.75 5.50 7.91 3.41 29.13 4.97 1.68 16.40 31.09 20.43 5.54 17.90 10.48 7.79 10.94 7.64 26.30 12.14 11.69
10 100000.00 13.68 32.14 5.63 29.98 3.63 4.08 29.45 19.36 9.30 3.33 11.18 14.58 18.86 19.21 13.77 8.47 24.66 26.12 25.17 22.71 3.97 12.82 1.99 7.80 0.76 2.67 7.12 5.85 5.02 0.74 4.52 6.55 7.62 12.15 7.62 4.75 11.08 16.94 5.75 15.08
11 100000.00 11.37 15.81 1.07 14.12 9.82 16.12 6.31 10.95 2.14 5.42 7.40 4.66 22.76 10.97 11.74 23.94 11.60 18.76 7.11 15.07 5.22 7.72 0.27 7.52 5.11 8.82 2.49 4.11 1.16 3.53 2.98 2.03 14.67 3.33 4.85 8.68 4.67 12.71 1.93 9.97
12 100000.00 9.15 5.26 7.83 11.45 7.76 3.86 5.01 5.10 5.60 7.25 4.44 9.26 2.26 6.35 2.99 1.22 3.01 1.33 6.98 4.76 1.91 1.42 2.64 4.22 2.20 2.32 3.18 1.83 1.27 3.88 3.06 5.42 1.28 3.33 1.90 0.35 0.98 0.89 1.69 3.20
13 100000.00 5.31 4.88 4.07 7.91 2.32 3.18 5.77 4.46 6.09 1.67 0.14 9.23 11.14 6.76 2.14 8.44 0.98 1.36 1.35 0.07 1.90 1.74 1.54 4.57 0.89 1.54 2.12 1.24 3.73 0.52 0.07 5.31 3.59 2.60 0.66 4.57 0.27 0.83 0.68 0.04
14 100000.00 7.03 40.06 0.96 27.07 2.42 4.29 20.32 14.41 12.93 11.30 12.58 17.87 26.40 27.14 1.69 8.38 10.54 26.76 20.85 5.70 1.47 27.54 0.39 17.51 1.19 1.75 11.43 5.95 6.19 4.40 7.00 9.16 14.62 11.58 0.91 3.48 7.20 6.77 6.70 1.36
15 100000.00 6.92 6.24 14.88 18.96 1.49 3.48 0.66 13.16 11.51 4.48 0.19 2.53 13.27 11.76 0.51 19.30 4.52 6.50 1.83 6.50 4.23 3.46 100000.00 100000.00 100000.00 1.40 0.38 100000.00 100000.00 1.95 0.09 100000.00 8.71 100000.00 0.19 4.63 1.11 2.51 100000.00 100000.00
16 100000.00 11.33 14.72 8.73 11.44 6.15 7.33 9.07 6.83 11.01 11.05 13.22 4.78 5.51 8.70 4.82 1.91 12.51 11.92 6.21 12.51 4.77 9.23 5.77 6.80 3.95 2.20 2.79 2.52 3.98 6.49 4.85 2.12 2.53 3.50 1.44 0.50 7.53 3.80 2.74 4.47
17 100000.00 7.53 26.47 15.69 9.70 21.50 23.11 10.05 16.11 4.47 29.78 1.36 7.53 27.37 4.01 11.85 6.54 10.89 9.13 7.97 8.59 1.73 8.56 7.63 3.61 10.30 5.85 100000.00 100000.00 100000.00 12.84 0.56 100000.00 10.52 1.39 5.41 100000.00 5.54 3.39 4.45 5.48
18 100000.00 8.97 13.14 17.14 3.20 7.04 11.36 11.25 7.24 15.71 20.88 20.97 12.46 5.72 2.42 13.44 4.51 0.71 5.39 12.20 13.56 4.20 7.56 11.35 100000.00 2.53 3.92 6.58 4.03 6.27 8.08 13.91 100000.00 1.26 1.11 6.43 0.99 100000.00 3.55 3.25 100000.00
19 100000.00 11.45 16.39 7.12 3.08 15.01 7.66 15.59 4.90 8.41 20.24 5.83 11.72 11.08 14.42 14.65 4.12 14.86 10.81 7.82 4.96 6.37 8.75 4.10 0.93 7.84 4.25 3.26 1.81 4.34 13.86 1.56 6.68 3.63 6.61 4.88 2.09 7.58 4.93 5.35 1.70
20 100000.00 4.37 1.49 0.06 2.47 3.09 4.32 6.05 2.65 5.09 5.09 7.38 4.15 4.73 4.20 0.49 6.42 7.17 1.45 5.35 1.05 100000.00 0.94 0.04 100000.00 1.06 2.20 1.71 100000.00 1.56 2.06 2.52 1.61 100000.00 1.19 100000.00 100000.00 100000.00 0.69 2.00 0.41
21 100000.00 3.87 2.11 5.39 11.08 4.32 8.60 2.24 2.58 6.78 4.18 4.20 0.25 8.47 6.06 0.64 2.70 7.34 5.15 3.17 7.92 1.21 1.24 3.65 4.86 1.54 4.81 1.38 1.62 4.13 1.73 1.32 0.11 5.34 2.80 0.20 1.16 3.94 3.36 2.16 1.85
22 100000.00 2.14 8.92 10.71 6.73 5.40 9.94 11.25 5.44 3.62 6.82 21.18 4.27 15.38 6.34 0.89 6.02 21.59 2.68 2.91 7.64 100000.00 4.26 100000.00 3.05 100000.00 5.56 2.63 1.64 1.95 3.59 4.51 2.40 5.95 1.87 0.39 2.54 9.92 1.51 1.59 2.01
23 100000.00 10.76 5.19 7.44 17.23 10.53 7.76 2.63 0.61 12.72 17.69 22.55 0.79 12.06 1.55 7.89 16.06 20.97 0.97 9.65 8.03 5.18 100000.00 3.37 3.53 6.79 2.77 0.66 0.13 6.01 4.24 12.22 0.45 3.21 0.81 1.96 100000.00 100000.00 0.31 4.81 1.96
24 100000.00 15.44 3.08 2.10 8.54 5.69 3.30 8.08 14.62 5.90 17.43 2.00 16.98 9.80 3.18 3.62 21.23 19.64 5.68 11.63 14.28 6.76 1.39 1.22 5.34 3.64 1.18 2.22 3.02 4.03 11.30 1.20 8.85 4.53 1.37 1.90 12.19 11.97 2.76 3.34 7.78
25 100000.00 3.43 20.36 14.59 14.54 11.07 0.40 3.55 6.34 11.79 14.85 1.42 11.52 6.72 1.00 6.20 14.19 0.86 0.77 7.65 9.56 1.15 13.87 9.06 3.87 100000.00 0.08 1.33 3.90 2.61 9.18 0.89 3.87 2.68 100000.00 3.36 7.88 100000.00 0.39 4.97 100000.00
26 100000.00 12.98 2.81 2.40 30.99 2.44 3.87 9.36 3.32 13.82 29.77 10.07 17.87 20.25 9.11 10.54 4.06 1.13 5.71 13.15 8.25 7.97 1.51 0.80 15.02 1.20 1.49 3.54 1.90 7.95 6.37 2.90 4.45 4.73 3.72 5.09 2.58 0.71 1.67 3.66 2.17
27 100000.00 13.77 9.25 10.32 22.80 1.19 2.58 0.35 5.38 12.04 24.39 5.14 6.42 2.82 15.59 14.78 20.70 22.83 18.35 10.03 17.39 5.68 3.94 100000.00 6.05 0.32 1.02 0.15 100000.00 2.73 100000.00 1.79 100000.00 1.22 100000.00 7.81 14.44 100000.00 100000.00 4.90 4.61
28 100000.00 17.20 3.08 17.52 11.05 43.76 31.76 44.72 44.70 14.13 37.12 4.02 0.21 42.58 43.91 14.90 60.49 32.68 19.13 22.06 21.49 7.62 1.68 10.19 100000.00 15.54 100000.00 11.46 20.46 7.16 100000.00 1.26 100000.00 100000.00 10.64 4.32 31.55 100000.00 7.99 4.87 5.49
29 100000.00 7.06 14.75 1.37 6.06 9.80 9.60 13.85 11.70 10.35 9.35 12.11 9.37 18.68 1.03 5.49 5.30 20.90 11.46 14.00 1.31 3.13 8.81 0.74 3.66 6.80 5.55 4.90 2.95 4.01 4.19 6.67 6.37 4.62 0.31 2.74 2.08 7.55 7.50 7.70 0.84
30 100000.00 20.76 16.42 2.72 32.63 23.79 11.80 4.12 13.36 16.25 5.45 9.47 3.88 15.16 21.74 5.47 3.15 1.18 12.44 22.58 10.63 9.98 5.76 1.74 100000.00 7.89 7.79 0.90 100000.00 10.47 2.33 100000.00 0.87 100000.00 100000.00 100000.00 1.11 0.48 8.25 8.84 100000.00
31 100000.00 11.06 15.92 0.85 21.04 8.97 3.80 13.03 4.18 13.06 9.37 4.82 18.98 22.32 13.40 9.87 23.23 21.04 12.37 7.40 15.91 5.70 5.91 0.17 13.52 5.59 2.22 6.08 1.33 3.39 100000.00 1.51 5.68 15.61 5.65 1.99 11.59 10.91 4.09 5.08 5.34
32 100000.00 5.16 13.94 9.02 7.98 9.93 4.00 8.43 6.34 1.58 2.43 6.24 8.21 5.55 6.33 5.79 14.65 3.91 2.86 0.46 13.42 1.40 8.53 3.21 5.22 4.42 0.90 4.26 2.13 0.32 1.69 4.01 3.74 3.64 4.01 1.69 6.55 2.24 0.80 0.23 4.67
33 100000.00 4.36 15.94 6.58 7.66 0.85 14.54 6.76 12.21 10.35 12.96 14.11 4.02 8.16 6.38 6.63 4.42 8.69 3.24 8.67 14.90 1.28 100000.00 2.32 2.73 0.20 5.27 3.07 100000.00 4.12 100000.00 100000.00 2.12 2.68 3.42 100000.00 2.43 5.58 1.15 4.76 8.75
34 100000.00 10.35 22.07 13.69 31.44 9.17 13.62 17.62 7.50 6.57 18.53 17.20 19.83 22.89 23.14 19.96 3.67 16.38 12.39 1.17 8.21 7.21 5.18 8.57 21.15 2.71 7.38 100000.00 3.82 2.82 100000.00 9.72 6.80 8.02 7.72 8.37 100000.00 9.37 100000.00 0.70 3.79
35 100000.00 4.09 38.99 27.75 26.30 27.09 10.66 24.83 14.23 6.13 37.67 18.98 11.87 8.62 8.26 1.70 0.53 8.50 18.94 9.45 12.47 1.30 100000.00 9.38 100000.00 7.03 5.08 100000.00 3.58 100000.00 22.81 11.84 6.46 100000.00 100000.00 0.77 0.32 2.55 11.69 3.91 8.38
36 100000.00 1.64 7.83 20.20 9.27 0.75 22.60 16.33 21.03 5.50 31.11 29.51 24.46 17.04 20.13 10.35 13.15 20.18 23.09 1.83 16.00 1.02 3.29 12.83 4.78 0.52 6.78 6.09 11.48 1.51 20.15 8.23 13.12 4.17 9.64 3.28 6.73 13.68 13.91 1.01 4.83
37 100000.00 2.24 6.12 10.39 18.47 2.33 13.92 2.63 7.57 14.50 2.70 14.48 12.09 16.83 15.16 11.14 6.95 2.91 14.57 9.02 8.71 1.04 4.19 2.14 7.96 1.08 4.28 1.47 4.37 7.21 0.61 4.74 7.88 8.57 6.57 2.65 2.66 1.15 4.12 4.91 5.47
38 100000.00 26.47 1.93 7.13 37.19 20.97 13.40 1.13 17.75 20.19 17.41 0.55 21.54 2.95 17.61 24.24 28.59 0.83 16.93 1.69 12.40 100000.00 0.40 2.24 21.96 4.63 100000.00 100000.00 5.51 100000.00 100000.00 100000.00 14.09 1.49 100000.00 100000.00 100000.00 100000.00 10.34 0.64 5.03
39 100000.00 33.93 4.08 23.12 28.63 7.50 7.87 15.38 15.70 28.83 14.71 17.62 19.19 3.69 26.80 3.81 27.94 29.95 20.71 10.72 5.00 11.55 2.80 14.19 10.03 4.95 4.52 8.51 7.96 9.96 3.80 4.60 9.79 0.78 13.78 1.19 7.99 17.13 4.45 4.43 3.40
40 100000.00 10.58 12.35 12.49 17.08 5.69 11.95 3.03 9.55 13.10 17.08 4.02 10.11 17.32 2.96 12.64 12.51 7.44 10.14 7.53 11.10 5.48 5.58 4.50 100000.00 3.80 4.15 1.41 2.80 100000.00 100000.00 1.82 5.04 4.46 100000.00 100000.00 100000.00 3.49 2.96 100000.00 5.71
41 100000.00 0.63 6.38 9.28 6.05 7.28 5.41 3.16 0.32 6.07 4.66 0.84 1.48 0.84 4.68 0.79 3.85 7.62 5.34 7.23 6.98 0.28 4.41 100000.00 2.05 2.59 2.60 1.47 0.15 100000.00 1.66 100000.00 0.96 0.57 2.02 0.55 0.87 5.03 2.04 3.72 100000.00
42 100000.00 33.17 34.79 18.11 28.77 20.65 6.30 11.52 17.10 25.68 23.82 25.20 9.86 34.52 12.53 21.20 42.71 7.14 20.69 9.60 15.56 19.20 14.10 10.97 8.58 7.18 2.21 3.48 10.13 11.90 16.17 14.37 6.74 8.21 4.07 13.61 10.22 4.54 11.50 2.26 8.55
43 100000.00 1.30 24.02 9.31 2.22 4.50 8.53 2.26 2.80 14.11 0.12 2.25 19.37 17.14 17.10 14.50 4.92 19.54 3.63 0.81 14.73 0.37 16.66 3.50 100000.00 100000.00 2.67 100000.00 1.11 100000.00 100000.00 1.50 11.61 9.63 10.96 9.49 2.17 100000.00 100000.00 100000.00 5.99
44 100000.00 5.66 2.89 1.28 0.93 1.63 15.17 5.24 2.93 9.94 0.20 0.35 8.82 1.77 7.36 6.37 8.06 7.25 12.19 1.15 2.69 1.19 1.09 0.68 0.27 1.03 6.62 3.44 0.76 3.24 0.09 0.08 3.08 0.59 3.10 2.79 3.49 5.07 4.53 0.46 0.77
45 100000.00 9.30 9.78 8.66 12.26 0.14 1.80 5.66 4.18 12.29 5.56 10.29 4.13 8.40 6.15 10.82 10.74 15.71 1.43 2.99 10.20 100000.00 6.66 4.02 5.75 0.06 0.97 1.82 100000.00 100000.00 3.31 5.45 2.77 3.73 2.61 100000.00 7.34 100000.00 100000.00 0.76 5.15
46 100000.00 13.89 14.65 14.99 18.31 3.33 8.54 12.04 14.45 8.62 16.73 3.90 9.54 2.86 13.17 9.25 6.34 14.37 13.38 0.38 3.65 9.21 100000.00 100000.00 10.27 2.11 100000.00 100000.00 100000.00 5.82 7.79 2.23 3.07 100000.00 5.30 3.42 2.14 100000.00 100000.00 0.24 1.97
47 100000.00 5.97 4.20 4.56 0.93 7.10 9.28 2.01 11.02 4.17 17.95 4.92 1.25 17.27 9.70 15.95 1.26 15.58 12.83 12.45 8.78 2.03 1.71 2.59 0.29 3.36 3.73 0.78 7.24 1.90 4.32 2.20 0.33 11.76 3.59 6.27 0.66 4.05 5.64 5.54 3.85
48 100000.00 10.01 19.70 3.21 9.43 3.06 11.69 1.71 4.10 12.16 13.86 14.86 9.85 10.86 0.90 5.01 8.07 4.49 10.09 1.87 8.05 5.89 13.16 1.28 2.57 1.91 2.43 0.98 2.55 4.05 3.26 4.59 1.99 5.81 0.41 2.15 4.57 1.71 4.51 0.90 2.00
49 100000.00 0.31 5.04 4.89 3.07 8.38 7.73 9.47 10.37 7.82 1.82 6.04 2.16 4.38 0.38 8.66 10.97 8.91 2.17 10.82 11.85 0.08 3.14 1.12 0.78 100000.00 1.68 100000.00 100000.00 2.58 0.55 2.83 0.81 1.99 100000.00 4.21 100000.00 2.20 100000.00 100000.00 100000.00
50 100000.00 12.36 15.43 12.58 7.86 8.85 6.87 5.49 11.26 0.08 12.05 14.99 9.31 11.28 2.00 1.55 11.86 11.96 8.67 1.30 9.80 7.59 7.10 7.25 5.00 100000.00 4.03 3.17 100000.00 100000.00 3.81 10.18 100000.00 100000.00 100000.00 0.87 100000.00 6.98 5.62 100000.00 3.04
51 100000.00 12.96 18.38 11.29 9.00 7.96 9.05 8.16 4.41 2.42 5.82 5.01 12.56 7.73 14.85 5.09 18.61 5.52 4.22 9.59 0.07 6.72 9.77 4.97 4.82 4.30 4.52 5.24 1.29 1.56 2.17 1.94 6.83 2.84 6.56 2.40 4.07 3.44 1.06 4.25 0.01
52 100000.00 6.45 0.47 13.58 15.78 0.89 14.79 3.95 3.84 2.24 6.48 6.54 13.17 18.60 9.40 3.87 5.00 17.68 11.92 9.29 15.68 2.81 0.26 8.40 10.01 0.34 6.34 2.46 1.31 0.56 1.51 4.00 2.87 11.71 3.32 1.43 2.06 7.36 7.64 5.43 3.37
53 100000.00 14.57 13.22 8.69 3.24 6.70 15.96 5.22 9.97 7.13 12.32 15.08 14.12 14.78 8.93 7.93 13.82 18.90 12.00 6.22 0.30 8.22 8.53 100000.00 100000.00 100000.00 9.52 1.06 3.08 100000.00 4.65 100000.00 3.50 7.98 4.74 3.60 4.15 13.17 3.12 100000.00 100000.00
54 100000.00 5.99 6.26 8.59 5.10 2.09 13.74 6.85 2.93 10.33 9.06 1.29 15.25 0.80 13.18 1.19 10.48 0.65 14.28 2.80 7.15 1.30 1.42 2.35 2.37 0.52 7.48 1.37 1.13 4.78 2.97 0.46 10.47 0.52 5.91 0.52 4.09 0.41 6.95 0.83 3.37
55 100000.00 0.26 15.19 12.49 3.71 8.52 11.41 15.50 5.54 11.50 5.00 19.10 6.32 9.26 15.76 6.92 3.86 12.40 10.83 1.33 13.90 0.09 9.23 8.54 1.67 5.56 2.59 5.98 3.43 6.82 2.18 6.36 1.66 2.51 7.94 1.42 2.48 3.13 7.45 0.93 9.44
56 100000.00 14.92 7.07 11.36 7.79 3.50 8.39 8.48 13.38 10.51 1.87 8.92 9.18 1.72 1.40 13.89 11.67 18.14 7.16 3.10 13.91 6.43 100000.00 4.47 100000.00 1.03 5.65 2.78 100000.00 3.03 1.22 3.51 3.28 0.89 0.84 100000.00 4.65 100000.00 100000.00 0.99 4.18
57 100000.00 13.12 1.81 2.29 0.64 11.57 3.80 8.48 7.19 5.15 3.17 18.37 3.87 9.74 14.07 11.76 8.20 14.81 14.54 2.84 2.38 5.59 0.54 0.74 100000.00 100000.00 0.90 4.93 100000.00 3.39 100000.00 100000.00 1.34 3.33 8.16 6.77 3.11 100000.00 5.25 1.80 1.55
58 100000.00 9.43 2.60 9.87 10.60 14.70 4.12 10.13 5.53 12.23 9.40 7.91 14.07 11.13 9.15 3.96 4.29 0.43 3.48 3.77 10.97 6.37 100000.00 6.51 3.23 3.10 2.52 100000.00 1.78 6.73 3.05 100000.00 9.21 7.38 3.76 100000.00 100000.00 0.09 1.36 0.83 5.78
59 100000.00 4.32 6.27 3.55 3.58 1.48 3.60 6.85 4.43 2.71 5.12 2.04 6.99 5.54 10.43 11.38 14.09 12.61 4.04 5.82 7.74 2.87 3.09 100000.00 1.00 0.50 1.92 1.43 100000.00 0.95 1.31 0.62 2.08 100000.00 6.71 3.02 100000.00 100000.00 100000.00 3.17 2.75
60 100000.00 10.33 6.09 8.98 11.12 9.08 11.49 8.14 6.42 0.60 2.98 12.47 7.70 3.25 3.20 10.22 3.20 7.11 1.78 4.19 10.81 6.72 1.76 2.22 100000.00 1.98 100000.00 5.07 100000.00 0.40 1.47 100000.00 100000.00 1.85 0.96 4.38 2.23 2.82 1.14 100000.00 7.33
61 100000.00 0.13 12.39 11.48 5.06 8.33 14.82 1.63 0.77 8.68 14.28 7.58 4.84 2.09 4.16 7.50 16.87 16.61 1.62 4.02 13.04 0.05 100000.00 100000.00 100000.00 3.19 3.36 0.77 100000.00 100000.00 100000.00 3.43 100000.00 0.99 100000.00 3.72 11.24 100000.00 0.69 1.91 6.28
62 100000.00 1.27 15.04 1.09 17.85 7.42 2.85 15.27 12.68 2.67 14.74 18.16 10.59 5.93 4.88 9.55 16.93 11.49 3.74 3.04 3.58 0.60 10.09 0.56 6.87 1.65 0.59 3.32 7.67 1.54 4.97 9.45 7.35 3.80 2.24 3.19 6.78 2.91 2.34 2.09 1.89
63 100000.00 2.83 12.72 0.91 10.98 5.44 3.13 6.51 5.04 3.63 10.63 12.68 4.82 3.69 7.16 2.36 12.20 3.99 0.54 7.74 1.81 0.62 5.53 0.57 100000.00 3.05 1.81 1.40 2.19 1.29 6.61 100000.00 1.97 1.44 3.16 1.22 6.30 1.76 100000.00 4.25 100000.00
64 100000.00 9.62 11.03 10.96 14.28 14.11 4.87 2.48 10.27 9.30 3.76 17.57 5.51 5.26 6.72 11.97 4.32 7.94 5.83 5.15 13.79 6.12 2.85 6.09 5.92 4.55 3.08 0.54 4.97 2.00 0.94 7.40 2.46 3.02 1.91 7.20 2.45 2.21 3.06 2.12 8.51
65 100000.00 7.67 11.43 8.01 0.34 3.15 5.94 10.52 2.46 0.20 7.84 11.37 10.33 6.17 8.68 4.69 13.84 5.27 1.44 7.65 6.45 1.60 4.04 2.11 0.22 1.18 1.71 4.27 1.63 0.12 3.97 3.31 4.88 2.45 5.49 1.09 3.22 2.81 0.39 2.70 4.51
66 100000.00 7.19 1.31 3.63 0.95 9.01 3.85 0.31 8.33 4.05 7.82 14.16 11.13 2.58 3.19 10.11 8.76 5.37 7.83 0.17 10.88 2.06 0.64 1.50 0.39 2.02 1.28 0.16 3.08 0.94 5.30 7.17 2.43 1.79 1.89 4.59 4.92 3.10 3.35 0.09 6.33
67 100000.00 1.52 9.96 1.45 0.44 11.83 12.25 4.94 1.90 8.16 16.09 9.97 10.15 11.41 12.32 11.31 11.50 7.51 1.64 5.86 12.51 0.81 2.20 0.29 0.26 4.81 4.31 3.27 1.33 5.03 10.70 4.59 3.20 4.81 6.47 7.37 6.28 4.36 1.07 2.26 4.81
68 100000.00 6.63 3.73 12.02 14.22 7.34 4.23 2.73 11.28 11.31 1.03 15.18 9.77 19.54 14.27 14.79 12.49 4.20 4.94 6.00 1.61 1.69 1.00 3.60 5.03 2.84 2.41 1.08 5.98 2.66 0.54 6.80 5.48 4.01 9.41 7.86 5.29 1.13 2.69 2.64 1.07
69 100000.00 12.17 0.29 8.05 11.91 0.14 1.08 1.36 9.71 4.04 2.42 4.26 8.72 6.21 9.73 8.33 5.88 6.90 0.70 3.73 5.97 3.89 100000.00 2.12 6.05 100000.00 100000.00 0.82 100000.00 1.13 100000.00 2.48 4.20 2.31 4.73 3.67 100000.00 2.42 0.24 1.68 2.96
70 100000.00 11.05 15.75 14.28 13.36 18.27 0.05 0.24 13.72 21.78 26.61 14.95 12.22 23.19 1.17 21.49 1.18 8.03 11.30 21.40 13.46 5.24 100000.00 9.18 3.45 6.70 0.02 0.08 6.92 8.03 18.38 100000.00 100000.00 8.79 0.68 14.81 0.52 3.07 2.56 6.05 100000.00
71 100000.00 4.39 2.36 1.39 4.21 5.06 6.82 3.70 5.91 1.51 2.46 9.11 7.30 8.56 0.77 4.02 4.53 3.31 0.45 1.18 0.15 0.97 0.70 100000.00 100000.00 2.81 100000.00 100000.00 2.15 0.75 0.86 2.76 4.82 4.10 0.34 100000.00 100000.00 1.07 100000.00 0.70 0.08
72 100000.00 4.62 22.32 23.84 0.69 20.58 18.39 16.34 31.72 2.47 3.04 7.37 17.52 40.22 27.13 30.99 7.73 38.89 29.62 32.00 2.17 2.55 100000.00 9.15 0.43 14.33 100000.00 6.19 19.48 0.82 2.06 100000.00 3.76 18.14 8.54 11.04 3.82 15.42 10.72 10.49 0.45
73 100000.00 25.63 29.85 21.66 33.94 9.37 12.15 16.80 27.52 28.52 1.82 2.39 27.76 32.11 17.97 4.41 2.14 4.49 27.53 10.18 22.98 13.93 17.81 13.54 22.91 4.68 2.52 8.66 18.12 14.57 100000.00 100000.00 9.38 19.54 10.04 100000.00 1.32 2.54 9.74 5.75 100000.00
74 100000.00 2.66 84.16 3.95 73.18 3.71 27.83 26.87 38.75 59.69 43.92 10.66 24.03 51.03 40.57 7.93 83.70 51.51 35.67 1.15 51.77 1.52 43.97 1.77 20.69 2.15 14.78 12.51 10.02 24.51 12.56 6.68 7.64 26.47 18.67 5.35 25.07 25.83 19.45 0.46 29.95
75 100000.00 19.53 24.17 20.42 13.82 2.80 7.66 7.20 9.28 3.80 7.13 8.55 0.15 18.13 9.38 19.35 25.70 0.54 1.82 2.40 13.44 4.19 14.93 4.82 5.57 1.24 2.91 3.25 5.21 1.11 3.94 1.88 0.08 11.79 5.76 5.77 8.87 0.29 1.17 0.93 7.23
76 100000.00 4.83 6.90 7.11 0.13 8.84 8.79 0.97 3.25 6.78 12.28 5.56 0.97 0.10 7.99 0.20 0.34 9.16 0.84 3.19 7.95 3.38 4.11 4.17 0.07 4.64 5.24 0.62 1.98 3.74 4.48 3.56 0.65 0.04 2.25 0.07 0.09 5.64 0.28 0.92 4.27
77 100000.00 7.04 4.55 10.79 7.96 7.06 5.72 10.64 7.78 5.83 12.51 14.91 7.04 11.24 2.03 12.33 18.23 7.56 11.18 2.27 14.46 1.43 1.33 3.83 3.94 2.28 2.74 4.77 2.12 1.62 3.50 8.45 3.02 4.61 1.18 5.66 9.73 3.75 3.39 0.73 6.97
78 100000.00 27.31 5.17 21.18 29.25 18.18 2.77 30.18 14.41 25.42 10.02 5.96 1.29 36.01 25.15 26.25 34.16 3.15 6.05 19.71 28.97 14.43 100000.00 7.11 100000.00 7.25 1.22 100000.00 100000.00 100000.00 3.16 2.54 100000.00 21.69 100000.00 14.44 22.19 1.51 2.84 7.69 8.75
79 100000.00 2.96 1.69 4.76 8.92 2.80 4.50 2.38 0.92 1.62 6.47 2.03 2.05 2.09 0.44 4.70 7.93 9.14 5.63 5.18 5.78 1.03 0.72 1.95 4.66 1.08 1.76 0.73 0.33 0.56 3.20 1.16 0.90 0.73 0.10 2.26 2.90 4.90 2.47 1.64 3.34
80 100000.00 22.89 66.44 37.11 72.25 50.96 9.61 20.96 22.55 13.89 12.38 50.03 50.76 68.92 46.47 23.87 36.45 17.47 15.07 10.32 42.10 15.36 33.36 18.33 16.71 10.78 2.62 10.65 5.33 6.17 6.62 23.20 33.07 21.04 24.66 5.96 23.23 11.17 7.10 5.80 29.45
81 100000.00 1.83 11.90 10.95 15.40 4.05 10.90 2.54 8.85 2.45 6.05 7.16 1.86 13.64 11.15 5.34 0.78 9.49 9.23 8.91 5.40 1.21 100000.00 5.94 5.35 2.26 4.48 0.98 5.39 1.42 100000.00 100000.00 100000.00 100000.00 4.62 1.31 0.31 5.43 5.38 6.09 1.67
82 100000.00 29.00 27.03 21.08 10.97 20.73 25.23 16.66 19.34 16.41 6.38 5.91 32.48 39.43 25.77 17.38 38.16 24.61 3.34 7.88 7.46 18.32 10.36 7.90 2.97 100000.00 16.51 10.09 6.10 3.94 100000.00 4.00 17.51 100000.00 100000.00 10.76 20.41 10.37 100000.00 4.53 1.78
83 100000.00 84.18 114.02 47.50 92.67 4.17 4.01 99.40 18.81 69.58 121.51 22.10 27.41 62.74 74.36 79.68 22.71 79.27 14.94 16.80 49.31 38.30 100000.00 26.07 29.96 0.84 1.75 37.86 12.38 100000.00 100000.00 5.47 16.66 100000.00 27.59 33.67 12.27 40.11 7.94 9.81 19.10
<task rigidity>
1 1
2 4
3 7
4 2
5 10
6 2
7 7
8 2
9 8
10 4
11 5
12 10
13 1
14 7
15 6
16 6
17 6
18 7
19 2
20 8
21 2
22 10
23 4
24 1
25 6
26 8
27 4
28 5
29 3
30 4
31 8
32 5
33 5
34 4
35 10
36 6
37 6
38 5
39 10
40 9
41 6
42 2
43 8
44 3
45 2
46 1
47 4
48 6
49 6
50 2
51 6
52 2
53 7
54 6
55 3
56 9
57 8
58 2
59 6
60 3
61 5
62 4
63 5
64 9
65 6
66 7
67 9
68 5
69 3
70 7
71 10
72 3
73 1
74 1
75 2
76 2
77 8
78 9
79 1
80 5
81 1
82 9
83 4
<precedence relations>
1,2
2,3
2,4
2,5
3,6
4,6
4,7
5,8
6,9
6,10
7,11
8,77
8,78
9,12
10,13
10,14
10,25
11,15
12,16
13,17
13,18
13,20
14,19
15,20
15,39
16,77
16,78
17,21
17,22
17,28
18,23
19,24
20,26
21,27
22,27
23,74
24,28
24,29
25,32
26,74
27,69
28,32
29,30
30,31
31,39
32,33
32,34
32,35
32,36
33,37
34,77
34,78
35,77
35,78
36,38
36,39
37,40
38,41
39,42
39,43
39,44
39,75
40,77
40,78
41,45
42,77
42,78
43,77
43,78
44,46
45,47
46,48
47,49
48,50
49,69
50,51
51,52
52,53
53,54
54,55
55,56
56,57
57,58
58,59
59,60
60,61
61,62
62,63
63,64
64,65
65,66
66,67
67,68
68,74
68,75
69,70
69,71
70,72
71,73
72,73
73,74
73,75
74,76
75,76
76,77
76,78
77,79
78,79
79,80
79,81
80,82
81,83
82,83
<end>