<number of tasks>
83
<number of stations>
8
<number of workers>
8
<type of the robots>
1
<limit of the robots>
2
<task times>
1 2336 815 714 1351 819 1371 1412 519 1351 530 461 859 562 887 919 351 888
2 1314 49 134 593 618 141 389 197 61 32 88 368 431 91 239 119 41
3 100000 687 169 306 1615 856 331 1790 1311 481 119 100000 1022 561 100000 1145 852
4 100000 743 401 217 228 274 289 553 744 450 273 152 141 175 189 100000 454
5 100000 948 336 411 1373 445 891 823 429 659 100000 100000 100000 288 100000 561 100000
6 100000 1630 924 2528 2713 2452 1591 2480 2003 1096 558 1686 100000 1684 1067 1647 1340
7 3026 1996 1521 536 700 1761 1416 457 1485 1280 1023 351 466 1078 868 320 923
8 100000 304 563 295 200 806 942 855 471 100000 354 181 121 554 616 100000 289
9 100000 849 57 1379 1121 484 325 499 1389 530 38 100000 100000 319 223 335 940
10 1715 1067 974 801 182 415 1098 1235 318 705 600 493 121 262 663 761 194
11 921 359 320 540 599 477 665 18 529 239 205 366 385 303 429 12 365
12 618 36 455 131 213 97 28 108 6 24 300 86 134 64 19 76 5
13 652 51 444 186 79 91 295 470 168 34 304 119 48 57 195 284 113
14 1553 310 895 291 329 341 462 817 688 201 544 196 218 217 320 529 461
15 761 436 140 383 82 394 428 345 430 300 94 256 57 262 282 234 297
16 100000 143 243 71 55 333 63 36 308 89 160 100000 38 209 100000 100000 213
17 100000 557 497 834 15 779 37 769 525 347 324 100000 10 485 26 100000 356
18 912 43 525 218 82 274 36 403 384 30 334 136 52 170 25 254 258
19 784 590 515 97 588 528 316 141 19 395 344 66 387 363 202 97 13
20 304 10 18 72 47 165 172 210 118 7 13 50 31 104 111 143 74
21 100000 21 5 69 277 359 380 106 222 15 100000 48 100000 100000 263 64 100000
22 100000 518 4 844 651 604 840 717 485 356 3 533 417 365 580 460 340
23 100000 508 735 339 17 79 366 381 157 313 100000 100000 12 48 255 100000 109
24 1176 712 649 730 616 438 751 462 714 441 422 495 430 283 504 297 468
25 1078 92 276 55 568 497 446 560 141 61 176 34 342 302 304 387 88
26 100000 770 736 227 836 106 651 642 113 500 505 140 100000 100000 451 425 100000
27 1009 439 665 53 648 87 712 97 207 301 430 36 442 61 498 59 128
28 2534 1589 119 79 881 1580 331 1127 1588 1112 82 49 552 967 201 758 1031
29 100000 136 432 155 630 626 522 472 310 92 100000 100000 100000 100000 100000 100000 188
30 1398 39 111 590 503 536 99 482 117 27 75 386 312 344 68 336 74
31 944 432 262 437 61 481 453 262 345 266 182 293 40 301 278 183 231
32 100000 78 568 419 519 592 635 305 410 53 347 261 349 100000 401 190 277
33 846 282 312 617 627 492 363 324 476 179 210 394 429 341 243 216 316
34 1610 1217 955 483 548 1149 141 511 594 752 652 316 381 757 91 352 370
35 1512 1064 473 121 240 364 669 333 844 655 310 83 164 245 446 211 536
36 1695 147 653 824 581 644 869 1072 263 92 456 521 367 412 550 680 158
37 1041 332 137 71 479 287 217 399 416 223 95 47 332 180 147 263 278
38 100000 659 508 673 1196 818 882 799 1185 423 100000 405 795 544 568 100000 100000
39 1786 264 1069 1024 1157 802 765 23 132 159 697 650 741 503 480 16 80
40 100000 305 597 491 142 628 540 281 28 100000 100000 316 89 398 100000 185 18
41 654 26 476 172 292 226 443 450 341 18 309 117 191 136 284 306 229
42 1735 596 501 68 357 86 57 274 80 386 327 48 231 54 36 184 55
43 100000 754 527 100 706 464 23 334 777 465 324 63 443 100000 15 212 530
44 773 286 352 474 535 302 492 535 18 188 220 315 341 200 307 371 12
45 100000 190 20 391 578 518 378 100 187 129 13 261 366 326 241 67 100000
46 785 318 453 130 276 5 435 215 311 217 302 85 175 4 299 134 209
47 841 108 163 303 386 126 197 315 144 73 99 211 255 76 124 210 94
48 100000 142 399 263 126 250 210 467 460 98 263 181 89 172 134 281 287
49 767 89 284 97 140 339 204 492 269 58 191 66 88 215 140 321 174
50 786 128 164 24 52 136 209 205 457 85 101 15 33 87 130 134 297
51 802 568 172 178 228 195 380 453 135 362 113 122 138 124 255 282 95
52 809 368 270 524 274 193 510 425 32 244 172 322 165 127 329 279 20
53 790 359 414 139 337 401 94 453 292 223 249 86 216 247 63 300 195
54 100000 132 124 547 405 471 350 228 210 100000 100000 100000 250 284 219 158 136
55 808 345 70 447 487 481 171 551 12 236 45 312 299 321 118 386 8
56 777 206 411 142 446 79 328 575 57 133 266 88 281 51 214 373 35
57 805 239 538 188 537 405 243 290 533 148 368 126 347 271 168 185 369
58 754 501 39 24 198 97 534 570 273 342 27 15 128 65 343 362 174
59 100000 391 211 123 349 49 359 472 143 100000 146 100000 100000 100000 100000 289 94
60 765 112 52 169 474 347 133 222 317 77 36 117 300 239 90 149 222
61 775 134 398 570 128 169 521 564 531 94 243 383 84 107 322 391 336
62 100000 417 518 407 69 42 114 15 129 263 352 100000 44 27 73 10 84
63 794 62 37 59 411 442 492 62 192 42 24 37 278 282 317 43 134
64 754 162 553 546 181 360 144 546 243 99 373 367 118 220 94 368 154
65 763 499 410 270 117 314 62 355 409 305 247 171 81 200 41 234 258
66 100000 247 578 502 50 59 347 60 484 100000 389 100000 34 100000 237 41 313
67 808 278 316 64 360 406 83 374 142 179 221 44 250 278 56 229 90
68 763 277 472 262 85 560 18 148 132 174 289 160 56 337 13 100 86
69 636 345 278 345 283 214 106 441 448 223 181 225 182 135 65 267 306
70 100000 8 73 323 777 809 384 469 506 100000 46 100000 482 515 100000 303 336
71 538 91 270 340 268 279 210 144 37 61 184 221 171 188 141 89 25
72 100000 911 829 190 1032 1206 439 1177 529 100000 100000 126 721 802 275 707 357
73 1433 761 975 224 911 15 330 1096 998 479 610 139 589 11 201 708 636
74 100000 1767 379 1151 2280 1289 2428 2185 701 1082 252 723 1490 100000 100000 1489 100000
75 100000 231 336 353 107 507 214 545 630 158 226 100000 71 340 144 360 438
76 100000 146 135 26 319 297 307 156 98 99 100000 17 204 198 100000 107 59
77 100000 356 105 274 221 250 699 49 506 243 71 169 155 163 425 100000 100000
78 1580 791 247 960 649 1113 106 169 691 550 152 584 431 756 65 113 479
79 371 211 178 5 102 277 192 251 139 135 111 4 70 167 120 157 88
80 100000 25 1421 1727 43 1639 1251 2015 812 100000 916 1174 29 1124 801 1398 501
81 619 139 379 295 252 77 401 389 127 85 250 193 161 50 250 259 82
82 1691 923 965 172 179 1126 693 654 658 630 590 116 111 757 455 416 415
83 4891 1563 1272 2864 3278 2333 776 2059 248 1048 778 1939 2065 1417 502 1438 170
<posture of tasks>
1 1
2 1
3 1
4 1
5 1
6 1
7 1
8 0
9 1
10 1
11 1
12 1
13 1
14 1
15 1
16 1
17 1
18 1
19 1
20 1
21 1
22 0
23 0
24 1
25 1
26 0
27 1
28 1
29 1
30 1
31 1
32 0
33 1
34 1
35 0
36 1
37 1
38 0
39 1
40 1
41 1
42 1
43 1
44 1
45 1
46 1
47 0
48 1
49 1
50 1
51 1
52 1
53 0
54 1
55 1
56 0
57 0
58 0
59 1
60 1
61 1
62 1
63 0
64 1
65 1
66 1
67 1
68 0
69 1
70 0
71 1
72 1
73 1
74 1
75 1
76 1
77 0
78 0
79 1
80 1
81 1
82 0
83 0
<max energy cosumption of alternatives>
1 100000.00
2 2.37
3 5.29
4 2.68
5 2.63
6 4.11
7 2.67
8 2.36
9 5.50
<energy cosumption of alternatives>
1 100000.00 22.60 24.30 38.83 22.70 46.07 37.77 13.84 48.15 7.30 8.08 26.33 10.44 31.46 17.95 8.98 17.38
2 100000.00 1.33 4.50 16.86 16.96 4.74 10.31 5.24 2.18 0.28 2.80 11.48 9.00 1.42 3.95 3.25 0.60
3 100000.00 18.71 5.68 8.69 44.06 28.33 8.74 47.13 45.87 10.96 2.28 100000.00 30.77 16.38 100000.00 28.12 13.92
4 100000.00 20.41 13.49 6.12 6.27 9.07 7.64 14.64 26.17 5.49 6.78 4.14 3.47 2.88 3.16 100000.00 12.25
5 100000.00 25.76 11.26 11.54 37.28 14.70 23.35 21.52 14.97 12.51 100000.00 100000.00 100000.00 8.37 100000.00 7.40 100000.00
6 100000.00 42.43 29.82 68.21 70.59 77.99 39.84 62.15 67.55 27.82 13.44 37.30 100000.00 49.66 24.68 25.50 36.72
7 100000.00 52.92 50.14 14.74 18.57 57.20 36.14 11.66 51.17 19.65 23.85 7.21 10.30 18.49 9.25 4.48 20.41
8 100000.00 6.42 14.62 6.40 4.22 20.64 19.04 17.29 12.81 100000.00 5.18 2.22 2.73 12.55 7.45 100000.00 3.81
9 100000.00 22.28 1.85 37.57 29.41 15.50 8.21 12.63 47.16 6.10 1.10 100000.00 100000.00 7.62 2.62 8.58 19.76
10 100000.00 29.16 32.88 22.73 4.97 13.84 28.90 32.51 11.20 11.24 20.70 12.14 1.90 6.24 13.24 19.97 4.45
11 100000.00 9.65 10.56 14.99 16.03 15.54 17.17 0.45 18.26 6.07 4.83 6.92 10.41 6.99 10.14 0.17 8.81
12 100000.00 0.99 15.33 3.70 5.81 3.23 0.77 2.81 0.23 0.65 8.93 1.46 1.58 2.06 0.25 1.25 0.11
13 100000.00 1.32 14.61 5.10 2.07 2.96 7.51 12.00 5.79 0.69 7.87 2.58 0.78 1.20 3.48 7.12 1.58
14 100000.00 8.43 29.92 8.17 8.90 11.25 12.06 21.34 24.05 1.91 19.24 3.18 2.02 7.63 5.76 14.87 6.89
15 100000.00 12.04 4.80 10.96 2.23 13.24 11.43 9.21 15.26 3.68 2.08 7.56 0.76 4.66 3.05 3.38 6.99
16 100000.00 3.86 8.05 1.98 1.48 10.93 1.64 0.94 10.70 1.99 2.99 100000.00 0.81 6.50 100000.00 100000.00 2.36
17 100000.00 15.19 16.77 23.58 0.41 25.86 0.98 20.15 18.50 9.76 4.57 100000.00 0.10 15.75 0.37 100000.00 7.66
18 100000.00 1.16 17.60 6.08 2.18 9.01 0.94 10.47 13.39 0.76 6.40 1.34 1.46 5.52 0.56 2.14 8.45
19 100000.00 16.11 17.27 2.73 16.05 17.50 8.32 3.74 0.65 10.34 10.19 1.77 9.87 6.50 4.88 1.50 0.40
20 100000.00 0.29 0.59 2.02 1.25 5.40 4.48 5.47 4.09 0.14 0.31 0.55 0.33 1.70 2.21 2.16 1.13
21 100000.00 0.54 0.19 1.91 7.41 11.70 9.75 2.71 7.66 0.26 100000.00 1.19 100000.00 100000.00 5.40 0.93 100000.00
22 100000.00 10.48 0.12 17.77 13.18 15.07 16.37 13.98 12.87 7.12 0.04 11.43 7.79 6.59 9.61 8.33 6.77
23 100000.00 10.19 18.46 7.07 0.33 1.94 7.06 7.33 4.11 4.07 100000.00 100000.00 0.13 0.49 3.37 100000.00 1.60
24 100000.00 19.02 21.49 20.25 16.47 14.28 19.35 11.89 24.69 6.22 12.10 7.29 3.72 8.33 13.33 6.59 7.34
25 100000.00 2.52 9.34 1.54 15.52 16.57 11.76 14.77 5.00 1.09 3.55 0.46 8.49 7.80 2.80 7.53 1.38
26 100000.00 15.88 18.91 4.88 17.24 2.67 12.91 12.74 3.06 5.76 6.42 3.26 100000.00 100000.00 4.99 4.27 100000.00
27 100000.00 11.39 21.46 1.41 16.83 2.78 17.78 2.42 6.96 5.71 6.25 0.39 3.95 0.87 4.36 1.46 4.45
28 100000.00 42.77 3.96 2.17 23.74 51.89 8.60 29.20 55.27 19.91 2.76 1.06 7.13 16.30 3.90 10.67 19.25
29 100000.00 3.73 14.74 4.46 17.48 21.06 13.95 12.66 11.07 0.95 100000.00 100000.00 100000.00 100000.00 100000.00 100000.00 6.93
30 100000.00 1.06 3.73 16.54 13.61 17.68 2.56 12.54 4.09 0.67 1.57 7.35 6.60 9.28 1.67 5.33 1.53
31 100000.00 11.77 8.82 12.34 1.68 15.96 11.92 6.88 12.13 4.99 5.88 8.17 0.93 4.19 8.31 2.57 7.74
32 100000.00 1.64 14.94 9.27 11.01 15.36 13.01 6.27 11.25 0.76 6.19 3.26 4.04 100000.00 3.44 2.27 7.03
33 100000.00 7.61 10.41 17.25 16.87 16.14 9.44 8.39 16.58 5.16 5.29 9.73 9.01 8.56 5.86 4.48 3.96
34 100000.00 32.57 31.65 13.39 14.64 37.54 3.66 13.15 20.58 15.07 8.62 4.23 6.15 8.49 1.01 4.16 4.27
35 100000.00 22.24 12.37 2.62 5.01 9.39 13.44 6.72 23.06 11.08 2.66 1.51 3.19 2.36 7.85 3.50 14.98
36 100000.00 3.88 21.38 22.54 15.35 20.80 22.09 27.21 9.00 0.89 9.41 5.76 10.74 9.88 15.05 5.50 5.95
37 100000.00 8.75 4.44 1.94 12.62 9.22 5.48 10.10 14.17 6.12 2.20 1.19 7.63 2.20 2.39 6.32 3.20
38 100000.00 13.60 13.12 14.44 24.71 20.80 17.55 15.90 32.08 3.62 100000.00 7.52 13.70 12.42 5.31 100000.00 100000.00
39 100000.00 7.03 35.32 28.33 30.86 26.15 19.61 0.56 4.53 2.71 10.60 8.57 8.36 5.85 10.89 0.17 2.96
40 100000.00 8.18 19.77 13.60 3.81 20.50 13.90 7.25 0.98 100000.00 100000.00 4.15 1.40 8.29 100000.00 4.60 0.48
41 100000.00 0.65 15.71 4.76 7.75 7.37 11.35 11.53 11.76 0.31 10.36 1.17 3.56 4.03 4.67 2.95 6.48
42 100000.00 15.59 16.28 1.84 9.32 2.77 1.45 6.90 2.69 5.96 6.76 0.78 5.27 1.16 0.52 4.28 0.68
43 100000.00 20.45 17.60 2.80 19.11 15.24 0.58 8.76 27.07 9.28 6.49 0.71 6.26 100000.00 0.15 3.23 15.03
44 100000.00 7.88 11.90 13.56 14.75 10.06 13.04 14.22 0.62 4.86 6.65 3.58 5.70 3.79 5.88 3.98 0.21
45 100000.00 5.05 0.64 10.81 15.43 16.87 9.67 2.55 6.44 2.34 0.36 4.27 6.35 11.18 6.20 1.06 100000.00
46 100000.00 8.63 15.20 3.64 7.52 0.19 11.36 5.59 10.90 5.57 6.07 2.10 2.48 0.10 4.97 1.99 2.82
47 100000.00 2.14 4.06 6.33 7.74 3.12 3.81 6.06 3.79 0.46 1.69 3.47 3.84 0.88 2.49 4.11 1.03
48 100000.00 3.90 13.43 7.45 3.43 8.33 5.53 12.27 16.15 2.17 3.87 4.41 1.28 4.22 2.90 8.44 3.53
49 100000.00 2.41 9.44 2.68 3.79 11.12 5.27 12.69 9.31 1.63 5.58 0.73 0.98 5.70 3.64 4.90 5.24
50 100000.00 3.42 5.41 0.65 1.36 4.43 5.40 5.30 15.88 1.84 1.97 0.22 0.84 2.60 3.34 3.35 4.41
51 100000.00 15.34 5.72 4.99 6.18 6.42 9.88 11.81 4.66 10.53 2.46 2.52 2.63 3.01 5.60 7.03 0.95
52 100000.00 9.80 8.88 14.48 7.27 6.30 13.08 10.89 1.12 4.06 4.30 5.98 1.71 3.19 8.60 6.65 0.49
53 100000.00 7.66 10.90 3.09 7.17 10.38 1.94 9.26 8.01 2.20 3.86 0.77 3.29 4.41 1.03 6.39 5.58
54 100000.00 3.49 4.10 15.07 10.78 15.36 8.96 5.84 7.25 100000.00 100000.00 100000.00 3.42 6.28 4.55 2.08 3.92
55 100000.00 9.29 2.33 12.48 13.08 15.77 4.46 14.31 0.41 5.97 0.79 4.18 7.56 5.08 2.30 5.35 0.13
56 100000.00 4.22 10.51 3.05 9.17 1.98 6.45 11.32 1.54 1.38 6.42 1.11 3.18 1.24 1.76 3.51 0.77
57 100000.00 4.83 13.62 3.93 10.85 10.10 4.70 5.63 14.15 2.81 6.01 1.17 4.30 2.89 1.25 1.65 8.47
58 100000.00 10.15 0.98 0.49 4.02 2.42 10.39 11.09 7.22 5.36 0.63 0.34 2.55 1.11 2.89 2.83 2.62
59 100000.00 10.42 6.96 3.39 9.29 1.58 9.23 12.11 4.95 100000.00 4.49 100000.00 100000.00 100000.00 100000.00 8.29 2.68
60 100000.00 3.05 1.69 4.74 12.82 11.36 3.43 5.81 11.00 1.44 1.15 2.49 5.65 3.70 0.69 3.91 3.25
61 100000.00 3.57 13.18 15.83 3.42 5.54 13.42 14.55 18.39 2.49 6.85 10.70 1.58 1.32 7.40 4.99 9.25
62 100000.00 11.08 16.96 11.19 1.84 1.36 2.93 0.38 4.40 2.39 4.91 100000.00 0.39 0.55 0.96 0.15 1.74
63 100000.00 1.31 0.96 1.31 8.51 11.26 9.83 1.26 5.13 0.42 0.56 0.55 2.39 4.77 6.62 0.86 1.05
64 100000.00 4.42 18.75 15.52 4.96 12.05 3.83 14.42 8.56 1.10 5.95 7.45 2.20 6.02 1.34 8.71 3.58
65 100000.00 13.46 13.64 7.52 3.16 10.33 1.62 9.18 14.24 6.46 6.69 3.81 1.26 4.22 1.04 4.13 4.46
66 100000.00 6.63 19.35 14.08 1.34 1.97 9.03 1.59 16.89 100000.00 9.32 100000.00 0.58 100000.00 5.15 1.06 7.19
67 100000.00 7.43 10.44 1.78 9.62 13.21 2.15 9.58 4.92 2.30 4.82 0.82 4.20 5.99 1.19 6.03 2.57
68 100000.00 5.60 11.89 5.49 1.74 13.89 0.33 2.87 3.45 1.83 3.53 3.18 0.68 3.46 0.13 1.59 0.99
69 100000.00 9.15 9.16 9.48 7.51 6.92 2.69 11.28 15.41 5.00 4.08 5.20 3.21 3.44 1.67 6.59 10.49
70 100000.00 0.18 1.87 6.90 16.03 20.47 7.58 9.32 13.59 100000.00 1.03 100000.00 3.95 8.68 100000.00 5.22 6.57
71 100000.00 2.45 8.95 9.50 7.20 9.16 5.45 3.76 1.29 0.93 4.64 2.95 3.85 4.48 2.63 0.99 0.70
72 100000.00 24.38 27.34 5.25 27.60 39.16 11.29 30.33 18.22 100000.00 100000.00 2.78 19.06 27.15 2.36 9.21 5.79
73 100000.00 19.85 31.59 6.07 23.79 0.48 8.30 27.54 33.79 7.79 10.49 3.68 15.33 0.25 2.76 6.50 21.87
74 100000.00 46.41 12.32 31.34 59.87 41.32 61.41 55.27 23.83 24.00 6.62 16.16 12.59 100000.00 100000.00 15.29 100000.00
75 100000.00 6.43 11.52 10.16 2.94 17.12 5.73 14.59 22.48 1.68 7.47 100000.00 0.71 4.15 3.16 9.60 13.74
76 100000.00 3.84 4.38 0.68 8.39 9.54 7.79 3.93 3.33 1.75 100000.00 0.41 5.55 2.66 100000.00 1.49 2.11
77 100000.00 7.24 2.65 5.79 4.53 6.31 13.73 0.94 13.52 4.68 1.54 3.35 2.18 2.46 6.56 100000.00 100000.00
78 100000.00 16.31 6.32 20.56 13.40 28.16 2.09 3.38 18.59 6.31 3.37 12.23 3.47 10.79 0.62 1.96 7.43
79 100000.00 5.51 5.77 0.15 2.66 8.90 4.83 6.35 4.74 2.74 2.62 0.04 0.54 6.10 3.35 3.78 2.52
80 100000.00 0.67 47.82 48.89 1.17 54.38 32.97 53.10 28.54 100000.00 13.46 28.78 0.66 16.47 11.12 30.49 6.24
81 100000.00 3.79 12.67 8.24 6.83 2.52 10.44 10.16 4.43 1.48 4.31 5.67 1.73 1.41 6.82 4.78 1.41
82 100000.00 19.35 25.26 3.76 3.76 28.95 14.00 13.17 17.94 6.90 9.65 0.98 2.02 13.87 9.45 3.58 5.03
83 100000.00 32.52 33.13 61.96 68.26 59.76 15.53 41.17 6.78 12.25 10.17 29.40 23.23 15.18 8.88 9.62 4.04
<task rigidity>
1 4
2 4
3 9
4 5
5 6
6 9
7 7
8 1
9 6
10 2
11 5
12 9
13 9
14 5
15 5
16 2
17 7
18 2
19 8
20 2
21 8
22 4
23 1
24 1
25 9
26 4
27 2
28 7
29 6
30 1
31 9
32 3
33 1
34 3
35 7
36 10
37 4
38 5
39 3
40 7
41 6
42 10
43 8
44 6
45 6
46 5
47 4
48 2
49 4
50 5
51 10
52 5
53 5
54 6
55 6
56 10
57 4
58 2
59 8
60 2
61 7
62 5
63 7
64 1
65 7
66 9
67 4
68 3
69 2
70 1
71 5
72 4
73 5
74 5
75 4
76 4
77 10
78 4
79 10
80 9
81 1
82 9
83 4
<precedence relations>
1,2
2,3
2,4
2,5
3,6
4,6
4,7
5,8
6,9
6,10
7,11
8,77
8,78
9,12
10,13
10,14
10,25
11,15
12,16
13,17
13,18
13,20
14,19
15,20
15,39
16,77
16,78
17,21
17,22
17,28
18,23
19,24
20,26
21,27
22,27
23,74
24,28
24,29
25,32
26,74
27,69
28,32
29,30
30,31
31,39
32,33
32,34
32,35
32,36
33,37
34,77
34,78
35,77
35,78
36,38
36,39
37,40
38,41
39,42
39,43
39,44
39,75
40,77
40,78
41,45
42,77
42,78
43,77
43,78
44,46
45,47
46,48
47,49
48,50
49,69
50,51
51,52
52,53
53,54
54,55
55,56
56,57
57,58
58,59
59,60
60,61
61,62
62,63
63,64
64,65
65,66
66,67
67,68
68,74
68,75
69,70
69,71
70,72
71,73
72,73
73,74
73,75
74,76
75,76
76,77
76,78
77,79
78,79
79,80
79,81
80,82
81,83
82,83
<end>