<number of tasks>
83
<number of stations>
16
<number of workers>
16
<type of the robots>
1
<limit of the robots>
8
<task times>
1 100000 831 1393 34 1666 1453 1141 662 470 1371 497 1011 1479 967 582 1224 118 100000 100000 23 1127 992 728 100000 314 864 338 100000 938 100000 383 779 76
2 1313 756 218 831 806 812 682 141 118 274 18 640 408 964 736 170 552 465 136 573 513 521 415 96 79 180 13 421 250 659 470 109 352
3 2429 1715 611 798 400 629 288 27 1206 1743 107 523 983 302 424 1419 1548 1128 408 524 269 407 185 19 832 1172 66 352 642 202 269 886 983
4 100000 922 66 102 340 939 709 381 497 461 846 949 582 203 764 946 262 100000 100000 100000 209 579 441 100000 300 318 100000 100000 374 131 100000 100000 166
5 100000 1413 1043 1666 646 636 609 1334 1110 789 910 330 348 823 1276 1377 894 100000 634 1151 419 419 417 100000 764 475 602 203 100000 100000 817 893 100000
6 100000 1719 86 2779 1128 2866 2386 600 477 1274 1501 1436 2496 665 776 2369 2020 1187 61 1782 752 1905 1615 388 100000 804 100000 100000 100000 100000 100000 1469 1291
7 3060 2100 611 581 523 1859 2183 921 1 1442 1061 28 337 1878 506 821 667 1373 376 382 352 1280 1360 609 1 980 681 20 235 1176 323 575 406
8 1442 98 542 498 69 224 742 681 880 125 835 640 372 556 477 719 708 68 356 347 49 153 476 440 583 86 569 393 238 337 325 486 482
9 100000 393 902 303 1568 1482 1727 971 800 477 1114 1411 494 678 444 980 726 241 100000 187 974 935 1137 100000 560 311 683 861 100000 418 296 597 100000
10 100000 1210 1086 928 1025 1023 564 586 216 224 1165 1097 689 992 53 547 451 799 684 100000 710 654 367 356 143 152 100000 748 433 659 100000 364 294
11 946 540 113 430 54 539 353 423 636 184 663 285 66 284 637 340 33 372 75 297 38 354 231 258 426 113 413 180 45 194 386 230 20
12 100000 116 133 328 128 218 291 347 429 239 22 379 335 243 250 251 218 77 88 100000 90 150 175 226 261 157 100000 245 100000 170 100000 100000 133
13 650 468 143 97 424 226 480 500 233 26 219 139 117 316 237 385 225 324 90 68 295 152 300 324 151 16 144 92 72 204 166 265 139
14 1482 368 387 908 277 350 489 703 953 491 1083 534 961 1072 191 1019 126 223 262 567 177 220 300 439 576 318 728 326 620 684 127 665 88
15 764 406 435 34 303 59 412 224 271 549 572 478 573 354 45 182 501 270 266 22 208 40 282 137 181 340 362 299 374 229 32 126 332
16 630 243 13 399 62 322 108 128 204 425 130 341 130 240 188 163 316 167 9 259 38 218 69 85 123 296 81 224 87 166 128 107 213
17 100000 132 853 354 237 70 864 296 565 672 384 261 9 431 676 223 2 92 100000 214 100000 47 578 187 359 414 100000 100000 100000 268 468 142 100000
18 100000 138 138 176 601 27 45 562 573 577 48 574 468 235 95 135 596 89 100000 121 391 18 30 100000 370 380 100000 349 288 145 63 100000 397
19 100000 399 342 98 289 333 554 156 548 245 104 543 518 499 35 225 73 100000 206 100000 100000 223 356 100000 100000 162 67 332 329 327 100000 100000 49
20 313 111 110 105 1 106 199 122 110 39 40 16 215 77 125 210 58 72 73 71 1 64 132 78 70 26 25 10 140 53 85 145 39
21 547 393 311 152 217 383 173 188 328 285 377 221 95 331 359 191 337 237 207 101 147 243 114 120 206 180 238 150 62 211 248 121 205
22 1136 270 723 323 68 775 285 75 142 660 100 89 154 689 144 72 223 181 468 218 47 501 179 47 87 408 65 55 96 462 91 48 148
23 100000 752 533 614 359 20 201 100 604 332 346 684 99 293 276 644 284 100000 100000 410 100000 13 124 65 408 230 242 418 100000 177 190 397 100000
24 100000 80 580 560 91 571 272 187 398 470 314 479 226 740 833 389 497 56 375 380 60 345 100000 126 274 317 214 319 100000 449 510 246 345
25 1027 101 371 38 196 613 576 438 636 334 628 467 103 48 198 402 144 66 255 24 138 375 390 302 396 225 400 302 70 30 125 281 91
26 1218 603 409 781 22 348 345 5 510 35 412 692 165 607 156 804 764 363 274 488 15 234 217 4 309 25 262 462 101 396 109 545 512
27 100000 214 596 246 87 292 519 615 591 550 40 236 221 36 508 469 102 142 407 100000 61 184 100000 376 384 361 26 100000 153 22 100000 100000 71
28 2580 629 1030 1635 1386 420 1123 1506 1215 993 57 469 1174 1378 1829 1392 1202 404 632 1058 877 257 705 1040 762 678 39 294 747 922 1102 944 828
29 981 255 229 334 586 656 112 568 62 328 545 100 193 168 543 253 260 170 139 203 354 416 68 356 43 222 329 65 120 108 354 165 179
30 1312 569 908 562 456 997 951 478 21 812 596 460 553 824 649 271 417 370 548 377 293 654 663 288 14 492 392 318 370 499 418 178 267
31 100000 41 139 399 532 217 145 474 570 380 40 76 180 680 141 164 628 27 96 243 365 135 89 326 100000 258 27 100000 113 421 91 100 418
32 100000 257 447 574 511 273 121 409 430 552 618 319 21 6 109 494 116 167 269 355 100000 171 100000 283 263 100000 388 198 100000 4 100000 327 79
33 856 29 434 68 598 23 268 343 331 604 512 248 397 448 103 124 550 18 267 45 398 14 173 231 225 381 337 168 246 286 70 78 381
34 1672 272 983 642 789 826 400 1198 1216 582 674 1052 83 971 665 308 1036 185 636 425 489 562 243 792 766 360 423 732 55 602 428 206 679
35 1558 859 478 718 62 7 694 907 579 618 99 287 361 670 1016 722 357 524 316 438 42 5 478 551 403 393 64 196 230 412 666 437 249
36 1699 1017 708 906 603 947 1024 397 234 1222 1116 156 450 601 126 839 1199 622 480 601 403 576 647 271 142 742 692 101 300 418 87 542 746
37 1056 683 144 408 334 133 347 58 226 39 617 215 48 398 40 26 226 463 100 274 212 91 233 36 153 24 424 141 31 261 25 17 153
38 1718 806 978 222 489 644 975 35 808 166 406 142 1244 1208 462 122 974 546 646 142 316 404 657 24 487 109 247 99 850 744 302 84 627
39 1713 173 35 635 450 203 1067 389 910 723 575 812 906 1194 356 519 972 105 22 438 310 137 687 243 636 455 395 495 598 809 232 351 651
40 896 131 195 69 625 119 174 632 456 244 360 49 153 301 338 4 492 81 119 47 378 83 117 393 287 171 220 30 104 183 228 3 344
41 655 196 85 74 79 118 265 239 414 130 413 216 321 119 425 384 164 127 54 48 54 71 175 162 260 90 269 142 207 77 284 243 105
42 1685 465 1169 280 1272 477 302 554 45 18 632 929 271 472 107 651 1228 322 811 185 781 324 200 376 32 13 437 629 181 310 66 410 817
43 100000 515 607 591 654 50 228 203 736 254 492 661 287 445 737 606 478 338 100000 387 100000 33 138 100000 507 168 331 100000 191 298 475 409 317
44 755 322 94 445 81 523 458 213 164 466 558 214 286 40 426 136 330 215 63 298 57 316 294 139 114 313 347 129 183 25 261 85 201
45 799 259 105 555 422 523 407 92 379 222 272 429 358 233 167 178 437 174 65 345 259 349 278 60 259 143 173 280 227 151 102 117 274
46 785 431 257 440 508 173 27 71 325 569 422 335 95 197 368 94 128 299 157 279 326 108 19 44 220 365 293 228 65 123 243 62 86
47 811 555 540 470 601 212 181 444 622 279 462 438 481 175 430 347 19 372 369 306 419 133 111 290 427 173 284 291 320 114 282 228 14
48 767 379 274 197 417 88 511 436 45 473 271 539 26 394 190 331 23 233 180 127 262 59 339 264 28 286 166 360 17 254 117 210 16
49 100000 42 126 348 486 83 74 489 141 527 524 53 390 330 514 326 262 27 87 100000 100000 54 52 301 93 100000 100000 100000 242 203 335 215 172
50 775 166 173 353 274 349 240 571 577 20 96 480 232 163 178 46 310 104 110 240 173 227 165 349 396 13 64 329 152 100 108 29 193
51 100000 497 168 49 216 205 229 395 201 462 480 539 327 247 136 127 200 324 115 30 100000 100000 154 262 100000 296 303 100000 216 167 95 80 126
52 100000 391 46 244 112 349 484 2 475 471 177 324 92 346 23 42 442 243 32 164 78 214 322 2 100000 100000 112 205 59 240 100000 28 284
53 100000 303 508 471 188 415 261 424 356 284 300 576 480 335 12 570 523 100000 100000 296 123 261 161 276 219 186 208 359 302 224 8 100000 328
54 809 377 417 375 532 125 545 25 352 255 75 240 225 403 152 147 467 252 254 252 342 82 364 17 228 167 50 150 158 248 98 95 327
55 798 159 275 496 419 295 286 232 159 79 448 388 147 86 152 443 570 112 179 340 280 194 185 155 100 50 278 262 91 60 105 290 397
56 803 418 288 145 278 148 203 211 508 410 181 462 335 335 225 554 256 286 196 99 189 89 140 132 336 264 126 283 214 209 136 357 160
57 100000 148 510 47 25 334 471 238 361 117 488 333 407 370 184 429 61 95 350 29 17 100000 100000 152 229 81 342 100000 271 243 123 100000 43
58 100000 125 264 365 29 103 44 501 435 341 361 337 466 419 24 275 342 85 180 236 20 100000 100000 333 262 100000 233 230 288 257 17 100000 100000
59 756 487 565 566 490 360 401 59 96 66 547 51 304 90 496 416 571 310 387 386 334 226 251 36 58 46 335 33 212 61 340 282 383
60 788 523 522 470 281 217 45 115 363 393 364 204 138 292 342 483 397 316 347 302 171 139 30 79 253 273 245 130 87 187 217 330 271
61 100000 101 83 149 139 485 569 405 198 196 514 561 566 16 484 243 102 100000 100000 96 100000 295 353 249 123 127 100000 389 100000 11 327 162 100000
62 760 380 344 147 236 481 409 124 240 383 426 361 558 299 230 105 312 257 207 98 155 312 249 82 145 264 298 227 357 201 144 70 196
63 769 151 255 397 499 62 574 571 544 511 56 211 357 90 546 379 573 94 167 248 341 40 347 382 332 327 34 146 217 55 366 250 388
64 772 318 207 274 78 375 564 2 89 65 336 357 222 413 303 426 301 223 143 187 50 260 360 2 57 43 219 242 147 252 196 259 186
65 787 102 81 558 206 140 84 566 398 561 135 566 346 507 526 350 378 72 54 344 143 92 57 386 257 361 91 341 235 318 334 217 263
66 753 230 506 472 549 76 295 466 186 319 355 41 217 255 389 124 188 154 353 324 359 47 195 286 122 218 246 25 139 164 246 76 125
67 783 150 211 571 271 204 573 218 228 48 208 245 67 65 120 113 424 100 131 348 173 142 373 153 141 31 140 150 44 42 74 74 271
68 100000 111 456 35 241 32 454 527 168 68 121 553 518 35 436 508 554 70 100000 24 100000 100000 302 100000 100000 100000 79 100000 100000 100000 276 311 361
69 624 23 173 290 311 341 63 382 111 153 46 174 348 301 91 438 127 15 113 189 198 223 41 247 68 97 29 114 236 194 63 284 86
70 1238 770 765 858 218 729 45 440 94 790 116 122 18 27 502 526 453 527 502 583 144 481 32 268 65 513 79 76 11 18 346 343 295
71 100000 165 193 386 147 168 160 242 94 219 99 61 251 294 357 73 103 109 124 234 100000 116 100000 100000 62 133 68 43 100000 100000 100000 48 72
72 1758 901 748 510 684 372 899 988 310 374 305 82 666 752 311 450 95 614 460 348 452 248 628 667 188 245 193 53 424 495 200 284 65
73 1462 173 1005 723 342 439 1041 502 802 380 495 315 1036 442 528 623 399 110 606 449 207 266 682 348 536 260 313 200 725 272 357 418 266
74 3477 952 1335 906 681 1489 214 861 1497 662 568 1742 1183 2513 2178 224 1091 660 891 620 443 913 148 559 922 399 394 1102 781 1621 1461 141 737
75 100000 497 689 1 471 655 723 180 323 110 520 255 527 15 441 36 407 335 446 1 100000 416 489 115 201 71 322 175 331 10 302 22 255
76 100000 77 28 302 308 17 172 30 237 352 68 122 193 340 5 145 267 50 18 100000 100000 100000 100000 21 160 242 45 78 100000 216 100000 100000 185
77 100000 1 182 427 374 473 505 252 468 230 232 694 60 51 370 617 340 1 123 100000 100000 324 338 174 100000 160 159 453 42 100000 234 389 228
78 1555 903 355 684 748 585 1009 547 837 1065 35 283 333 621 500 883 985 546 234 414 483 360 699 376 554 653 23 184 218 392 309 605 662
79 384 145 22 87 57 51 128 233 254 11 132 22 268 135 216 21 238 91 16 60 39 36 85 160 177 8 91 15 171 94 136 14 144
80 100000 109 1710 182 1919 172 310 803 118 495 352 1004 1732 90 1107 529 1522 67 100000 112 1154 118 100000 100000 80 298 100000 695 1060 100000 666 341 966
81 100000 16 414 73 334 166 311 401 179 77 417 42 241 123 116 65 352 11 287 46 203 108 197 100000 114 48 279 26 150 79 100000 45 234
82 1720 1181 1192 740 1123 87 809 1229 829 1091 234 1214 66 135 669 212 233 740 731 470 675 58 507 770 533 690 151 749 45 92 424 145 155
83 5044 2428 401 3348 2024 1376 2349 1985 353 3485 1789 1460 1017 2331 432 530 2762 1542 255 2044 1219 921 1578 1325 243 2385 1097 893 624 1609 276 335 1771
<posture of tasks>
1 1
2 1
3 1
4 1
5 1
6 0
7 1
8 1
9 1
10 0
11 1
12 1
13 1
14 0
15 1
16 1
17 1
18 1
19 0
20 0
21 0
22 1
23 1
24 1
25 1
26 1
27 1
28 0
29 1
30 0
31 1
32 0
33 0
34 1
35 0
36 1
37 1
38 1
39 1
40 0
41 0
42 1
43 1
44 1
45 1
46 1
47 0
48 1
49 0
50 1
51 1
52 1
53 0
54 0
55 0
56 0
57 1
58 1
59 1
60 1
61 1
62 1
63 0
64 1
65 0
66 1
67 1
68 1
69 1
70 1
71 1
72 1
73 1
74 1
75 1
76 1
77 0
78 1
79 0
80 1
81 1
82 1
83 1
<max energy cosumption of alternatives>
1 100000.00
2 3.26
3 4.50
4 2.88
5 2.77
6 2.87
7 2.56
8 4.65
9 2.18
10 2.64
11 4.66
12 5.11
13 5.62
14 2.39
15 3.02
16 4.04
17 2.48
<energy cosumption of alternatives>
1 100000.00 22.56 47.23 0.93 42.77 37.27 28.73 23.12 11.86 36.51 16.16 34.76 50.86 26.25 15.23 40.90 3.04 100000.00 100000.00 0.54 8.87 19.95 9.76 100000.00 7.54 7.74 10.81 100000.00 26.09 100000.00 6.98 21.11 1.23
2 100000.00 20.99 7.48 23.08 21.19 21.35 17.58 5.02 3.06 7.45 0.59 22.41 14.26 26.80 19.69 5.80 14.55 6.55 4.51 9.32 9.98 5.91 4.50 2.73 1.82 4.41 0.38 11.63 9.67 5.77 8.64 3.12 9.33
3 100000.00 45.96 20.55 21.40 10.12 15.91 7.16 0.91 29.93 45.86 3.42 17.85 33.51 8.06 10.95 47.01 39.20 19.63 10.11 13.15 2.04 8.40 4.61 0.26 20.49 19.56 2.30 9.61 6.85 5.11 5.17 10.06 23.66
4 100000.00 25.89 2.32 2.85 9.05 25.00 18.48 13.67 13.00 12.69 28.32 33.68 20.67 5.71 20.68 32.63 6.96 100000.00 100000.00 100000.00 6.00 15.22 9.91 100000.00 8.38 8.07 100000.00 100000.00 6.67 3.19 100000.00 100000.00 3.85
5 100000.00 38.83 35.62 45.77 16.82 16.58 15.57 46.89 28.36 21.30 29.82 11.44 12.05 22.60 33.84 46.41 23.27 100000.00 18.54 27.50 7.25 8.26 5.46 100000.00 6.72 4.51 9.13 5.36 100000.00 100000.00 7.77 20.23 100000.00
6 100000.00 35.44 2.27 57.33 21.93 55.69 45.38 16.16 9.07 25.78 37.47 38.14 66.26 13.73 15.38 61.03 39.24 12.59 1.36 12.06 14.36 29.17 28.68 6.84 100000.00 8.93 100000.00 100000.00 100000.00 100000.00 100000.00 37.32 19.43
7 100000.00 57.32 20.79 15.88 13.53 48.02 55.35 32.21 0.05 38.65 34.54 0.98 11.63 51.25 13.33 27.50 17.25 37.80 11.03 8.22 9.19 19.31 13.27 17.22 0.03 19.36 10.55 0.27 5.95 32.83 2.78 10.76 3.79
8 100000.00 2.68 18.53 13.62 1.77 5.80 18.76 23.94 22.29 3.36 27.34 22.21 12.89 15.21 12.56 24.24 18.26 0.87 12.67 5.72 0.40 1.44 7.11 10.98 6.30 2.18 10.46 10.08 7.44 8.21 8.64 10.03 7.12
9 100000.00 11.07 31.57 8.57 41.85 39.48 45.16 34.97 20.98 13.20 37.36 50.14 17.49 19.07 12.08 33.81 19.36 7.21 100000.00 4.38 22.03 13.82 21.41 100000.00 7.74 5.70 25.66 22.32 100000.00 10.26 2.43 18.18 100000.00
10 100000.00 25.94 29.16 19.87 20.78 20.76 11.22 16.20 4.28 4.75 29.93 29.86 18.79 21.31 1.07 14.45 9.14 16.65 18.51 100000.00 11.74 6.32 6.75 8.50 1.58 2.42 100000.00 18.45 12.54 9.84 100000.00 3.68 4.61
11 100000.00 14.95 3.92 11.90 1.38 14.11 9.04 15.05 16.38 4.99 21.96 10.01 2.32 7.86 17.01 11.59 0.89 6.09 1.91 7.34 0.80 6.30 4.68 5.86 7.69 2.30 5.82 4.51 1.41 3.28 4.24 2.71 0.48
12 100000.00 3.20 4.53 8.99 3.33 5.66 7.44 12.21 10.95 6.45 0.71 13.16 11.67 6.66 6.65 8.50 5.66 1.08 2.91 100000.00 0.88 1.18 4.27 8.02 5.73 3.03 100000.00 4.04 100000.00 1.71 100000.00 100000.00 3.56
13 100000.00 12.97 4.95 2.68 11.10 5.93 12.32 17.75 5.97 0.67 7.20 4.89 4.10 8.74 6.30 13.07 5.90 7.91 2.34 0.81 4.21 3.34 5.29 5.42 1.33 0.43 2.55 1.49 2.38 4.51 2.76 6.98 2.15
14 100000.00 7.87 10.37 19.42 5.63 7.06 9.66 19.32 18.85 10.26 27.69 14.48 26.03 22.86 3.90 26.85 2.54 3.96 6.24 5.32 1.68 3.45 4.92 5.80 8.55 4.99 19.15 7.74 15.21 15.96 2.08 6.35 1.19
15 100000.00 11.11 14.84 0.94 7.89 1.56 10.47 7.89 6.88 14.76 18.70 16.57 19.85 9.69 1.19 6.13 13.02 4.07 4.35 0.58 2.52 0.56 6.80 3.81 2.86 7.45 6.50 10.89 7.38 5.83 0.57 2.66 4.63
16 100000.00 6.40 0.42 10.52 1.55 8.01 2.63 4.35 5.00 11.02 4.11 11.45 4.35 6.33 4.77 5.30 7.88 1.81 0.10 4.63 0.70 4.96 1.29 2.24 2.95 3.54 1.17 5.40 2.41 2.13 1.08 1.57 1.64
17 100000.00 3.67 29.81 9.89 6.27 1.85 22.50 10.59 14.69 18.49 12.80 9.24 0.32 12.05 18.25 7.70 0.08 2.41 100000.00 2.76 100000.00 0.79 14.26 2.19 6.82 7.14 100000.00 100000.00 100000.00 2.43 8.55 2.00 100000.00
18 100000.00 3.80 4.74 4.82 15.55 0.66 1.13 19.77 14.55 15.49 1.56 19.90 16.28 6.42 2.51 4.52 15.43 2.42 100000.00 1.78 8.94 0.14 0.46 100000.00 5.53 3.55 100000.00 9.50 4.16 1.94 1.63 100000.00 5.67
19 100000.00 8.11 8.86 2.00 5.54 6.40 10.42 4.16 10.28 4.88 2.56 14.26 13.59 10.18 0.69 5.74 1.38 100000.00 4.99 100000.00 100000.00 1.67 6.61 100000.00 100000.00 1.78 1.10 5.32 9.05 4.71 100000.00 100000.00 0.41
20 100000.00 2.41 2.94 2.22 0.05 2.13 3.98 3.37 2.17 0.84 1.04 0.44 5.82 1.62 2.57 5.55 1.21 1.14 0.97 0.57 0.03 1.24 2.35 1.10 1.15 0.35 0.40 0.11 3.15 0.65 1.72 3.07 0.52
21 100000.00 8.24 8.21 3.19 4.27 7.55 3.36 5.08 6.35 5.88 9.50 5.94 2.54 6.97 7.27 4.93 6.68 5.36 4.55 1.50 1.06 1.71 1.65 2.79 2.43 3.85 3.28 3.35 1.28 4.71 3.43 1.05 3.16
22 100000.00 7.35 24.73 8.79 1.76 20.03 7.21 2.62 3.61 17.69 3.26 3.08 5.33 18.83 3.79 2.41 5.76 1.96 12.18 5.48 0.70 5.88 2.86 1.58 0.85 9.63 1.46 1.58 1.53 7.42 1.07 1.68 3.65
23 100000.00 20.46 18.14 16.70 9.26 0.50 5.07 3.49 15.22 8.88 11.27 23.59 3.40 7.96 7.26 21.60 7.30 100000.00 100000.00 10.42 100000.00 0.23 2.72 1.75 7.29 2.45 4.81 5.80 100000.00 3.71 1.66 7.50 100000.00
24 100000.00 2.18 20.02 15.46 2.38 14.88 6.95 6.60 10.19 12.77 10.36 16.73 7.92 20.39 22.17 13.22 13.01 0.93 5.93 6.56 1.18 7.15 100000.00 4.04 4.99 6.95 6.71 4.61 100000.00 8.91 8.08 3.71 8.02
25 100000.00 2.73 12.58 1.05 5.07 15.76 14.52 15.26 16.08 8.94 20.38 16.05 3.52 1.30 5.21 13.44 3.72 1.61 5.09 0.34 1.90 8.24 8.54 10.66 7.03 5.19 7.49 10.39 0.76 0.52 1.89 5.42 1.43
26 100000.00 16.38 13.88 21.24 0.54 8.94 8.70 0.19 12.87 0.96 13.39 23.90 5.69 16.53 4.09 26.96 19.64 3.36 9.30 9.05 0.27 4.63 2.33 0.04 7.87 0.53 9.15 5.04 2.36 5.78 0.88 11.50 7.69
27 100000.00 5.78 20.26 6.64 2.24 7.48 13.05 21.55 14.88 14.67 1.31 8.13 7.65 0.99 13.28 15.75 2.61 1.90 7.15 100000.00 0.73 2.54 100000.00 7.69 3.93 3.91 0.51 100000.00 1.99 0.67 100000.00 100000.00 1.26
28 100000.00 12.75 26.54 33.22 26.52 8.05 21.03 39.98 22.79 19.79 1.42 12.29 30.71 28.01 35.71 35.32 22.99 5.87 14.30 18.77 16.42 3.45 7.35 20.37 15.43 13.74 0.86 6.05 10.61 7.89 23.44 13.88 9.57
29 100000.00 6.97 7.85 9.12 15.12 16.88 2.86 20.01 1.58 8.76 17.83 3.45 6.72 4.61 14.26 8.55 6.71 4.63 2.46 1.88 4.69 3.67 0.79 13.14 0.91 4.27 8.68 2.00 3.13 1.61 5.40 3.90 4.08
30 100000.00 12.00 24.24 11.86 9.08 19.88 18.57 13.12 0.39 16.82 15.17 12.42 14.98 17.36 13.19 7.10 8.32 7.51 7.84 3.11 5.24 7.98 8.31 2.74 0.27 6.30 4.25 3.90 3.67 6.31 8.46 3.06 4.13
31 100000.00 1.13 4.81 10.99 13.87 5.63 3.71 16.85 14.56 10.28 1.33 2.64 6.30 18.74 3.77 5.54 16.35 0.35 2.36 7.20 3.10 2.70 2.29 6.59 100000.00 4.79 0.47 100000.00 3.61 9.06 1.63 1.73 8.74
32 100000.00 5.43 11.85 12.08 10.18 5.42 2.37 11.13 8.40 11.46 15.65 8.56 0.55 0.14 2.19 12.85 2.32 3.05 7.78 3.06 100000.00 3.28 100000.00 7.37 3.93 100000.00 9.54 3.58 100000.00 0.06 100000.00 8.01 0.61
33 100000.00 0.62 11.33 1.41 11.71 0.43 5.15 9.24 6.39 12.29 12.80 6.61 10.55 9.31 2.04 3.20 10.77 0.22 5.16 0.38 2.43 0.28 3.22 3.99 1.87 7.55 2.71 3.96 2.45 2.61 1.30 1.95 4.40
34 100000.00 7.25 32.98 17.16 19.90 20.88 9.91 41.36 30.13 15.27 21.63 35.83 2.84 25.94 17.12 10.20 26.15 3.37 20.47 6.06 12.88 11.27 6.22 28.69 8.46 7.36 8.08 24.63 1.54 15.91 10.38 2.52 17.49
35 100000.00 18.66 13.00 15.62 1.29 0.17 13.98 25.34 11.68 13.17 2.57 7.93 10.00 14.56 21.20 19.38 7.28 6.55 7.08 6.54 0.75 0.10 5.38 17.73 3.80 4.77 1.05 3.72 5.67 6.33 6.49 6.18 3.44
36 100000.00 27.23 23.74 24.25 15.26 24.01 25.48 13.71 5.81 32.16 35.83 5.30 15.33 16.08 3.24 27.73 30.39 16.18 5.97 15.86 5.82 8.71 11.38 3.59 3.24 15.73 23.46 2.29 10.56 9.99 0.95 15.92 15.58
37 100000.00 19.14 5.06 11.43 8.92 3.50 9.05 2.11 5.92 1.09 20.66 7.59 1.68 11.19 1.09 0.84 6.03 7.34 1.71 2.31 5.54 1.11 3.91 1.05 3.79 0.52 12.36 1.77 0.64 6.12 0.26 0.56 3.24
38 100000.00 21.88 33.12 6.05 12.52 16.53 24.56 1.22 20.36 4.44 13.15 4.89 42.75 32.74 12.06 4.08 25.00 6.83 12.51 2.24 3.70 8.21 16.86 0.70 10.41 2.59 7.36 1.62 19.39 8.94 8.03 1.14 15.32
39 100000.00 4.80 1.21 17.59 11.80 5.32 27.40 13.81 23.41 19.66 18.94 28.38 31.63 33.03 9.46 17.60 25.47 0.99 0.36 7.49 2.60 3.03 7.52 3.88 14.91 7.13 5.86 13.56 18.50 11.84 6.30 3.97 17.35
40 100000.00 2.69 5.12 1.43 12.23 2.34 3.35 17.02 8.76 4.95 9.04 1.29 4.07 6.22 6.75 0.12 9.62 1.19 1.40 0.55 8.08 1.01 1.79 7.60 4.21 3.21 2.79 0.52 1.31 2.97 2.18 0.08 2.08
41 100000.00 4.13 2.28 1.53 1.53 2.34 5.10 6.50 8.02 2.66 10.49 5.79 8.62 2.50 8.54 9.98 3.20 1.10 1.33 0.97 0.75 0.81 1.61 2.01 3.47 0.58 4.27 2.95 3.13 0.98 5.51 5.51 0.89
42 100000.00 12.76 40.27 7.72 33.14 12.42 7.68 19.66 1.13 0.47 20.80 32.43 9.45 13.01 2.80 22.08 31.96 3.74 22.17 3.95 13.79 7.34 4.55 5.40 0.79 0.22 7.15 18.14 1.99 5.98 1.84 5.37 10.03
43 100000.00 14.49 21.31 16.65 17.43 1.31 6.00 7.31 19.26 7.06 16.48 23.54 10.21 12.57 20.01 20.98 12.76 8.74 100000.00 11.06 100000.00 0.87 1.53 100000.00 6.72 2.30 8.60 100000.00 2.44 5.59 6.23 13.26 3.62
44 100000.00 8.75 3.20 12.15 2.07 13.49 11.57 7.44 4.13 12.43 18.22 7.38 9.90 1.08 11.18 4.53 8.51 1.84 1.52 4.31 0.67 8.78 2.65 2.76 1.01 5.08 7.18 4.46 2.67 0.23 3.21 2.12 2.32
45 100000.00 7.26 3.63 15.57 11.20 13.89 10.57 3.30 9.85 6.14 9.04 15.13 12.67 6.53 4.54 6.10 11.57 2.56 1.05 4.36 3.90 6.73 6.37 1.60 3.81 4.21 2.25 6.79 3.65 3.86 1.67 1.66 3.39
46 100000.00 11.88 8.86 12.14 13.27 4.53 0.66 2.50 8.30 15.42 13.95 11.75 3.32 5.45 9.81 3.20 3.34 7.29 5.53 7.02 4.49 2.95 0.40 0.74 3.22 10.08 8.01 6.94 2.12 2.04 4.89 0.87 1.38
47 100000.00 11.52 14.11 9.75 11.72 4.13 3.45 11.98 11.90 5.69 11.52 11.60 12.76 3.62 8.55 8.92 0.36 7.02 8.45 4.19 2.65 1.40 2.40 7.95 6.63 3.95 3.65 3.13 4.72 2.19 3.70 5.86 0.14
48 100000.00 10.23 9.23 5.33 10.68 2.27 12.83 15.14 1.11 12.58 8.75 18.46 0.85 10.66 4.92 11.06 0.57 4.83 3.55 2.11 3.21 1.03 4.15 9.37 0.65 7.55 4.08 9.23 0.49 7.19 1.91 5.06 0.19
49 100000.00 0.87 3.31 7.23 9.50 1.64 1.40 13.25 2.71 10.75 13.21 1.38 10.46 6.85 10.25 8.42 5.11 0.19 1.53 100000.00 100000.00 0.82 0.81 8.41 0.58 100000.00 100000.00 100000.00 4.19 3.87 4.54 5.75 1.24
50 100000.00 4.65 5.99 9.80 7.19 9.17 6.20 20.29 14.87 0.54 3.19 16.86 8.14 4.51 4.78 1.55 8.18 1.96 1.24 2.42 1.83 5.70 4.21 8.32 6.81 0.19 1.22 7.29 3.84 1.52 3.32 0.88 1.93
51 100000.00 13.52 5.73 1.32 5.52 5.27 5.77 13.81 5.07 12.30 15.62 18.57 11.24 6.68 3.53 4.25 5.15 2.80 1.27 0.89 100000.00 100000.00 2.46 6.49 100000.00 5.40 9.11 100000.00 5.86 4.40 2.34 1.55 2.49
52 100000.00 10.68 1.55 6.64 2.91 9.00 12.26 0.10 12.05 12.63 5.77 11.14 3.18 9.43 0.60 1.40 11.43 5.89 0.96 2.52 1.24 5.53 8.46 0.03 100000.00 100000.00 3.90 5.03 2.14 4.99 100000.00 0.34 4.00
53 100000.00 6.13 13.00 9.51 3.57 7.91 4.85 11.18 6.62 5.63 7.32 14.94 12.48 6.77 0.23 14.36 9.95 100000.00 100000.00 2.48 2.05 4.74 2.04 4.19 2.65 3.39 4.46 8.41 4.79 3.17 0.07 100000.00 5.33
54 100000.00 7.87 11.02 7.84 10.50 2.46 10.52 0.66 6.80 5.26 1.88 6.43 6.06 8.43 3.07 3.82 9.20 4.95 5.94 2.80 4.72 1.18 2.64 0.23 1.79 1.68 0.83 4.38 2.97 4.02 1.98 2.13 2.03
55 100000.00 3.24 7.17 10.23 8.14 5.71 5.43 6.24 3.01 1.58 11.18 10.29 3.89 1.79 3.01 11.40 11.04 1.11 3.70 4.04 3.98 3.61 3.65 1.55 0.88 0.98 4.43 2.86 1.60 1.23 1.06 7.57 7.55
56 100000.00 8.90 7.67 3.10 5.62 2.98 4.01 5.77 10.01 8.53 4.61 12.46 9.08 7.14 4.63 14.57 5.16 4.85 1.55 2.15 1.71 1.50 2.47 2.68 2.96 2.11 2.09 3.50 6.03 4.52 2.20 3.81 3.40
57 100000.00 4.10 17.67 1.29 0.63 8.80 12.15 8.46 9.31 3.20 16.17 11.74 14.29 10.27 4.91 14.65 1.61 1.15 8.52 0.43 0.41 100000.00 100000.00 3.39 5.96 0.86 5.44 100000.00 3.78 2.49 3.23 100000.00 0.44
58 100000.00 3.50 9.17 10.24 0.81 2.70 1.15 17.91 11.30 9.37 12.05 11.89 16.39 11.75 0.61 9.42 9.08 1.44 3.15 3.02 0.25 100000.00 100000.00 3.91 6.70 100000.00 6.34 7.09 6.26 4.42 0.14 100000.00 100000.00
59 100000.00 13.67 19.80 15.91 13.01 9.62 10.46 2.14 2.52 1.82 18.32 1.78 10.85 2.55 13.48 14.39 15.17 3.26 4.33 10.39 8.54 6.63 6.13 0.72 1.22 0.95 9.40 0.40 3.40 0.72 5.62 9.47 6.39
60 100000.00 14.55 18.01 13.06 7.40 5.68 1.14 4.10 9.38 10.73 12.07 7.15 4.87 8.09 9.15 16.45 10.44 4.83 11.71 8.47 4.81 3.81 0.54 1.37 3.27 5.64 3.01 2.94 2.82 1.92 4.62 8.96 3.86
61 100000.00 2.82 2.95 4.18 3.73 12.87 14.81 14.54 5.18 5.42 17.20 19.91 20.06 0.45 13.10 8.35 2.70 100000.00 100000.00 1.99 100000.00 6.58 5.43 7.36 3.14 3.79 100000.00 9.73 100000.00 0.12 6.39 4.25 100000.00
62 100000.00 10.68 12.06 4.16 6.28 12.82 10.67 4.47 6.28 10.56 14.31 12.87 19.86 8.40 6.27 3.59 8.34 2.94 3.08 1.49 3.62 5.10 2.75 3.11 3.66 4.52 3.89 2.77 5.84 4.21 2.20 1.50 1.77
63 100000.00 3.27 6.92 8.59 10.21 1.28 11.45 15.91 10.87 10.82 1.49 5.80 9.77 1.96 11.32 10.10 11.67 2.06 4.21 4.15 4.16 0.70 2.61 7.81 3.89 5.48 0.61 2.38 5.35 0.74 7.61 6.14 2.74
64 100000.00 8.80 7.14 7.55 2.02 9.83 14.54 0.11 2.31 1.79 11.13 12.44 7.79 11.49 8.14 14.49 7.86 2.22 1.46 3.48 0.56 4.00 9.40 0.06 0.83 1.00 3.82 7.32 2.93 6.27 2.25 3.29 4.70
65 100000.00 2.13 2.13 11.76 4.07 2.80 1.67 15.55 7.74 11.58 3.41 15.31 9.37 10.69 10.68 9.17 7.48 1.08 0.43 6.41 2.73 1.86 0.64 6.57 3.72 5.13 1.23 8.52 3.75 2.65 3.66 3.12 4.41
66 100000.00 6.49 17.77 13.34 14.62 2.01 7.72 16.77 4.85 8.84 11.90 1.45 7.69 7.22 10.61 4.29 5.00 3.19 10.30 4.39 4.08 0.88 3.80 10.01 3.27 4.64 4.04 0.76 3.47 3.97 5.11 2.73 1.60
67 100000.00 4.01 7.07 15.27 6.83 5.16 14.19 7.52 5.67 1.25 6.68 8.33 2.28 1.75 3.11 3.75 10.73 1.34 3.47 7.15 2.73 3.61 8.09 2.06 1.52 0.63 2.18 1.71 1.49 0.97 1.05 1.36 6.08
68 100000.00 3.03 15.44 0.96 6.16 0.84 11.42 18.38 4.26 1.81 3.93 19.02 17.79 0.96 11.37 16.96 14.22 1.57 100000.00 0.48 100000.00 100000.00 6.22 100000.00 100000.00 100000.00 1.11 100000.00 100000.00 100000.00 4.29 8.45 8.17
69 100000.00 0.61 5.97 8.03 8.19 8.97 1.65 13.50 2.90 4.17 1.51 6.09 12.16 8.31 2.46 14.85 3.33 0.21 1.69 3.70 4.72 1.88 1.05 8.69 0.59 2.69 0.33 1.78 3.93 5.72 0.83 5.87 0.90
70 100000.00 21.73 26.83 24.26 5.81 19.50 1.17 15.87 2.48 21.92 3.93 4.35 0.63 0.73 13.71 18.24 12.13 13.23 18.39 5.49 2.24 10.09 0.64 10.06 1.00 7.72 0.96 2.37 0.38 0.48 3.99 5.96 7.90
71 100000.00 4.61 6.77 10.87 3.91 4.48 4.16 8.66 2.46 6.00 3.31 2.19 8.90 8.24 9.61 2.49 2.70 1.94 4.04 7.07 100000.00 2.18 100000.00 100000.00 0.58 2.12 2.01 0.49 100000.00 100000.00 100000.00 0.68 0.93
72 100000.00 24.20 25.21 13.70 17.37 9.46 22.40 34.22 7.73 9.87 9.85 2.77 22.77 20.23 8.06 14.95 2.40 10.18 14.15 6.64 7.98 6.07 10.53 14.42 4.27 5.53 4.16 0.89 13.29 12.76 3.62 3.06 1.60
73 100000.00 4.81 34.58 20.04 8.99 11.49 26.78 17.77 20.68 10.33 16.31 11.00 36.15 12.26 14.13 21.11 10.46 2.22 13.85 9.30 3.21 6.80 7.00 3.57 9.20 5.70 3.40 4.63 18.13 6.59 5.14 8.88 4.76
74 100000.00 25.52 44.78 24.26 17.26 37.77 5.31 29.72 37.23 17.44 18.23 59.31 40.28 67.39 56.31 7.42 27.66 15.07 9.64 6.33 11.47 8.61 2.84 10.92 25.84 7.27 8.53 29.41 18.87 23.40 28.58 1.68 8.25
75 100000.00 13.93 24.06 0.06 12.52 17.34 18.82 6.46 8.38 3.02 17.33 9.04 18.67 0.42 11.94 1.25 10.77 5.89 15.23 0.01 100000.00 4.83 12.08 3.48 3.62 1.33 6.62 3.05 12.93 0.29 3.05 0.54 4.41
76 100000.00 2.04 0.96 8.08 7.84 0.43 4.30 1.05 5.89 9.26 2.19 4.16 6.59 9.13 0.13 4.80 6.76 1.02 0.39 100000.00 100000.00 100000.00 100000.00 0.63 2.90 5.18 0.64 2.86 100000.00 5.39 100000.00 100000.00 4.36
77 100000.00 0.05 4.95 9.26 7.65 9.71 10.15 7.10 9.45 4.92 6.05 19.20 1.69 1.08 7.73 16.55 6.97 0.03 1.92 100000.00 100000.00 5.04 4.17 3.60 100000.00 1.06 3.86 13.04 0.54 100000.00 4.53 8.14 1.69
78 100000.00 25.29 12.36 19.14 19.87 15.54 26.25 19.62 21.79 29.32 1.19 10.04 11.84 17.41 13.54 30.45 26.12 5.67 4.80 11.86 9.84 10.05 6.86 11.17 13.23 11.12 0.47 5.76 4.25 8.77 6.37 11.06 9.10
79 100000.00 2.97 0.56 1.80 1.10 0.97 2.41 6.21 4.79 0.21 3.25 0.56 7.01 2.74 4.22 0.51 4.56 1.50 0.16 0.65 0.44 0.43 0.50 2.79 3.04 0.14 0.92 0.26 2.96 0.89 2.54 0.18 1.23
80 100000.00 2.93 58.09 4.91 49.08 4.40 7.78 28.07 2.96 13.15 11.42 34.58 59.65 2.44 28.88 17.71 38.93 1.97 100000.00 1.74 16.41 2.48 100000.00 100000.00 1.11 2.75 100000.00 10.74 21.77 100000.00 15.77 7.68 15.97
81 100000.00 0.43 13.84 1.93 8.42 4.19 7.68 13.78 4.41 1.99 13.34 1.41 8.16 3.27 2.97 2.15 8.83 0.23 3.54 0.68 5.84 1.52 2.11 100000.00 2.59 0.76 8.59 0.72 2.04 1.03 100000.00 0.94 2.19
82 100000.00 31.31 39.72 19.62 28.12 2.18 19.88 42.14 20.38 28.40 7.46 41.04 2.23 3.57 17.11 6.95 5.83 13.32 15.91 12.24 7.89 0.48 10.57 15.18 11.40 9.18 4.72 11.15 1.10 2.39 9.79 2.45 1.95
83 100000.00 65.03 13.46 89.67 51.24 34.85 58.33 68.59 8.74 91.64 57.47 49.74 34.60 62.42 11.14 17.53 69.94 20.52 4.44 45.76 28.54 8.74 22.33 31.54 1.97 36.49 29.14 15.26 24.21 12.68 7.58 5.16 21.29
<task rigidity>
1 2
2 3
3 10
4 4
5 3
6 3
7 7
8 10
9 8
10 2
11 2
12 7
13 1
14 3
15 8
16 1
17 8
18 5
19 7
20 1
21 7
22 1
23 6
24 6
25 2
26 1
27 10
28 3
29 5
30 3
31 6
32 10
33 9
34 9
35 3
36 5
37 2
38 1
39 10
40 10
41 1
42 2
43 1
44 3
45 6
46 8
47 2
48 4
49 7
50 10
51 8
52 1
53 3
54 10
55 3
56 3
57 1
58 5
59 2
60 7
61 6
62 7
63 6
64 1
65 10
66 4
67 1
68 4
69 7
70 3
71 1
72 10
73 2
74 6
75 3
76 3
77 1
78 3
79 2
80 3
81 10
82 3
83 1
<precedence relations>
1,2
2,3
2,4
2,5
3,6
4,6
4,7
5,8
6,9
6,10
7,11
8,77
8,78
9,12
10,13
10,14
10,25
11,15
12,16
13,17
13,18
13,20
14,19
15,20
15,39
16,77
16,78
17,21
17,22
17,28
18,23
19,24
20,26
21,27
22,27
23,74
24,28
24,29
25,32
26,74
27,69
28,32
29,30
30,31
31,39
32,33
32,34
32,35
32,36
33,37
34,77
34,78
35,77
35,78
36,38
36,39
37,40
38,41
39,42
39,43
39,44
39,75
40,77
40,78
41,45
42,77
42,78
43,77
43,78
44,46
45,47
46,48
47,49
48,50
49,69
50,51
51,52
52,53
53,54
54,55
55,56
56,57
57,58
58,59
59,60
60,61
61,62
62,63
63,64
64,65
65,66
66,67
67,68
68,74
68,75
69,70
69,71
70,72
71,73
72,73
73,74
73,75
74,76
75,76
76,77
76,78
77,79
78,79
79,80
79,81
80,82
81,83
82,83
<end>