<number of tasks>
83
<number of stations>
12
<number of workers>
12
<type of the robots>
1
<limit of the robots>
3
<task times>
1 2193 1138 1468 118 102 774 346 655 1027 1612 1444 1533 648 761 972 76 63 510 230 450 627 1007 876 1003 440
2 1355 984 984 930 627 444 934 516 943 463 81 860 783 680 597 584 389 277 565 312 617 301 55 553 496
3 2466 435 638 1163 280 200 1711 1344 1291 741 1820 1681 243 266 412 713 185 140 1158 865 777 488 1236 1102 158
4 1349 113 406 581 721 744 830 745 417 865 274 366 828 73 262 350 460 520 564 467 266 533 165 221 554
5 2241 1569 337 404 457 468 1135 692 1438 335 345 865 1477 1072 219 269 317 293 793 421 905 213 226 524 933
6 4006 1596 2064 379 1720 479 802 2435 292 481 1068 48 951 1031 1433 228 1098 303 498 1614 176 294 715 32 644
7 3010 911 1261 373 956 1600 605 1267 1862 110 1947 574 1689 563 792 240 656 1040 407 762 1197 72 1325 347 1055
8 100000 852 459 1027 13 1010 610 279 609 958 631 978 762 512 300 100000 100000 668 100000 181 373 577 100000 677 519
9 100000 1317 1642 844 633 1284 1725 871 1055 1438 461 1325 1135 820 100000 563 100000 850 100000 564 699 100000 283 924 726
10 1723 1150 156 598 195 901 855 454 374 376 533 590 846 734 102 399 125 574 570 305 260 241 323 385 567
11 915 547 64 11 395 15 667 639 382 546 147 430 562 362 40 8 265 10 439 435 250 367 93 298 380
12 619 459 236 359 243 287 244 390 301 337 427 318 233 283 151 220 156 196 148 243 189 219 262 210 144
13 100000 224 392 118 450 390 215 119 255 240 14 386 443 100000 262 79 303 263 141 81 177 150 100000 243 271
14 1556 472 654 136 932 40 985 1068 1090 199 967 365 993 288 393 90 632 26 592 678 726 122 619 250 658
15 785 392 226 168 230 230 56 184 171 211 272 553 69 245 136 105 139 150 38 122 104 147 166 343 47
16 100000 479 88 287 30 24 126 29 215 297 354 164 330 293 57 188 100000 100000 100000 18 135 202 225 103 100000
17 1205 18 463 839 724 849 72 409 177 436 769 830 487 12 301 526 463 558 48 284 124 279 482 562 332
18 100000 454 56 132 628 54 626 209 250 51 70 92 664 285 36 84 429 100000 100000 100000 167 33 44 56 420
19 803 22 570 595 447 141 533 137 370 458 332 69 502 14 351 358 278 92 358 90 237 289 202 44 307
20 319 225 138 3 74 218 135 23 232 28 196 128 127 145 89 3 52 139 90 16 148 20 125 80 89
21 566 277 67 157 25 401 255 326 177 201 205 46 2 192 43 99 18 257 161 212 118 140 126 30 2
22 1162 34 698 785 423 719 46 452 623 146 242 615 131 22 458 527 278 445 32 316 407 90 148 403 84
23 1031 271 332 240 75 181 527 100 524 345 274 363 371 176 213 157 50 122 324 68 329 229 192 249 246
24 100000 485 136 833 4 782 173 452 599 543 764 350 612 316 87 512 3 492 116 289 416 356 100000 224 373
25 1066 445 349 743 708 700 374 686 375 642 116 569 251 279 233 515 426 434 235 465 254 391 74 345 157
26 100000 894 188 506 482 8 717 784 201 23 238 473 475 100000 119 309 100000 5 479 536 100000 100000 164 299 100000
27 992 296 573 4 111 56 296 191 346 109 217 422 185 182 386 3 77 35 201 117 220 75 133 290 121
28 2542 278 899 183 245 1164 1801 1270 618 305 996 1612 1285 188 619 112 151 736 1179 833 413 201 650 1026 848
29 930 290 245 306 690 12 10 120 375 65 680 171 88 183 158 190 476 8 7 75 261 42 451 112 55
30 1357 45 586 362 275 413 989 371 830 237 114 447 780 28 407 222 189 270 649 244 577 150 75 272 476
31 973 399 398 497 516 340 340 697 650 369 214 540 439 256 264 304 316 227 208 429 415 252 146 353 273
32 100000 614 426 563 567 491 49 66 168 487 458 76 160 374 285 352 391 100000 30 45 100000 300 298 51 109
33 872 99 283 239 582 364 105 242 187 191 372 516 51 63 197 157 366 232 66 160 123 119 230 353 33
34 100000 197 908 226 275 896 1132 1017 1199 292 1051 978 507 119 566 147 169 592 100000 648 806 182 673 617 316
35 1574 723 947 218 167 260 710 713 835 937 296 522 1133 439 612 149 103 170 464 464 571 602 197 349 728
36 1691 1034 138 846 311 601 595 16 491 1094 360 652 1188 719 91 575 199 414 404 11 341 666 245 443 737
37 1048 657 332 776 261 377 181 484 427 376 35 757 740 408 205 504 169 258 114 337 296 246 22 462 502
38 100000 101 207 1110 516 769 465 1163 897 391 42 507 316 68 100000 737 336 100000 317 721 100000 268 26 309 215
39 100000 244 1033 787 808 465 135 75 484 520 106 1194 658 166 628 543 500 288 100000 46 301 100000 100000 833 461
40 100000 53 457 311 321 511 565 58 274 602 313 399 615 34 100000 100000 100000 353 350 100000 176 396 219 100000 376
41 647 187 179 246 484 411 49 184 28 22 264 78 199 118 125 160 295 279 34 129 18 15 164 53 136
42 100000 757 286 1159 9 1183 832 863 798 1095 1210 1241 837 483 198 100000 100000 725 509 100000 481 754 792 776 100000
43 1102 83 38 105 530 138 3 583 576 83 640 9 458 55 25 68 356 83 2 402 378 57 395 7 321
44 763 150 401 309 311 339 543 24 235 329 160 334 325 103 267 204 216 232 331 17 162 222 98 222 214
45 800 286 506 333 235 135 261 429 199 322 102 201 441 197 318 206 147 93 161 273 122 200 65 138 274
46 100000 223 490 280 507 101 291 181 360 219 316 564 180 137 327 196 100000 62 195 125 232 138 218 375 118
47 100000 414 360 487 178 472 180 594 217 90 175 465 253 264 247 331 117 318 117 365 145 100000 100000 320 100000
48 809 452 214 97 362 420 508 413 383 271 154 573 378 305 135 63 254 253 346 285 241 165 105 383 259
49 775 48 110 392 490 308 501 540 155 118 170 192 317 33 71 258 309 189 332 369 94 78 104 118 221
50 100000 299 174 541 124 176 385 432 261 77 470 23 545 209 107 100000 78 112 100000 278 169 100000 100000 16 371
51 100000 507 232 161 265 498 517 306 312 55 482 255 261 314 147 102 100000 100000 352 100000 100000 100000 100000 173 163
52 100000 11 7 240 147 259 326 577 187 453 92 464 44 7 5 100000 96 100000 100000 393 100000 298 64 281 29
53 752 243 565 210 71 539 241 237 396 461 574 119 341 155 365 134 43 335 154 144 259 323 367 84 237
54 762 458 544 229 226 547 360 141 244 391 417 212 256 320 343 138 141 336 227 89 164 250 264 134 177
55 794 523 81 400 246 355 320 501 404 375 109 262 74 366 55 243 152 215 199 323 257 235 76 181 51
56 772 6 81 280 272 102 131 575 195 266 7 361 234 4 54 175 170 69 82 388 134 163 5 242 162
57 100000 346 404 287 363 438 388 239 89 494 415 427 170 235 261 176 225 100000 239 100000 56 301 100000 274 104
58 100000 351 61 292 354 559 120 218 11 180 284 72 84 212 100000 182 100000 364 78 100000 100000 100000 100000 46 55
59 100000 211 527 28 371 281 308 228 141 135 409 267 88 131 364 19 247 100000 187 141 89 100000 256 173 59
60 799 328 406 111 492 412 373 345 161 396 230 381 330 227 263 73 319 285 233 224 101 256 157 256 226
61 100000 116 190 392 291 186 56 575 323 295 332 41 42 100000 115 253 187 122 100000 358 100000 194 100000 100000 29
62 752 244 91 228 576 541 404 177 481 57 222 542 109 170 62 139 402 355 263 118 326 39 155 334 69
63 776 73 65 436 275 513 129 7 191 384 530 1 404 50 40 295 169 328 86 5 122 262 368 1 249
64 100000 157 510 439 577 171 528 120 198 125 154 450 376 106 100000 301 378 108 100000 77 100000 85 100000 100000 239
65 794 25 529 65 205 522 518 476 469 478 556 524 119 16 336 42 137 329 350 305 309 298 370 352 77
66 100000 102 38 200 284 121 43 544 4 482 293 120 449 65 24 124 100000 76 29 353 100000 100000 187 81 100000
67 800 321 488 355 83 297 293 3 33 118 397 368 544 193 299 233 56 198 188 2 21 76 263 226 334
68 100000 302 76 103 109 368 56 247 92 478 61 511 144 183 53 68 77 226 39 150 100000 309 40 309 88
69 651 351 427 209 21 464 253 74 262 432 314 442 286 220 264 138 14 292 156 47 173 260 215 285 197
70 100000 372 213 264 664 104 417 481 58 64 465 491 683 254 148 100000 452 68 256 295 100000 100000 100000 296 416
71 520 157 308 7 192 47 357 184 24 204 100 68 128 101 199 5 118 32 225 114 17 133 66 45 85
72 1737 1279 483 864 289 56 924 1210 142 439 1269 1231 978 829 304 528 181 37 575 805 90 289 809 853 639
73 100000 497 643 847 876 303 857 139 912 948 90 763 1085 100000 421 100000 580 100000 571 93 596 100000 62 463 100000
74 100000 944 236 59 481 1615 1909 2194 422 1756 1721 621 976 657 164 39 301 1047 1315 100000 290 100000 1039 393 611
75 100000 141 698 467 601 632 625 598 107 614 544 213 473 100000 456 305 411 402 379 419 68 100000 100000 134 289
76 492 214 274 238 335 50 102 329 209 137 327 326 6 138 172 153 212 32 66 222 143 87 228 213 4
77 912 198 190 580 234 37 635 631 460 359 458 245 396 122 117 398 150 26 436 437 304 218 309 167 257
78 1574 681 895 38 972 12 462 336 558 834 443 302 1120 436 591 26 675 8 293 213 356 549 309 191 734
79 383 249 71 258 73 154 208 148 198 273 106 195 63 171 45 165 46 102 139 104 137 180 65 122 39
80 100000 1049 1887 1305 1380 161 184 254 284 876 1362 1808 624 661 100000 853 100000 100000 116 159 189 538 100000 1160 100000
81 100000 347 403 166 246 308 322 399 400 286 173 33 39 238 270 100000 100000 191 225 268 100000 193 119 100000 24
82 100000 1059 291 273 993 802 222 532 632 850 1296 397 633 672 202 100000 100000 100000 100000 100000 100000 543 789 254 387
83 100000 2370 3087 2481 377 1194 2588 281 364 135 1514 2974 3569 1480 2041 1493 100000 100000 1780 197 254 100000 977 2003 2302
<posture of tasks>
1 1
2 1
3 1
4 0
5 1
6 1
7 1
8 1
9 1
10 1
11 1
12 1
13 0
14 0
15 1
16 0
17 1
18 1
19 1
20 1
21 1
22 0
23 0
24 1
25 1
26 0
27 1
28 1
29 1
30 1
31 1
32 0
33 1
34 0
35 1
36 1
37 1
38 1
39 0
40 1
41 1
42 0
43 1
44 1
45 1
46 0
47 1
48 1
49 1
50 1
51 1
52 1
53 1
54 1
55 0
56 1
57 1
58 1
59 0
60 1
61 0
62 0
63 1
64 1
65 1
66 1
67 0
68 1
69 1
70 1
71 1
72 1
73 1
74 1
75 0
76 1
77 1
78 0
79 1
80 1
81 1
82 1
83 1
<max energy cosumption of alternatives>
1 100000.00
2 5.03
3 4.92
4 2.80
5 2.41
6 3.02
7 2.31
8 4.35
9 3.28
10 4.96
11 2.73
12 5.39
13 5.30
<energy cosumption of alternatives>
1 100000.00 38.59 50.52 3.26 2.64 21.71 8.82 21.54 28.76 53.84 37.57 52.72 21.33 14.67 23.78 1.08 1.84 7.20 5.37 13.74 8.43 12.13 15.46 36.06 12.68
2 100000.00 33.30 33.79 25.68 16.39 12.52 23.96 16.97 26.52 15.43 2.10 29.57 25.77 18.98 18.82 12.41 3.97 7.74 11.12 6.22 8.27 10.28 0.47 7.99 16.80
3 100000.00 14.43 21.52 31.30 7.13 5.48 42.71 43.34 35.34 24.24 46.32 56.72 7.82 3.32 10.97 21.24 1.92 2.91 21.16 28.04 21.59 10.49 23.58 25.23 5.16
4 100000.00 2.89 10.50 11.91 13.91 15.55 15.70 18.45 8.71 21.73 5.27 9.49 20.50 0.69 3.33 7.39 8.00 6.66 6.55 7.17 4.33 9.31 3.27 3.09 10.72
5 100000.00 53.71 11.70 11.20 12.01 13.29 29.31 23.01 40.71 11.31 9.07 30.02 49.05 25.61 3.51 4.77 2.89 4.64 14.49 11.62 15.83 6.87 2.68 7.70 13.64
6 100000.00 53.51 70.21 10.27 44.13 13.25 20.20 79.20 8.06 15.89 27.38 1.61 30.93 30.05 28.30 6.54 10.13 5.34 9.20 39.04 4.80 6.41 16.20 1.02 19.55
7 100000.00 30.54 42.85 10.08 24.42 44.12 15.16 41.21 51.31 3.61 49.77 19.48 54.91 13.71 29.43 2.73 13.77 14.29 6.37 19.18 31.84 2.38 16.33 7.32 11.25
8 100000.00 28.72 15.68 28.27 0.33 28.27 15.63 9.18 17.08 31.82 16.42 33.46 24.97 11.30 8.40 100000.00 100000.00 10.27 100000.00 2.85 11.35 13.86 100000.00 21.75 8.80
9 100000.00 43.80 55.44 22.83 16.24 35.36 43.31 28.15 29.07 47.16 11.79 44.76 36.70 15.11 100000.00 7.10 100000.00 18.47 100000.00 12.92 15.68 100000.00 8.13 9.67 23.92
10 100000.00 39.41 5.40 16.66 5.17 25.54 22.17 15.12 10.60 12.69 14.07 20.53 28.16 11.86 2.66 6.11 1.10 17.79 10.27 5.43 5.98 4.67 9.11 13.38 12.34
11 100000.00 18.17 2.17 0.28 10.04 0.40 16.65 20.64 10.45 17.88 3.74 14.50 18.15 8.47 0.50 0.10 5.41 0.10 8.01 9.29 6.22 6.76 1.32 3.18 7.58
12 100000.00 15.53 8.09 9.89 6.29 8.03 6.20 12.84 8.37 11.25 11.08 10.90 7.66 6.94 2.87 4.19 2.76 2.17 1.77 6.86 4.29 5.04 7.49 7.12 2.74
13 100000.00 6.03 10.67 2.58 9.24 8.65 4.30 3.11 5.65 6.32 0.28 10.54 11.56 100000.00 4.61 0.96 6.36 2.79 2.77 0.67 3.56 1.69 100000.00 3.37 8.01
14 100000.00 12.49 17.51 2.89 18.81 0.88 19.50 27.37 23.74 5.20 19.57 9.81 25.50 3.32 7.73 1.07 4.57 0.18 12.02 12.02 7.39 3.10 11.89 4.29 9.20
15 100000.00 13.44 7.87 4.73 6.10 6.54 1.50 6.11 4.88 7.10 7.16 19.22 2.30 7.30 2.03 2.61 3.99 1.63 0.56 2.33 1.43 4.22 3.97 6.53 1.40
16 100000.00 12.68 2.39 6.14 0.64 0.51 2.49 0.78 4.67 7.71 7.12 4.38 8.48 8.56 0.87 1.82 100000.00 100000.00 100000.00 0.27 1.91 1.99 3.46 2.79 100000.00
17 100000.00 0.60 16.08 23.49 19.23 24.15 1.88 13.60 5.05 14.71 20.36 28.89 16.21 0.30 10.06 5.12 7.19 14.02 0.52 9.21 1.69 6.58 13.92 15.22 10.62
18 100000.00 15.49 1.96 3.65 16.54 1.51 16.18 6.93 7.12 1.67 1.84 3.19 22.04 7.03 0.88 1.63 10.23 100000.00 100000.00 100000.00 3.00 0.41 0.77 1.41 15.15
19 100000.00 0.70 19.03 15.82 11.24 3.83 13.14 4.36 10.03 14.84 8.36 2.30 16.05 0.16 10.59 9.18 2.64 2.34 5.94 1.99 5.40 5.96 2.41 0.73 11.13
20 100000.00 7.53 4.69 0.09 1.86 5.96 3.35 0.73 6.38 0.94 5.02 4.32 4.11 3.90 2.01 0.04 0.85 1.77 2.11 0.33 3.93 0.63 3.26 1.96 0.92
21 100000.00 9.08 2.22 4.15 0.61 10.81 6.27 10.35 4.77 6.49 5.14 1.52 0.08 5.82 0.83 1.28 0.17 6.44 3.37 2.59 1.55 3.03 2.44 0.69 0.05
22 100000.00 0.95 19.22 17.24 8.79 16.12 0.92 11.91 13.93 3.92 4.99 16.94 3.43 0.28 13.40 5.48 3.05 5.09 0.61 2.63 3.87 2.15 3.10 7.24 1.39
23 100000.00 7.28 9.12 5.22 1.53 4.00 10.67 2.61 11.67 9.15 5.61 9.97 9.72 3.96 5.51 1.22 0.34 0.85 6.75 1.04 3.26 5.03 3.83 6.43 5.25
24 100000.00 16.23 4.58 22.64 0.13 21.62 4.36 14.70 16.55 17.90 19.60 11.87 19.91 7.47 2.79 5.09 0.08 12.47 1.14 7.54 5.92 10.19 100000.00 5.36 8.14
25 100000.00 14.87 11.81 20.13 18.10 19.30 9.38 22.22 10.33 21.13 2.97 19.27 8.16 6.05 6.27 12.12 6.23 10.63 2.21 9.14 3.52 13.20 1.93 12.38 3.68
26 100000.00 24.01 5.10 11.03 9.91 0.19 14.49 20.45 4.47 0.58 4.88 12.92 12.41 100000.00 2.85 6.87 100000.00 0.09 9.46 13.00 100000.00 100000.00 2.83 4.38 100000.00
27 100000.00 10.09 19.84 0.15 2.98 1.62 7.67 6.32 9.82 3.62 5.71 14.65 6.13 4.33 12.51 0.04 1.37 0.68 5.01 1.70 2.24 1.82 3.91 5.03 1.74
28 100000.00 9.52 31.11 5.07 6.40 32.92 46.44 42.13 17.48 10.30 26.20 55.82 42.59 5.38 13.33 2.05 3.20 11.40 15.23 16.67 3.86 6.20 14.66 22.14 11.86
29 100000.00 9.71 8.31 8.29 17.68 0.34 0.25 3.91 10.33 2.15 17.38 5.83 2.88 2.88 2.26 1.78 9.80 0.08 0.16 1.22 5.05 1.10 8.23 1.77 1.80
30 100000.00 1.49 19.91 9.79 7.00 11.40 24.73 12.05 22.86 7.78 2.92 15.19 25.33 0.72 13.68 3.88 3.03 4.63 6.16 2.82 14.00 4.29 0.69 4.03 11.03
31 100000.00 13.51 13.66 13.71 13.44 9.55 8.72 22.93 18.22 12.32 5.57 18.55 14.41 8.19 6.40 5.52 8.27 3.35 2.88 9.55 11.33 4.98 3.76 8.12 4.09
32 100000.00 16.50 11.61 12.24 11.64 10.85 0.96 1.73 3.77 12.87 9.41 2.04 4.15 4.02 4.32 7.97 2.34 100000.00 0.67 1.00 100000.00 6.63 5.90 0.85 1.40
33 100000.00 3.25 9.47 6.36 14.66 9.88 2.57 7.73 5.04 6.18 9.36 17.22 1.62 0.95 3.89 2.14 10.14 5.48 1.48 2.47 3.38 1.32 5.45 5.69 0.55
34 100000.00 5.19 24.24 4.79 5.47 19.29 22.16 25.87 25.83 7.53 20.98 26.06 12.92 2.67 14.48 1.85 2.69 13.40 100000.00 9.82 11.37 3.30 8.08 6.82 5.76
35 100000.00 24.85 32.99 6.07 4.47 7.40 18.42 23.75 23.77 31.74 7.81 18.15 37.81 7.66 17.21 1.49 2.34 3.72 7.72 12.64 7.30 16.27 1.93 4.72 17.95
36 100000.00 34.74 4.72 23.15 8.08 16.72 15.14 0.52 13.67 36.22 9.38 22.21 38.80 9.60 2.56 11.70 4.96 9.60 6.10 0.15 4.90 16.35 5.55 9.88 20.28
37 100000.00 22.60 11.64 21.78 6.94 10.75 4.70 16.20 12.18 12.76 0.94 26.46 24.75 15.56 3.53 5.47 3.06 7.27 2.66 6.93 7.32 7.53 0.28 5.31 12.14
38 100000.00 3.34 6.97 29.82 13.08 21.00 11.55 37.49 24.53 12.80 1.07 17.08 10.19 1.66 100000.00 18.43 7.03 100000.00 7.10 11.56 100000.00 4.56 0.70 9.69 2.80
39 100000.00 6.31 27.18 16.38 15.87 9.84 2.58 1.88 10.27 13.24 2.06 31.43 16.52 2.13 13.57 8.71 9.12 3.47 100000.00 1.12 4.16 100000.00 100000.00 7.80 7.11
40 100000.00 1.75 15.70 8.55 8.35 14.30 14.41 1.94 7.64 20.09 8.14 13.71 20.26 1.01 100000.00 100000.00 100000.00 7.17 8.77 100000.00 1.60 11.29 2.69 100000.00 11.24
41 100000.00 6.29 6.11 6.68 12.50 11.40 1.21 6.02 0.81 0.70 6.81 2.63 6.54 4.09 4.22 3.99 7.42 4.25 0.34 1.21 0.46 0.17 3.44 1.44 3.42
42 100000.00 19.02 7.30 23.31 0.16 24.25 15.45 21.02 16.38 27.08 22.90 31.69 20.39 6.24 3.84 100000.00 100000.00 10.67 6.06 100000.00 6.56 8.49 15.77 12.91 100000.00
43 100000.00 2.89 1.32 2.91 14.07 3.98 0.11 19.53 16.40 2.85 16.98 0.32 15.31 1.75 0.37 1.12 8.38 1.12 0.06 10.47 3.48 1.75 6.03 0.13 3.90
44 100000.00 5.00 13.53 8.35 7.95 9.32 13.59 0.76 6.44 10.75 4.06 11.28 10.48 2.67 9.42 2.45 2.30 2.23 7.01 0.48 2.54 4.12 2.10 6.16 5.19
45 100000.00 9.89 17.75 9.42 6.29 3.84 6.85 14.41 5.73 10.95 2.72 7.07 14.86 6.39 3.71 5.25 1.59 2.58 3.47 7.96 3.50 2.99 0.68 3.56 3.61
46 100000.00 6.02 13.33 6.09 10.37 2.22 5.83 4.71 7.99 5.75 6.47 15.39 4.69 1.30 7.70 3.15 100000.00 1.54 1.24 1.76 2.40 2.68 2.78 9.15 1.20
47 100000.00 13.92 12.31 13.20 4.56 13.07 4.53 19.37 5.96 2.98 4.50 15.83 8.27 9.36 7.52 5.00 2.34 5.57 2.41 11.67 2.79 100000.00 100000.00 8.20 100000.00
48 100000.00 15.35 7.34 2.70 9.53 11.87 13.11 13.66 10.78 9.03 4.05 19.69 12.45 7.72 3.93 0.56 6.59 5.25 7.63 5.13 6.66 5.88 2.30 13.30 3.00
49 100000.00 1.60 3.76 10.80 12.72 8.63 12.80 17.72 4.33 3.93 4.45 6.54 10.41 0.91 1.66 3.01 3.41 3.47 5.24 5.87 0.92 1.71 1.78 1.35 4.78
50 100000.00 10.11 6.00 14.94 3.26 4.96 9.87 14.24 7.35 2.55 12.34 0.77 17.96 5.71 1.76 100000.00 1.37 2.36 100000.00 4.95 2.96 100000.00 100000.00 0.38 5.40
51 100000.00 17.20 7.98 4.41 6.91 14.01 13.20 10.11 8.77 1.82 12.56 8.78 8.61 5.37 3.70 1.46 100000.00 100000.00 5.29 100000.00 100000.00 100000.00 100000.00 5.65 4.90
52 100000.00 0.37 0.25 6.51 3.77 7.15 8.17 18.78 5.14 14.99 2.36 15.80 1.43 0.26 0.10 100000.00 1.69 100000.00 100000.00 10.38 100000.00 5.48 0.87 3.70 0.30
53 100000.00 8.23 19.46 5.81 1.86 15.19 6.18 7.82 11.18 15.40 15.04 4.10 11.26 3.49 10.13 3.39 0.80 7.67 3.30 3.39 4.83 10.57 9.49 2.63 3.49
54 100000.00 15.62 18.81 6.38 5.96 15.41 9.31 4.71 6.87 13.16 10.97 7.31 8.50 9.61 11.94 2.30 3.56 7.76 6.48 1.58 4.41 6.73 6.94 4.53 3.31
55 100000.00 13.67 2.12 8.35 4.82 7.53 6.18 12.69 8.59 9.62 2.12 6.94 1.86 8.85 0.88 2.85 2.28 3.09 4.02 7.15 3.54 4.99 0.54 4.30 1.14
56 100000.00 0.22 2.74 7.66 7.00 2.83 3.31 18.79 5.45 8.81 0.19 12.37 7.66 0.08 1.75 1.91 3.28 1.03 1.05 9.92 3.47 2.82 0.10 6.89 4.44
57 100000.00 11.69 13.84 7.92 9.51 12.27 9.98 7.84 2.52 16.43 10.87 14.64 5.61 7.50 8.99 3.43 2.36 100000.00 6.47 100000.00 1.75 5.21 100000.00 4.09 1.96
58 100000.00 11.69 2.08 7.88 9.02 15.37 3.02 7.04 0.31 5.92 7.25 2.42 2.75 5.84 100000.00 1.71 100000.00 5.92 1.73 100000.00 100000.00 100000.00 100000.00 0.89 1.84
59 100000.00 5.66 14.40 0.64 7.60 6.24 6.22 5.97 3.14 3.54 8.34 7.26 2.32 2.72 6.10 0.34 3.66 100000.00 1.73 2.66 1.89 100000.00 3.08 2.40 0.68
60 100000.00 10.93 13.76 3.03 12.59 11.34 9.36 11.20 4.43 13.05 5.90 12.91 10.72 5.50 8.49 0.85 6.66 3.34 2.21 3.66 1.68 6.14 2.18 7.33 5.92
61 100000.00 3.01 4.97 8.18 5.71 3.94 1.11 14.44 6.84 7.51 6.53 1.08 1.06 100000.00 2.82 3.58 1.58 2.35 100000.00 4.00 100000.00 2.75 100000.00 100000.00 0.39
62 100000.00 6.52 2.49 4.97 11.76 11.93 8.10 4.62 10.62 1.53 4.58 14.76 2.81 4.14 0.69 1.29 4.03 4.63 1.69 1.13 2.82 0.47 2.65 6.41 0.72
63 100000.00 2.44 2.22 11.86 7.07 14.21 3.24 0.25 5.28 12.67 13.67 0.07 13.16 1.15 1.10 6.94 4.73 6.09 0.77 0.12 2.50 3.25 9.20 0.03 7.04
64 100000.00 5.34 17.63 12.19 15.19 4.87 13.71 3.99 5.65 4.20 4.07 15.57 12.45 2.36 100000.00 7.99 6.03 2.36 100000.00 1.06 100000.00 2.29 100000.00 100000.00 7.66
65 100000.00 0.81 18.48 1.85 5.46 14.89 13.49 15.93 13.43 16.20 14.82 18.33 4.00 0.28 9.36 1.07 3.34 3.29 5.06 8.73 5.12 4.52 5.70 8.10 0.83
66 100000.00 3.36 1.26 5.37 7.19 3.29 1.07 17.46 0.12 15.71 7.40 4.04 14.43 0.87 0.52 3.32 100000.00 2.02 0.44 4.60 100000.00 100000.00 1.79 2.74 100000.00
67 100000.00 8.57 13.23 7.65 1.74 6.53 5.87 0.12 0.75 3.11 8.14 10.00 14.11 5.45 4.72 5.04 1.16 2.70 3.44 0.06 0.18 1.71 3.02 2.88 5.96
68 100000.00 10.05 2.54 2.77 2.75 10.10 1.43 7.97 2.52 15.70 1.56 17.29 4.68 4.59 1.63 0.90 1.63 7.03 0.63 4.93 100000.00 3.64 0.96 4.18 3.26
69 100000.00 11.67 14.43 5.64 0.53 12.75 6.36 2.39 7.22 14.17 8.03 14.97 9.26 6.53 4.13 3.45 0.16 6.77 3.70 1.53 4.70 4.02 3.18 5.28 6.26
70 100000.00 12.78 7.40 7.40 17.69 2.94 10.90 16.07 1.69 2.19 12.33 17.08 22.79 7.84 4.70 100000.00 6.19 0.92 7.16 5.60 100000.00 100000.00 100000.00 5.63 12.10
71 100000.00 5.36 10.73 0.21 5.05 1.33 9.23 6.11 0.67 6.89 2.63 2.36 4.25 1.97 3.13 0.10 1.08 0.43 5.15 3.51 0.41 3.77 1.73 0.89 2.37
72 100000.00 43.29 16.58 23.83 7.54 1.60 23.68 39.78 4.01 14.61 33.14 42.25 32.15 23.88 6.22 11.90 2.78 0.37 15.92 14.59 2.34 9.80 19.38 15.38 17.59
73 100000.00 17.14 22.47 23.76 23.28 8.70 22.40 4.69 26.11 32.16 2.43 26.63 36.30 100000.00 7.76 100000.00 9.71 100000.00 10.49 1.04 8.71 100000.00 1.38 13.12 100000.00
74 100000.00 30.91 7.82 1.58 12.03 43.55 46.88 69.70 11.38 56.63 43.09 20.63 31.01 18.10 5.37 0.55 3.47 23.23 28.15 100000.00 6.39 100000.00 29.82 9.84 9.62
75 100000.00 3.83 19.10 10.17 12.37 14.02 12.63 15.63 2.36 16.33 11.22 5.80 12.41 100000.00 7.10 6.38 7.50 4.41 2.55 6.22 1.09 100000.00 100000.00 2.37 8.43
76 100000.00 7.33 9.51 6.65 8.88 1.39 2.63 10.95 5.95 4.60 8.62 11.34 0.23 2.35 3.49 3.81 3.71 0.44 1.81 6.53 2.04 2.89 2.95 6.77 0.12
77 100000.00 6.73 6.51 16.09 6.14 1.05 16.39 20.77 12.95 12.02 12.02 8.40 13.07 2.49 4.12 9.53 2.78 0.42 3.77 11.12 7.52 5.74 7.51 3.96 8.21
78 100000.00 18.19 24.29 0.84 19.87 0.28 9.23 8.75 12.32 21.98 9.08 8.16 29.05 6.66 5.11 0.25 9.14 0.15 3.69 4.79 6.62 7.30 2.23 2.77 9.20
79 100000.00 8.55 2.45 7.20 1.91 4.37 5.40 4.93 5.65 9.16 2.78 6.78 2.11 2.99 0.88 1.83 0.79 1.34 2.37 2.77 1.14 5.86 1.47 4.23 0.99
80 100000.00 34.86 63.63 35.05 35.05 4.39 4.58 8.21 7.77 28.65 34.58 60.96 20.12 7.84 100000.00 23.56 100000.00 100000.00 2.05 4.27 5.11 14.55 100000.00 18.23 100000.00
81 100000.00 11.87 13.99 4.67 6.47 8.77 8.34 13.28 11.37 9.65 4.59 1.16 1.31 7.61 6.37 100000.00 100000.00 2.17 4.82 2.74 100000.00 4.10 2.77 100000.00 0.53
82 100000.00 35.47 9.88 7.39 25.59 22.23 5.63 17.31 17.47 28.03 33.38 13.48 20.62 11.96 5.07 100000.00 100000.00 100000.00 100000.00 100000.00 100000.00 10.37 17.26 8.28 8.96
83 100000.00 79.67 105.28 67.58 9.70 33.12 65.39 9.19 10.11 4.44 39.00 101.43 116.40 38.97 56.95 20.44 100000.00 100000.00 26.64 3.21 4.37 100000.00 10.33 55.88 52.38
<task rigidity>
1 5
2 2
3 6
4 2
5 3
6 9
7 5
8 2
9 3
10 2
11 8
12 5
13 4
14 9
15 3
16 7
17 6
18 3
19 6
20 2
21 7
22 9
23 10
24 9
25 8
26 1
27 8
28 7
29 5
30 1
31 6
32 3
33 4
34 6
35 1
36 1
37 4
38 4
39 7
40 10
41 7
42 8
43 1
44 2
45 9
46 2
47 10
48 4
49 6
50 1
51 10
52 3
53 3
54 4
55 4
56 5
57 4
58 2
59 2
60 5
61 1
62 9
63 1
64 1
65 6
66 6
67 2
68 5
69 6
70 5
71 9
72 1
73 4
74 1
75 10
76 9
77 3
78 4
79 3
80 9
81 7
82 1
83 7
<precedence relations>
1,2
2,3
2,4
2,5
3,6
4,6
4,7
5,8
6,9
6,10
7,11
8,77
8,78
9,12
10,13
10,14
10,25
11,15
12,16
13,17
13,18
13,20
14,19
15,20
15,39
16,77
16,78
17,21
17,22
17,28
18,23
19,24
20,26
21,27
22,27
23,74
24,28
24,29
25,32
26,74
27,69
28,32
29,30
30,31
31,39
32,33
32,34
32,35
32,36
33,37
34,77
34,78
35,77
35,78
36,38
36,39
37,40
38,41
39,42
39,43
39,44
39,75
40,77
40,78
41,45
42,77
42,78
43,77
43,78
44,46
45,47
46,48
47,49
48,50
49,69
50,51
51,52
52,53
53,54
54,55
55,56
56,57
57,58
58,59
59,60
60,61
61,62
62,63
63,64
64,65
65,66
66,67
67,68
68,74
68,75
69,70
69,71
70,72
71,73
72,73
73,74
73,75
74,76
75,76
76,77
76,78
77,79
78,79
79,80
79,81
80,82
81,83
82,83
<end>