<number of tasks>
89
<number of stations>
12
<number of workers>
12
<type of the robots>
1
<limit of the robots>
6
<task times>
1 1 1 1 1 1 1 1 1 1 1 1 1 1 1 1 1 1 1 1 1 1 1 1 1 1
2 100000 2 2 1 2 2 2 2 1 1 2 1 2 2 2 100000 100000 2 2 2 100000 100000 2 1 100000
3 4 3 3 3 1 2 1 2 2 1 1 2 1 2 3 3 1 2 1 2 2 1 1 2 1
4 100000 1 4 3 1 1 2 4 1 1 1 4 4 1 3 3 1 1 2 100000 1 1 1 3 3
5 100000 5 5 4 3 2 1 5 5 3 4 4 2 4 4 100000 3 2 100000 4 4 2 3 3 100000
6 8 5 3 5 4 4 3 5 2 5 2 6 6 4 3 4 3 3 3 4 2 4 2 4 4
7 9 3 4 1 3 6 1 1 1 1 5 3 2 2 3 1 2 4 1 1 1 1 4 3 2
8 100000 2 8 3 7 6 8 7 1 3 7 1 5 2 6 100000 5 100000 100000 5 100000 2 5 1 100000
9 100000 6 8 2 8 6 1 3 2 8 5 5 2 4 6 2 6 4 1 2 100000 100000 4 100000 100000
10 13 9 2 2 8 10 10 1 3 4 5 1 7 6 2 2 5 7 7 1 3 3 4 1 5
11 1 1 1 1 1 1 1 1 1 1 1 1 1 1 1 1 1 1 1 1 1 1 1 1 1
12 2 1 2 1 2 2 1 1 2 1 2 2 2 1 2 1 2 2 1 1 2 1 2 2 2
13 4 3 1 1 3 1 3 1 3 3 2 3 1 3 1 1 2 1 2 1 2 3 2 2 1
14 5 3 3 4 4 4 3 3 1 4 3 3 4 3 2 3 3 3 2 2 1 3 3 2 3
15 7 4 5 2 1 5 5 5 1 2 1 1 4 3 4 2 1 4 4 4 1 2 1 1 3
16 7 1 4 1 2 1 5 5 2 1 2 2 5 1 3 1 2 1 4 4 2 1 2 2 4
17 100000 5 5 6 4 7 5 5 5 2 7 3 2 100000 4 100000 3 5 100000 100000 4 2 5 100000 100000
18 10 5 2 5 7 4 1 3 8 3 2 3 8 4 2 4 5 3 1 2 6 2 2 3 5
19 11 2 1 9 6 4 5 5 9 4 2 8 8 2 1 7 4 3 4 4 6 3 2 6 5
20 14 1 9 5 4 2 3 1 9 6 9 7 7 1 6 4 3 2 2 1 7 4 6 5 5
21 100000 1 1 1 1 1 1 1 1 1 1 1 1 1 100000 1 1 1 1 100000 100000 1 100000 1 1
22 2 1 2 1 2 2 2 1 2 2 1 2 1 1 2 1 2 2 2 1 2 2 1 2 1
23 100000 1 2 3 3 2 3 2 3 2 3 2 1 1 2 2 2 100000 3 100000 3 2 2 2 100000
24 5 2 4 3 4 4 4 1 2 1 3 4 1 2 3 2 3 3 3 1 2 1 2 3 1
25 6 2 4 1 5 5 3 2 4 2 2 3 2 2 3 1 4 4 3 2 3 2 2 2 2
26 100000 5 6 6 3 3 6 5 6 1 6 4 3 4 4 4 100000 3 4 100000 4 1 4 3 3
27 9 5 3 6 7 6 2 7 6 6 1 5 6 4 3 4 5 5 2 5 4 5 1 4 4
28 11 1 8 3 1 7 2 7 8 4 8 8 6 1 6 2 1 5 2 5 5 3 6 6 5
29 11 7 1 3 8 3 2 1 4 2 9 9 5 5 1 3 5 2 2 1 3 2 6 7 4
30 13 9 7 3 3 7 3 6 8 5 7 4 1 6 5 2 2 5 2 4 5 4 5 3 1
31 1 1 1 1 1 1 1 1 1 1 1 1 1 1 1 1 1 1 1 1 1 1 1 1 1
32 2 1 2 1 2 1 1 1 1 1 2 1 1 1 2 1 2 1 1 1 1 1 2 1 1
33 3 3 1 1 2 2 2 3 1 3 2 3 3 2 1 1 2 2 2 3 1 3 2 2 2
34 5 1 1 2 3 1 3 3 4 2 4 1 1 1 1 2 3 1 2 2 3 2 3 1 1
35 7 4 2 3 4 3 5 3 1 2 4 2 3 3 2 3 3 2 4 2 1 2 3 2 2
36 8 3 1 5 3 6 5 1 5 5 5 3 6 2 1 4 2 4 4 1 4 4 4 2 4
37 9 1 5 2 2 3 7 5 5 4 7 1 4 1 4 2 2 2 5 4 4 3 5 1 3
38 10 8 6 8 5 8 6 8 1 3 8 2 2 6 4 5 4 6 4 5 1 2 6 2 2
39 12 4 7 6 8 1 6 6 1 5 7 1 6 3 5 5 6 1 4 4 1 4 5 1 4
40 14 10 2 7 8 6 4 7 6 7 8 3 3 7 2 5 5 5 3 5 4 5 5 2 3
41 100000 1 1 1 1 1 1 1 1 1 1 1 1 100000 100000 1 1 1 100000 1 1 1 100000 100000 1
42 100000 1 2 1 1 2 2 1 2 2 1 1 2 100000 2 1 1 2 100000 100000 2 2 100000 100000 2
43 4 1 3 3 1 3 1 2 3 3 2 3 1 1 2 2 1 3 1 2 2 2 2 2 1
44 5 1 1 1 1 2 1 1 4 4 4 1 4 1 1 1 1 2 1 1 3 3 3 1 3
45 7 4 5 4 2 5 4 4 3 2 2 3 1 3 4 3 2 4 3 3 2 2 2 3 1
46 100000 3 4 1 4 4 5 5 4 1 1 6 3 3 3 1 3 3 4 4 3 1 1 5 100000
47 9 2 7 1 1 1 7 7 7 5 3 7 1 2 5 1 1 1 5 5 5 4 3 5 1
48 10 8 5 4 3 5 2 7 5 3 4 1 1 6 4 3 3 4 2 5 4 3 3 1 1
49 100000 3 7 5 6 9 8 6 1 8 3 7 7 3 5 100000 5 7 6 5 1 6 3 100000 5
50 100000 7 1 7 9 3 6 6 4 7 1 4 5 5 1 5 100000 3 4 4 3 5 1 100000 4
51 1 1 1 1 1 1 1 1 1 1 1 1 1 1 1 1 1 1 1 1 1 1 1 1 1
52 100000 1 1 1 2 2 1 2 1 2 2 2 2 1 1 1 2 2 100000 2 1 2 2 100000 2
53 100000 2 2 2 1 1 1 1 2 2 1 2 2 2 2 2 100000 1 1 1 2 2 1 100000 100000
54 100000 2 1 3 3 4 3 4 2 4 1 2 2 2 1 100000 100000 3 3 100000 100000 3 1 2 2
55 6 3 5 3 1 1 4 3 2 1 4 5 4 3 4 3 1 1 3 3 2 1 3 4 3
56 8 3 6 5 5 4 5 4 6 5 1 4 3 3 5 4 4 3 4 3 4 4 1 3 2
57 9 2 7 5 7 2 4 7 5 4 3 3 1 2 5 4 5 2 3 5 4 3 3 2 1
58 100000 6 2 1 7 2 5 4 2 4 1 8 3 5 2 1 100000 2 4 100000 2 100000 1 100000 100000
59 11 5 7 1 1 2 4 2 2 3 7 2 8 4 5 1 1 2 3 2 2 2 5 2 5
60 100000 5 7 5 2 8 10 9 10 4 6 7 7 100000 100000 100000 100000 6 7 7 100000 3 4 5 100000
61 1 1 1 1 1 1 1 1 1 1 1 1 1 1 1 1 1 1 1 1 1 1 1 1 1
62 2 2 2 1 1 1 1 1 2 1 1 2 2 2 2 1 1 1 1 1 2 1 1 2 2
63 100000 1 2 2 2 2 3 2 1 1 1 2 2 1 2 2 100000 2 2 100000 1 100000 1 100000 2
64 100000 1 4 2 2 4 2 4 4 2 4 3 1 1 100000 2 2 100000 2 3 3 2 100000 100000 100000
65 6 3 2 2 3 2 5 1 3 2 3 5 4 3 2 2 3 2 4 1 2 2 2 4 3
66 7 1 1 6 4 2 2 1 2 1 5 1 4 1 1 4 3 2 2 1 2 1 4 1 3
67 100000 7 3 7 1 4 4 6 5 1 4 3 6 5 100000 100000 1 100000 3 4 4 100000 3 2 100000
68 11 6 5 4 3 3 3 3 6 5 8 1 5 5 4 3 3 3 2 2 4 4 6 1 4
69 100000 4 4 6 1 2 9 2 8 3 7 9 3 100000 3 4 1 100000 100000 2 5 100000 5 100000 3
70 100000 6 10 3 2 7 7 9 9 9 3 1 10 4 7 2 2 100000 5 100000 100000 7 100000 1 7
71 1 1 1 1 1 1 1 1 1 1 1 1 1 1 1 1 1 1 1 1 1 1 1 1 1
72 2 2 1 2 2 2 2 2 2 2 2 1 1 2 1 2 2 2 2 2 2 2 2 1 1
73 3 3 1 2 1 3 2 2 3 2 2 2 1 3 1 2 1 2 2 2 2 2 2 2 1
74 5 3 2 4 3 1 2 3 3 2 1 3 4 3 2 3 3 1 2 3 3 2 1 2 3
75 6 4 4 4 3 1 4 1 4 1 5 5 2 3 3 3 2 1 3 1 3 1 4 4 2
76 100000 6 2 5 1 3 1 1 3 4 6 3 5 100000 2 4 1 3 100000 1 100000 100000 100000 2 100000
77 100000 2 4 6 2 7 1 4 5 2 5 6 1 2 3 4 100000 5 1 3 100000 2 4 4 1
78 100000 7 7 4 8 3 7 3 3 4 6 1 8 5 5 100000 6 3 100000 2 100000 3 4 100000 5
79 100000 6 1 6 1 4 4 3 3 9 6 9 7 5 1 100000 1 3 3 100000 3 100000 100000 7 5
80 14 8 2 2 10 1 9 10 2 1 9 8 3 6 2 2 7 1 7 7 2 1 7 5 3
81 1 1 1 1 1 1 1 1 1 1 1 1 1 1 1 1 1 1 1 1 1 1 1 1 1
82 2 1 1 2 1 2 2 2 2 2 2 2 1 1 1 2 1 2 2 2 2 2 2 2 1
83 100000 3 2 2 2 1 1 2 3 3 3 2 3 3 2 2 100000 1 1 2 100000 100000 2 2 3
84 5 2 4 2 1 2 1 3 3 1 1 3 1 2 3 2 1 2 1 3 2 1 1 3 1
85 6 3 1 4 3 2 3 4 1 2 1 1 1 2 1 3 2 2 3 3 1 2 1 1 1
86 7 4 6 5 5 3 3 6 3 6 4 1 5 3 5 4 4 2 2 4 3 4 3 1 4
87 9 5 2 4 2 5 7 6 6 7 3 2 2 4 2 3 2 4 5 4 4 5 2 2 2
88 11 5 7 7 1 4 6 8 6 4 7 6 2 4 5 5 1 3 4 6 4 3 5 4 2
89 11 1 8 5 4 5 3 3 8 9 8 8 8 1 5 4 3 4 2 2 6 7 6 6 6
<posture of tasks>
1 1
2 1
3 0
4 1
5 1
6 1
7 1
8 1
9 1
10 0
11 0
12 0
13 1
14 0
15 1
16 1
17 1
18 1
19 1
20 1
21 0
22 0
23 1
24 1
25 1
26 1
27 0
28 1
29 1
30 1
31 1
32 1
33 1
34 1
35 0
36 0
37 1
38 1
39 0
40 0
41 1
42 1
43 0
44 1
45 0
46 0
47 0
48 0
49 1
50 1
51 1
52 0
53 1
54 1
55 1
56 1
57 1
58 0
59 1
60 1
61 1
62 0
63 1
64 1
65 1
66 1
67 0
68 1
69 1
70 1
71 1
72 1
73 1
74 0
75 1
76 1
77 1
78 0
79 1
80 1
81 0
82 1
83 1
84 0
85 1
86 0
87 1
88 1
89 0
<max energy cosumption of alternatives>
1 100000.00
2 3.20
3 5.39
4 4.80
5 5.05
6 5.28
7 2.37
8 2.60
9 4.82
10 2.60
11 5.36
12 4.36
13 2.39
<energy cosumption of alternatives>
1 100000.00 0.06 0.09 0.09 0.09 0.09 0.06 0.06 0.09 0.07 0.09 0.09 0.06 0.02 0.05 0.03 0.05 0.05 0.02 0.04 0.05 0.04 0.05 0.04 0.04
2 100000.00 0.08 0.10 0.07 0.10 0.10 0.08 0.08 0.07 0.05 0.10 0.07 0.08 0.03 0.05 100000.00 100000.00 0.03 0.04 0.02 100000.00 100000.00 0.02 0.04 100000.00
3 100000.00 0.07 0.09 0.09 0.05 0.07 0.03 0.05 0.07 0.03 0.05 0.07 0.03 0.03 0.05 0.06 0.03 0.05 0.02 0.02 0.03 0.01 0.02 0.02 0.02
4 100000.00 0.05 0.16 0.13 0.07 0.07 0.08 0.14 0.07 0.05 0.07 0.16 0.14 0.02 0.10 0.09 0.05 0.04 0.03 100000.00 0.02 0.02 0.03 0.09 0.08
5 100000.00 0.16 0.19 0.16 0.13 0.10 0.04 0.16 0.19 0.10 0.16 0.16 0.07 0.07 0.05 100000.00 0.08 0.03 100000.00 0.06 0.07 0.06 0.03 0.08 100000.00
6 100000.00 0.18 0.14 0.20 0.17 0.17 0.12 0.18 0.11 0.18 0.11 0.23 0.18 0.09 0.08 0.12 0.06 0.09 0.04 0.07 0.04 0.07 0.07 0.14 0.11
7 100000.00 0.12 0.17 0.08 0.14 0.24 0.06 0.06 0.08 0.06 0.20 0.14 0.09 0.08 0.08 0.03 0.09 0.11 0.04 0.04 0.02 0.02 0.07 0.06 0.04
8 100000.00 0.07 0.28 0.13 0.25 0.22 0.23 0.20 0.07 0.10 0.25 0.07 0.16 0.04 0.14 100000.00 0.06 100000.00 100000.00 0.10 100000.00 0.03 0.08 0.02 100000.00
9 100000.00 0.17 0.28 0.09 0.28 0.22 0.04 0.10 0.09 0.23 0.18 0.19 0.07 0.09 0.13 0.06 0.08 0.11 0.03 0.05 100000.00 100000.00 0.06 100000.00 100000.00
10 100000.00 0.20 0.08 0.08 0.22 0.26 0.22 0.03 0.10 0.10 0.15 0.06 0.15 0.12 0.04 0.05 0.04 0.10 0.09 0.02 0.05 0.05 0.04 0.03 0.05
11 100000.00 0.05 0.07 0.07 0.07 0.07 0.05 0.05 0.07 0.05 0.07 0.07 0.05 0.03 0.02 0.02 0.04 0.04 0.03 0.01 0.02 0.02 0.03 0.02 0.01
12 100000.00 0.03 0.07 0.05 0.07 0.07 0.03 0.03 0.07 0.03 0.07 0.07 0.05 0.01 0.02 0.02 0.03 0.03 0.01 0.01 0.03 0.01 0.02 0.05 0.02
13 100000.00 0.11 0.07 0.07 0.13 0.07 0.11 0.05 0.13 0.11 0.10 0.13 0.05 0.05 0.02 0.03 0.06 0.03 0.04 0.02 0.06 0.04 0.05 0.09 0.02
14 100000.00 0.09 0.11 0.13 0.13 0.13 0.09 0.09 0.06 0.11 0.11 0.11 0.11 0.06 0.05 0.05 0.08 0.09 0.06 0.05 0.04 0.04 0.06 0.04 0.04
15 100000.00 0.13 0.19 0.10 0.06 0.19 0.16 0.16 0.07 0.07 0.06 0.07 0.13 0.06 0.06 0.05 0.03 0.08 0.07 0.04 0.01 0.04 0.03 0.02 0.08
16 100000.00 0.04 0.15 0.06 0.09 0.06 0.15 0.15 0.09 0.04 0.09 0.09 0.15 0.01 0.07 0.01 0.05 0.02 0.08 0.11 0.05 0.02 0.06 0.05 0.10
17 100000.00 0.16 0.18 0.21 0.15 0.25 0.16 0.16 0.18 0.07 0.24 0.12 0.07 100000.00 0.12 100000.00 0.09 0.12 100000.00 100000.00 0.06 0.02 0.09 100000.00 100000.00
18 100000.00 0.15 0.09 0.18 0.24 0.15 0.03 0.09 0.27 0.09 0.09 0.12 0.22 0.06 0.05 0.07 0.05 0.07 0.02 0.02 0.11 0.03 0.02 0.06 0.14
19 100000.00 0.07 0.06 0.31 0.21 0.16 0.16 0.16 0.31 0.13 0.09 0.28 0.22 0.03 0.04 0.14 0.05 0.06 0.04 0.05 0.06 0.03 0.04 0.12 0.11
20 100000.00 0.05 0.32 0.20 0.16 0.11 0.11 0.05 0.32 0.20 0.32 0.26 0.20 0.02 0.19 0.12 0.07 0.06 0.03 0.01 0.14 0.08 0.18 0.07 0.13
21 100000.00 0.04 0.06 0.06 0.06 0.06 0.04 0.04 0.06 0.04 0.06 0.06 0.04 0.02 100000.00 0.03 0.02 0.03 0.02 100000.00 100000.00 0.01 100000.00 0.03 0.03
22 100000.00 0.04 0.08 0.05 0.08 0.08 0.06 0.04 0.08 0.06 0.05 0.08 0.04 0.01 0.05 0.01 0.03 0.02 0.02 0.02 0.02 0.02 0.03 0.03 0.02
23 100000.00 0.04 0.09 0.12 0.12 0.09 0.10 0.07 0.12 0.07 0.12 0.09 0.04 0.02 0.05 0.03 0.06 100000.00 0.04 100000.00 0.03 0.01 0.04 0.04 100000.00
24 100000.00 0.07 0.16 0.13 0.16 0.16 0.13 0.04 0.10 0.04 0.13 0.16 0.04 0.02 0.10 0.05 0.10 0.11 0.06 0.01 0.05 0.02 0.06 0.11 0.02
25 100000.00 0.08 0.16 0.07 0.19 0.19 0.10 0.08 0.16 0.08 0.10 0.13 0.08 0.02 0.06 0.03 0.08 0.12 0.04 0.02 0.05 0.02 0.05 0.09 0.03
26 100000.00 0.16 0.22 0.21 0.12 0.12 0.17 0.16 0.22 0.04 0.21 0.15 0.10 0.04 0.09 0.11 100000.00 0.04 0.06 100000.00 0.09 0.02 0.14 0.08 0.07
27 100000.00 0.13 0.10 0.17 0.20 0.17 0.06 0.15 0.17 0.15 0.06 0.15 0.13 0.09 0.04 0.05 0.08 0.10 0.03 0.07 0.08 0.06 0.02 0.08 0.08
28 100000.00 0.04 0.28 0.13 0.07 0.25 0.07 0.20 0.28 0.13 0.28 0.28 0.17 0.01 0.08 0.03 0.02 0.17 0.03 0.11 0.13 0.09 0.11 0.11 0.04
29 100000.00 0.20 0.07 0.13 0.28 0.13 0.08 0.05 0.16 0.08 0.31 0.31 0.16 0.08 0.04 0.04 0.14 0.09 0.03 0.03 0.09 0.03 0.11 0.08 0.07
30 100000.00 0.25 0.25 0.12 0.12 0.25 0.10 0.16 0.28 0.16 0.25 0.15 0.04 0.06 0.15 0.03 0.03 0.06 0.03 0.11 0.15 0.06 0.13 0.08 0.03
31 100000.00 0.05 0.08 0.07 0.07 0.08 0.05 0.05 0.08 0.05 0.07 0.08 0.05 0.03 0.03 0.04 0.03 0.05 0.03 0.04 0.04 0.03 0.04 0.03 0.02
32 100000.00 0.06 0.11 0.08 0.11 0.08 0.06 0.06 0.08 0.06 0.11 0.08 0.06 0.02 0.05 0.02 0.04 0.03 0.02 0.03 0.04 0.02 0.05 0.05 0.02
33 100000.00 0.10 0.06 0.06 0.09 0.09 0.07 0.10 0.06 0.10 0.09 0.12 0.10 0.05 0.02 0.02 0.06 0.05 0.05 0.05 0.02 0.03 0.06 0.08 0.04
34 100000.00 0.04 0.07 0.10 0.13 0.07 0.10 0.10 0.16 0.07 0.16 0.07 0.04 0.02 0.02 0.03 0.07 0.04 0.05 0.02 0.05 0.04 0.07 0.03 0.02
35 100000.00 0.10 0.08 0.10 0.12 0.10 0.13 0.08 0.05 0.06 0.12 0.08 0.08 0.06 0.02 0.05 0.04 0.02 0.04 0.04 0.04 0.04 0.04 0.02 0.05
36 100000.00 0.09 0.07 0.16 0.11 0.18 0.14 0.05 0.16 0.14 0.16 0.11 0.14 0.03 0.05 0.04 0.07 0.08 0.07 0.01 0.10 0.05 0.05 0.02 0.08
37 100000.00 0.06 0.20 0.11 0.11 0.14 0.21 0.17 0.20 0.14 0.26 0.08 0.14 0.02 0.09 0.05 0.06 0.09 0.09 0.08 0.12 0.03 0.14 0.03 0.04
38 100000.00 0.24 0.24 0.29 0.20 0.30 0.18 0.24 0.08 0.12 0.29 0.11 0.09 0.08 0.11 0.06 0.05 0.11 0.06 0.10 0.03 0.08 0.16 0.03 0.05
39 100000.00 0.12 0.21 0.18 0.23 0.07 0.14 0.14 0.07 0.14 0.21 0.07 0.14 0.06 0.07 0.12 0.13 0.04 0.04 0.03 0.04 0.07 0.12 0.02 0.06
40 100000.00 0.21 0.07 0.19 0.21 0.16 0.10 0.14 0.16 0.14 0.21 0.09 0.07 0.08 0.02 0.08 0.10 0.09 0.05 0.05 0.08 0.05 0.13 0.06 0.03
41 100000.00 0.05 0.07 0.07 0.07 0.07 0.05 0.05 0.07 0.05 0.07 0.07 0.05 100000.00 100000.00 0.02 0.02 0.02 100000.00 0.01 0.02 0.01 100000.00 100000.00 0.03
42 100000.00 0.05 0.10 0.07 0.07 0.10 0.08 0.05 0.10 0.08 0.07 0.07 0.08 100000.00 0.03 0.04 0.03 0.07 100000.00 100000.00 0.04 0.05 100000.00 100000.00 0.04
43 100000.00 0.05 0.11 0.11 0.07 0.11 0.05 0.07 0.11 0.09 0.09 0.11 0.05 0.03 0.03 0.08 0.04 0.07 0.02 0.02 0.05 0.06 0.04 0.06 0.02
44 100000.00 0.05 0.07 0.07 0.07 0.10 0.05 0.05 0.16 0.14 0.16 0.07 0.14 0.03 0.03 0.05 0.04 0.06 0.02 0.03 0.07 0.07 0.04 0.03 0.04
45 100000.00 0.10 0.14 0.12 0.07 0.14 0.10 0.10 0.10 0.05 0.07 0.10 0.03 0.05 0.06 0.04 0.03 0.08 0.04 0.03 0.06 0.03 0.03 0.06 0.02
46 100000.00 0.08 0.13 0.06 0.13 0.13 0.13 0.13 0.13 0.04 0.06 0.17 0.08 0.04 0.03 0.02 0.06 0.06 0.07 0.04 0.07 0.02 0.01 0.09 100000.00
47 100000.00 0.06 0.19 0.06 0.06 0.06 0.15 0.15 0.19 0.13 0.10 0.19 0.04 0.02 0.10 0.02 0.02 0.03 0.05 0.08 0.07 0.09 0.05 0.05 0.02
48 100000.00 0.17 0.15 0.13 0.10 0.15 0.06 0.15 0.15 0.08 0.13 0.06 0.04 0.04 0.03 0.04 0.06 0.09 0.02 0.10 0.05 0.02 0.04 0.01 0.02
49 100000.00 0.11 0.26 0.19 0.22 0.32 0.23 0.17 0.07 0.23 0.13 0.26 0.20 0.02 0.06 100000.00 0.09 0.10 0.14 0.10 0.05 0.05 0.05 100000.00 0.06
50 100000.00 0.21 0.08 0.26 0.32 0.14 0.18 0.18 0.17 0.21 0.08 0.17 0.17 0.13 0.05 0.09 100000.00 0.07 0.11 0.11 0.08 0.05 0.04 100000.00 0.09
51 100000.00 0.05 0.07 0.07 0.07 0.07 0.05 0.05 0.07 0.05 0.07 0.07 0.05 0.03 0.05 0.03 0.03 0.04 0.03 0.02 0.04 0.03 0.03 0.04 0.03
52 100000.00 0.03 0.05 0.05 0.08 0.08 0.03 0.06 0.05 0.06 0.08 0.08 0.06 0.01 0.03 0.03 0.04 0.02 100000.00 0.02 0.02 0.02 0.05 100000.00 0.03
53 100000.00 0.07 0.09 0.09 0.06 0.06 0.04 0.04 0.09 0.07 0.06 0.09 0.07 0.03 0.05 0.04 100000.00 0.04 0.01 0.01 0.04 0.04 0.02 100000.00 100000.00
54 100000.00 0.07 0.07 0.13 0.13 0.16 0.10 0.13 0.10 0.13 0.07 0.10 0.08 0.02 0.05 100000.00 100000.00 0.06 0.04 100000.00 100000.00 0.08 0.04 0.06 0.03
55 100000.00 0.10 0.19 0.12 0.06 0.06 0.13 0.10 0.09 0.04 0.15 0.19 0.13 0.06 0.05 0.08 0.02 0.04 0.04 0.05 0.06 0.02 0.07 0.11 0.08
56 100000.00 0.11 0.23 0.20 0.20 0.17 0.17 0.14 0.23 0.17 0.07 0.17 0.11 0.07 0.16 0.11 0.05 0.06 0.11 0.06 0.15 0.05 0.04 0.04 0.06
57 100000.00 0.08 0.26 0.19 0.25 0.10 0.14 0.20 0.19 0.14 0.13 0.13 0.05 0.04 0.18 0.08 0.13 0.07 0.04 0.13 0.05 0.09 0.09 0.03 0.02
58 100000.00 0.13 0.08 0.05 0.19 0.08 0.13 0.10 0.08 0.10 0.05 0.21 0.08 0.04 0.05 0.03 100000.00 0.05 0.04 100000.00 0.03 100000.00 0.02 100000.00 100000.00
59 100000.00 0.15 0.24 0.06 0.06 0.09 0.12 0.06 0.09 0.09 0.24 0.09 0.22 0.06 0.09 0.03 0.02 0.05 0.07 0.04 0.04 0.06 0.10 0.06 0.14
60 100000.00 0.18 0.27 0.20 0.11 0.30 0.30 0.27 0.36 0.15 0.23 0.26 0.21 100000.00 100000.00 100000.00 100000.00 0.16 0.18 0.17 100000.00 0.06 0.12 0.17 100000.00
61 100000.00 0.05 0.07 0.07 0.07 0.07 0.05 0.05 0.07 0.05 0.07 0.07 0.05 0.03 0.05 0.03 0.04 0.04 0.02 0.02 0.02 0.01 0.03 0.02 0.01
62 100000.00 0.07 0.09 0.07 0.07 0.07 0.05 0.05 0.09 0.05 0.07 0.09 0.07 0.03 0.03 0.02 0.04 0.04 0.02 0.03 0.03 0.03 0.01 0.02 0.02
63 100000.00 0.03 0.08 0.08 0.08 0.08 0.09 0.06 0.05 0.03 0.05 0.08 0.06 0.02 0.02 0.03 100000.00 0.02 0.05 100000.00 0.02 100000.00 0.02 100000.00 0.04
64 100000.00 0.06 0.18 0.11 0.11 0.18 0.09 0.15 0.18 0.09 0.18 0.15 0.06 0.02 100000.00 0.04 0.06 100000.00 0.04 0.07 0.08 0.06 100000.00 100000.00 100000.00
65 100000.00 0.10 0.09 0.09 0.12 0.09 0.15 0.04 0.12 0.07 0.12 0.18 0.13 0.03 0.02 0.04 0.03 0.05 0.03 0.02 0.07 0.04 0.07 0.12 0.06
66 100000.00 0.05 0.08 0.23 0.17 0.11 0.08 0.05 0.11 0.05 0.20 0.08 0.14 0.03 0.02 0.07 0.09 0.03 0.02 0.01 0.03 0.01 0.07 0.03 0.06
67 100000.00 0.14 0.09 0.19 0.05 0.12 0.10 0.12 0.14 0.03 0.12 0.09 0.12 0.03 100000.00 100000.00 0.02 100000.00 0.06 0.04 0.07 100000.00 0.06 0.02 100000.00
68 100000.00 0.17 0.20 0.16 0.13 0.13 0.11 0.11 0.23 0.17 0.28 0.07 0.17 0.06 0.13 0.06 0.03 0.07 0.03 0.05 0.07 0.10 0.07 0.02 0.10
69 100000.00 0.12 0.15 0.21 0.05 0.08 0.24 0.06 0.27 0.09 0.24 0.30 0.09 100000.00 0.05 0.10 0.02 100000.00 100000.00 0.02 0.07 100000.00 0.10 100000.00 0.03
70 100000.00 0.17 0.35 0.13 0.10 0.25 0.20 0.26 0.32 0.26 0.13 0.07 0.29 0.09 0.19 0.06 0.04 100000.00 0.14 100000.00 100000.00 0.17 100000.00 0.02 0.15
71 100000.00 0.06 0.08 0.07 0.07 0.08 0.06 0.06 0.08 0.06 0.07 0.08 0.06 0.03 0.02 0.02 0.04 0.02 0.01 0.03 0.04 0.02 0.05 0.04 0.02
72 100000.00 0.08 0.07 0.10 0.10 0.10 0.08 0.08 0.10 0.08 0.10 0.07 0.05 0.03 0.02 0.04 0.03 0.02 0.02 0.05 0.07 0.05 0.05 0.03 0.02
73 100000.00 0.11 0.08 0.10 0.07 0.14 0.08 0.08 0.14 0.08 0.10 0.11 0.06 0.05 0.05 0.06 0.05 0.07 0.02 0.05 0.06 0.05 0.05 0.04 0.01
74 100000.00 0.07 0.07 0.12 0.10 0.05 0.05 0.07 0.10 0.05 0.05 0.10 0.10 0.03 0.02 0.06 0.06 0.02 0.02 0.02 0.04 0.03 0.01 0.03 0.06
75 100000.00 0.13 0.16 0.15 0.12 0.06 0.13 0.04 0.16 0.04 0.18 0.19 0.07 0.05 0.05 0.05 0.03 0.03 0.06 0.02 0.07 0.03 0.09 0.13 0.02
76 100000.00 0.16 0.10 0.18 0.06 0.13 0.04 0.04 0.13 0.13 0.22 0.12 0.16 100000.00 0.04 0.10 0.02 0.09 100000.00 0.02 100000.00 100000.00 100000.00 0.07 100000.00
77 100000.00 0.09 0.17 0.23 0.11 0.26 0.06 0.15 0.20 0.09 0.20 0.23 0.06 0.04 0.05 0.05 100000.00 0.07 0.02 0.03 100000.00 0.03 0.12 0.07 0.02
78 100000.00 0.17 0.21 0.14 0.23 0.12 0.17 0.10 0.12 0.12 0.18 0.07 0.19 0.07 0.12 100000.00 0.13 0.04 100000.00 0.06 100000.00 0.03 0.10 100000.00 0.11
79 100000.00 0.17 0.07 0.22 0.07 0.16 0.13 0.10 0.13 0.26 0.22 0.31 0.20 0.11 0.05 100000.00 0.04 0.07 0.09 100000.00 0.05 100000.00 100000.00 0.09 0.07
80 100000.00 0.23 0.10 0.10 0.34 0.07 0.26 0.29 0.10 0.05 0.31 0.28 0.11 0.08 0.02 0.05 0.07 0.03 0.15 0.14 0.07 0.03 0.19 0.15 0.08
81 100000.00 0.03 0.05 0.05 0.05 0.05 0.03 0.03 0.05 0.03 0.05 0.05 0.03 0.01 0.02 0.03 0.03 0.04 0.02 0.01 0.01 0.01 0.02 0.03 0.01
82 100000.00 0.03 0.05 0.08 0.05 0.08 0.06 0.06 0.08 0.06 0.08 0.08 0.03 0.01 0.03 0.02 0.03 0.05 0.02 0.03 0.05 0.02 0.03 0.04 0.01
83 100000.00 0.10 0.09 0.09 0.09 0.06 0.04 0.07 0.12 0.10 0.12 0.09 0.10 0.05 0.06 0.05 100000.00 0.02 0.02 0.04 100000.00 100000.00 0.04 0.04 0.04
84 100000.00 0.07 0.14 0.09 0.07 0.09 0.05 0.10 0.12 0.05 0.07 0.12 0.05 0.02 0.03 0.03 0.04 0.03 0.03 0.03 0.05 0.03 0.02 0.07 0.01
85 100000.00 0.11 0.08 0.17 0.14 0.11 0.11 0.14 0.08 0.09 0.08 0.08 0.06 0.04 0.05 0.04 0.08 0.07 0.05 0.09 0.03 0.05 0.02 0.05 0.02
86 100000.00 0.12 0.18 0.16 0.16 0.11 0.09 0.14 0.11 0.16 0.13 0.07 0.14 0.05 0.10 0.05 0.04 0.04 0.03 0.10 0.03 0.09 0.05 0.04 0.06
87 100000.00 0.16 0.10 0.16 0.10 0.19 0.20 0.17 0.22 0.20 0.13 0.10 0.08 0.10 0.03 0.03 0.04 0.13 0.12 0.04 0.05 0.10 0.07 0.04 0.02
88 100000.00 0.15 0.24 0.24 0.06 0.15 0.16 0.22 0.21 0.13 0.24 0.21 0.07 0.05 0.15 0.14 0.04 0.07 0.04 0.14 0.10 0.05 0.10 0.12 0.03
89 100000.00 0.04 0.22 0.15 0.13 0.15 0.08 0.08 0.22 0.20 0.22 0.22 0.18 0.03 0.05 0.04 0.05 0.10 0.02 0.04 0.12 0.13 0.15 0.08 0.11
<task rigidity>
1 6
2 2
3 7
4 7
5 5
6 10
7 2
8 9
9 2
10 5
11 2
12 3
13 2
14 6
15 2
16 4
17 1
18 8
19 6
20 3
21 1
22 10
23 2
24 10
25 8
26 6
27 2
28 8
29 4
30 5
31 1
32 5
33 5
34 6
35 2
36 2
37 8
38 9
39 6
40 2
41 2
42 1
43 7
44 7
45 5
46 4
47 6
48 2
49 8
50 3
51 4
52 3
53 4
54 9
55 5
56 4
57 3
58 4
59 2
60 1
61 1
62 4
63 10
64 1
65 10
66 8
67 10
68 10
69 10
70 2
71 9
72 1
73 7
74 9
75 9
76 4
77 9
78 9
79 5
80 5
81 9
82 6
83 8
84 6
85 7
86 4
87 8
88 5
89 5
<precedence relations>
1,2
2,3
3,4
4,5
4,6
4,7
4,8
4,9
5,10
6,11
7,12
8,18
9,18
10,14
11,12
12,13
13,14
14,15
14,16
15,17
16,54
17,18
18,19
18,20
19,22
20,21
20,28
21,54
22,23
23,24
24,25
25,26
25,27
25,29
26,37
27,33
28,29
29,31
30,54
31,32
32,33
33,34
34,35
35,36
35,37
36,38
37,38
38,39
39,40
39,41
39,42
39,43
40,44
41,53
42,53
43,45
44,52
45,46
46,47
47,48
47,49
49,50
50,51
51,52
52,53
53,68
53,69
53,70
53,71
54,55
55,56
56,57
57,58
57,59
57,60
57,61
57,62
57,63
57,64
57,65
57,66
58,67
59,67
60,67
61,67
62,67
63,67
64,67
65,67
66,67
67,73
68,72
69,72
70,72
71,73
72,78
72,80
73,74
74,75
74,76
75,77
76,81
77,78
78,79
79,81
80,81
80,87
81,82
81,84
81,85
82,83
83,86
84,86
85,86
86,87
86,89
87,88
87,89
<end>