<number of tasks>
89
<number of stations>
20
<number of workers>
20
<type of the robots>
1
<limit of the robots>
8
<task times>
1 100000 1 1 1 1 1 1 1 1 1 1 1 1 1 1 1 1 1 1 1 1 1 100000 1 1 1 100000 1 1 1 1 1 100000 100000 1 100000 1 1 1 1 100000
2 2 2 1 1 1 2 2 1 1 1 2 2 1 1 2 2 1 2 1 1 1 2 1 1 1 2 2 1 1 1 2 2 1 1 2 2 1 2 1 1 1
3 100000 2 3 2 3 2 1 2 2 1 3 3 3 1 2 2 1 1 1 2 3 2 2 2 2 2 100000 2 2 1 2 100000 2 100000 100000 100000 1 100000 1 2 3
4 100000 3 1 4 2 4 2 2 2 2 4 3 2 3 3 2 4 2 2 2 4 2 1 3 2 3 2 2 2 2 100000 3 2 100000 2 2 3 2 100000 2 100000
5 100000 2 4 2 5 5 5 4 1 1 4 4 3 3 4 4 2 4 4 1 1 2 3 2 4 4 100000 3 1 100000 3 3 100000 100000 3 3 2 3 3 1 100000
6 100000 1 5 3 2 5 5 1 3 6 3 4 3 4 4 6 2 2 3 2 2 1 4 3 100000 4 4 1 2 100000 2 3 3 3 100000 4 2 100000 2 2 2
7 9 3 4 3 4 5 3 1 2 4 6 5 7 4 2 2 1 1 6 5 5 3 3 2 3 4 2 1 2 3 4 4 5 3 2 2 1 1 4 4 4
8 11 4 6 5 7 4 8 4 2 6 6 6 3 4 8 8 3 8 5 6 3 3 5 4 5 3 6 3 2 4 4 4 3 3 5 6 2 6 4 5 2
9 12 9 6 4 5 4 4 2 6 7 9 1 8 2 5 8 2 2 4 8 9 6 4 3 4 3 3 2 4 5 7 1 6 2 4 6 2 2 3 6 7
10 100000 5 10 1 9 1 4 2 2 9 5 10 9 6 7 9 1 3 1 3 10 4 7 1 7 100000 3 100000 2 100000 4 7 100000 100000 5 7 1 3 100000 2 100000
11 100000 1 1 1 1 1 1 1 1 1 1 1 1 1 1 1 1 1 1 1 1 1 1 1 1 1 1 1 100000 1 1 1 1 1 100000 100000 100000 100000 1 1 1
12 100000 2 1 2 2 2 2 2 2 1 1 2 2 1 1 1 2 1 2 1 2 2 1 100000 2 100000 2 2 2 1 1 2 2 100000 1 1 2 100000 2 1 2
13 3 3 3 2 3 3 1 2 3 2 3 2 1 3 3 1 3 3 2 3 3 2 2 2 3 2 1 2 3 2 2 2 1 2 2 1 2 2 2 2 2
14 5 4 3 2 3 2 3 3 1 3 2 1 1 3 3 1 3 3 3 1 4 3 2 2 2 2 3 2 1 2 2 1 1 2 2 1 2 2 3 1 3
15 6 1 3 2 2 3 5 5 5 1 2 3 1 3 2 4 1 2 4 2 2 1 2 2 2 3 4 4 4 1 2 2 1 3 2 3 1 2 3 2 2
16 7 5 2 3 1 2 1 1 3 4 6 5 2 6 3 3 5 3 5 4 2 4 2 2 1 2 1 1 3 3 4 4 2 4 2 3 4 2 4 3 2
17 9 3 3 2 2 3 6 4 7 4 2 3 2 3 6 3 5 6 5 3 2 2 2 2 2 2 5 3 5 3 2 2 2 2 5 2 4 4 4 2 2
18 10 7 2 7 1 6 6 1 2 6 6 6 8 3 4 6 5 6 2 4 5 5 2 5 1 5 5 1 2 4 5 4 6 3 3 4 4 4 2 3 4
19 12 1 9 6 3 2 9 9 5 4 4 3 4 6 5 2 1 8 7 8 3 1 7 4 3 2 6 6 4 3 3 3 3 4 4 2 1 6 5 6 2
20 14 4 3 8 7 8 1 4 4 4 3 4 2 10 4 4 5 3 3 2 1 3 3 6 5 6 1 3 3 3 2 3 2 7 3 3 4 3 2 2 1
21 1 1 1 1 1 1 1 1 1 1 1 1 1 1 1 1 1 1 1 1 1 1 1 1 1 1 1 1 1 1 1 1 1 1 1 1 1 1 1 1 1
22 100000 2 2 1 1 1 2 2 1 2 2 1 2 2 1 2 1 2 1 2 1 2 2 100000 1 100000 2 2 1 100000 2 100000 2 100000 100000 2 1 2 1 2 1
23 100000 3 1 3 2 1 2 2 1 1 1 2 3 3 1 1 1 3 2 2 1 2 1 100000 2 1 2 100000 1 1 1 100000 2 3 1 1 100000 3 2 100000 1
24 100000 3 1 4 1 2 1 4 3 4 1 2 4 1 3 3 1 2 1 2 1 2 100000 3 1 2 1 3 3 100000 100000 100000 3 1 3 2 1 2 1 100000 1
25 6 1 1 1 5 1 3 1 4 1 3 4 1 4 5 4 2 4 3 3 3 1 1 1 4 1 2 1 3 1 3 3 1 3 4 3 2 3 2 2 3
26 100000 4 2 2 1 2 1 6 4 2 6 3 2 5 4 6 2 6 1 1 5 3 2 100000 100000 2 100000 100000 100000 2 5 2 2 100000 3 5 2 100000 100000 1 4
27 100000 3 3 1 6 1 1 6 2 3 5 6 4 7 1 5 7 3 4 7 7 3 3 1 5 1 1 4 2 2 4 5 3 5 1 4 5 2 100000 5 100000
28 100000 8 8 2 1 8 8 7 2 1 3 5 3 8 7 3 2 4 4 7 4 6 6 2 100000 6 100000 5 100000 1 3 4 2 5 100000 2 2 3 100000 100000 3
29 12 9 4 1 9 9 8 2 7 9 6 3 3 9 3 4 8 9 9 1 6 7 3 1 7 6 6 2 5 6 4 3 2 7 2 3 6 6 6 1 4
30 13 10 8 7 9 2 1 10 9 1 10 5 10 2 6 4 5 8 10 5 3 7 6 5 6 2 1 7 6 1 7 4 7 2 4 3 4 6 7 4 2
31 1 1 1 1 1 1 1 1 1 1 1 1 1 1 1 1 1 1 1 1 1 1 1 1 1 1 1 1 1 1 1 1 1 1 1 1 1 1 1 1 1
32 2 2 1 1 1 2 2 2 1 1 1 2 1 2 2 2 2 2 1 1 1 2 1 1 1 2 2 2 1 1 1 2 1 2 2 2 2 2 1 1 1
33 4 2 1 3 3 1 2 2 1 1 1 2 3 1 1 3 3 1 3 2 2 2 1 3 2 1 2 2 1 1 1 2 2 1 1 2 2 1 2 2 2
34 5 1 3 2 3 4 4 4 3 4 2 2 1 2 4 3 4 2 2 1 3 1 2 2 2 3 3 3 2 3 2 2 1 2 3 3 3 2 2 1 2
35 7 4 1 2 3 3 5 1 2 2 2 4 1 3 3 4 5 2 4 2 5 3 1 2 2 2 4 1 2 2 2 3 1 3 2 3 4 2 3 2 4
36 8 4 4 3 3 3 5 1 3 6 2 1 5 2 4 2 2 2 6 5 5 3 3 3 2 2 4 1 2 4 2 1 4 2 3 2 2 2 4 4 4
37 100000 2 1 5 2 7 7 2 1 3 7 2 5 3 4 6 7 2 1 6 7 100000 1 4 2 5 5 100000 1 100000 5 2 4 100000 3 5 5 2 1 100000 5
38 10 8 8 6 3 6 4 7 8 5 7 7 7 8 7 7 8 4 4 5 8 6 5 4 3 4 3 5 6 4 5 5 5 5 5 5 6 3 3 4 6
39 12 8 5 8 2 2 8 7 7 1 5 8 5 4 5 9 7 8 6 7 5 6 4 6 2 2 5 5 5 1 4 6 4 3 4 7 5 6 4 5 4
40 100000 5 4 1 6 5 9 4 6 7 7 3 1 6 3 8 4 9 1 7 8 4 3 100000 100000 4 6 3 100000 100000 5 100000 100000 4 2 100000 100000 6 1 5 5
41 100000 1 1 1 1 1 1 1 1 1 1 1 1 1 1 1 1 1 1 1 1 1 1 1 1 100000 1 1 1 1 1 1 100000 1 1 1 100000 1 100000 100000 1
42 2 2 1 1 1 1 1 1 2 1 2 1 2 2 2 1 2 2 2 1 2 2 1 1 1 1 1 1 2 1 2 1 2 2 2 1 2 2 2 1 2
43 3 1 2 3 1 1 3 2 2 3 1 1 3 3 2 2 3 2 1 2 3 1 2 2 1 1 3 2 2 3 1 1 3 2 2 2 2 2 1 2 2
44 100000 2 1 1 1 3 2 1 2 1 3 2 4 2 4 2 3 1 1 1 4 2 1 1 100000 3 2 100000 100000 100000 3 2 100000 2 100000 100000 2 100000 1 100000 100000
45 100000 2 2 1 3 2 2 5 1 2 2 5 2 3 4 5 3 3 3 4 3 100000 2 1 2 100000 100000 4 1 100000 100000 100000 2 100000 100000 4 2 2 2 100000 2
46 100000 5 1 5 4 1 5 1 5 6 4 2 5 6 5 2 2 5 4 2 2 4 100000 100000 3 1 4 1 4 5 3 100000 4 5 4 2 100000 100000 3 2 2
47 9 2 7 5 4 1 3 1 2 1 4 4 4 3 5 2 2 7 5 4 6 2 5 4 3 1 2 1 2 1 3 3 3 3 4 2 2 5 4 3 4
48 100000 3 4 8 7 4 2 7 1 1 6 4 3 7 6 5 2 1 8 6 8 100000 100000 100000 100000 3 2 100000 100000 100000 4 100000 2 5 4 100000 2 100000 100000 4 100000
49 12 8 5 1 4 3 9 3 9 1 9 8 7 8 9 5 1 6 3 4 3 6 4 1 3 2 6 3 7 1 7 6 5 6 6 4 1 4 3 3 2
50 13 2 7 8 3 7 1 9 7 8 3 9 7 9 9 7 10 8 6 1 8 2 5 5 2 5 1 6 5 5 3 6 5 7 6 5 7 6 4 1 6
51 1 1 1 1 1 1 1 1 1 1 1 1 1 1 1 1 1 1 1 1 1 1 1 1 1 1 1 1 1 1 1 1 1 1 1 1 1 1 1 1 1
52 100000 1 1 2 2 2 2 2 2 1 1 1 2 2 2 1 2 1 2 2 2 100000 1 2 2 2 2 2 2 1 1 1 100000 2 2 1 2 1 100000 2 2
53 100000 3 3 1 1 2 3 2 2 1 2 1 1 3 1 2 1 3 1 2 2 2 2 1 100000 2 100000 2 100000 100000 2 1 100000 100000 1 2 100000 2 1 2 2
54 5 3 2 4 1 2 2 1 4 3 2 4 4 3 4 4 1 4 4 2 3 3 2 3 1 2 2 1 3 2 2 3 3 2 3 3 1 3 3 2 2
55 100000 5 5 2 4 2 5 3 3 3 2 1 1 3 5 3 2 5 1 2 3 4 4 2 3 100000 4 2 100000 2 100000 1 1 2 100000 2 2 4 100000 2 2
56 7 5 3 1 2 6 4 3 1 4 1 5 4 2 3 6 4 4 4 6 4 4 2 1 2 4 3 2 1 3 1 4 3 2 3 4 3 3 3 4 3
57 9 6 6 4 3 6 7 5 7 4 3 6 2 7 2 7 1 2 4 3 1 4 5 3 3 5 5 4 5 3 3 5 2 5 2 5 1 2 3 2 1
58 100000 1 2 3 5 4 2 3 5 1 6 5 5 7 6 7 4 8 3 6 7 1 2 2 4 3 2 2 4 1 5 4 4 5 4 5 3 6 100000 4 100000
59 12 7 4 3 7 3 7 4 4 4 4 2 1 2 6 6 6 9 1 4 9 5 3 2 5 2 5 3 3 3 3 2 1 2 4 4 5 6 1 3 7
60 13 9 4 6 8 10 8 1 3 10 10 9 1 9 1 4 2 7 4 3 6 7 3 4 6 7 6 1 2 7 7 6 1 7 1 3 2 5 3 3 5
61 1 1 1 1 1 1 1 1 1 1 1 1 1 1 1 1 1 1 1 1 1 1 1 1 1 1 1 1 1 1 1 1 1 1 1 1 1 1 1 1 1
62 2 1 1 1 1 1 2 1 1 2 1 2 2 1 2 2 2 1 1 1 2 1 1 1 1 1 2 1 1 2 1 2 2 1 2 2 2 1 1 1 2
63 4 2 1 2 1 3 2 1 3 3 1 2 2 2 2 3 1 2 1 1 3 2 1 2 1 3 2 1 3 2 1 2 2 2 2 2 1 2 1 1 2
64 5 4 4 1 4 3 3 4 2 3 1 1 3 1 1 2 3 2 4 2 1 3 3 1 3 3 3 3 2 2 1 1 2 1 1 2 2 2 3 2 1
65 6 2 4 3 2 3 5 1 5 2 4 1 5 5 5 1 2 5 4 1 3 2 3 2 2 2 4 1 4 2 3 1 4 4 4 1 2 4 3 1 2
66 7 3 5 3 3 5 3 3 6 4 3 5 6 2 4 2 1 6 2 2 6 2 4 3 2 4 2 2 5 3 2 4 4 2 3 2 1 4 2 2 4
67 9 4 1 4 3 2 4 3 4 3 1 2 3 4 5 5 7 5 2 6 6 3 1 3 3 2 3 2 3 3 1 2 2 3 4 4 5 4 2 4 5
68 100000 2 1 4 7 2 4 2 2 5 5 7 5 6 7 4 1 7 2 7 6 100000 1 3 5 2 100000 2 2 4 4 100000 4 4 5 3 100000 5 2 100000 4
69 100000 8 5 4 2 6 2 2 2 2 5 4 7 6 1 3 8 1 5 8 5 100000 4 3 100000 5 100000 100000 100000 100000 4 3 5 5 1 100000 100000 1 4 100000 100000
70 13 5 10 7 6 10 3 3 7 5 8 2 5 2 3 2 5 9 10 5 4 4 7 5 5 7 3 2 5 4 6 2 4 2 3 2 4 6 7 4 3
71 100000 1 1 1 1 1 1 1 1 1 1 1 1 1 1 1 1 1 1 1 1 1 100000 100000 1 100000 100000 100000 1 100000 100000 1 100000 1 100000 1 1 1 1 1 1
72 2 1 1 1 1 1 2 1 1 1 2 2 2 1 2 2 2 2 1 2 2 1 1 1 1 1 2 1 1 1 2 2 2 1 2 2 2 2 1 2 2
73 100000 3 1 3 1 3 2 2 1 3 3 1 1 1 1 2 1 3 2 3 3 100000 100000 2 1 2 100000 2 1 2 2 100000 1 1 1 100000 1 3 2 100000 3
74 100000 2 3 2 4 4 4 4 3 2 3 2 3 2 3 3 4 4 1 4 2 100000 2 100000 100000 3 3 3 100000 100000 100000 2 3 100000 100000 2 3 3 1 100000 2
75 100000 5 3 1 2 4 3 4 4 3 3 5 5 1 3 5 3 3 5 5 2 100000 3 1 2 3 100000 100000 3 100000 3 4 4 100000 2 4 2 2 100000 4 2
76 7 6 1 4 4 4 4 1 5 2 3 6 3 2 6 4 6 3 5 6 1 4 1 3 3 3 3 1 4 2 2 4 2 2 4 3 5 2 4 4 1
77 9 4 2 3 6 7 7 7 5 1 7 4 7 5 7 7 6 7 1 4 2 3 2 2 5 5 5 5 4 1 5 3 5 4 5 5 4 5 1 3 2
78 11 4 1 4 6 1 8 6 4 7 7 2 6 8 7 6 5 7 4 8 6 3 1 3 4 1 5 4 3 5 5 2 4 6 5 4 4 5 3 6 4
79 100000 1 5 4 4 3 4 6 3 8 8 8 8 5 9 2 6 9 6 4 7 1 4 3 3 3 3 100000 2 6 6 5 100000 4 6 2 5 6 5 3 100000
80 100000 10 4 4 4 9 10 8 1 1 6 10 7 7 2 5 8 3 3 4 9 7 3 100000 3 6 7 5 1 1 4 7 5 5 2 100000 6 3 100000 3 6
81 1 1 1 1 1 1 1 1 1 1 1 1 1 1 1 1 1 1 1 1 1 1 1 1 1 1 1 1 1 1 1 1 1 1 1 1 1 1 1 1 1
82 2 2 2 1 1 2 1 1 1 1 1 2 2 1 1 1 1 2 2 2 1 2 2 1 1 2 1 1 1 1 1 2 2 1 1 1 1 2 2 2 1
83 100000 2 2 1 1 1 3 3 2 2 3 3 2 3 3 3 3 3 2 2 2 2 2 100000 1 1 2 2 2 2 2 3 2 2 3 2 2 2 100000 2 2
84 5 4 4 1 3 3 4 4 1 1 4 2 2 3 2 2 4 1 2 4 3 3 3 1 2 2 3 3 1 1 3 2 2 2 2 2 3 1 2 3 2
85 6 3 1 1 4 3 2 5 3 1 2 5 5 4 5 4 4 3 2 4 5 3 1 1 3 2 2 4 3 1 2 4 4 3 4 3 3 2 2 3 4
86 7 6 2 6 6 6 2 6 2 1 3 6 2 6 2 2 6 5 6 4 3 4 2 5 4 4 2 4 2 1 2 4 2 5 2 2 4 4 4 3 2
87 100000 1 6 2 1 1 2 6 7 4 2 6 6 1 3 5 7 5 2 2 1 1 4 2 100000 1 100000 4 5 3 2 4 5 100000 2 4 100000 4 2 2 1
88 100000 1 2 3 5 6 1 8 4 4 8 6 7 5 5 1 3 6 1 6 2 1 2 2 4 4 100000 6 3 3 6 4 100000 100000 4 1 100000 100000 1 4 2
89 11 7 8 8 2 5 3 4 2 8 6 7 4 9 5 2 7 7 6 2 4 5 6 6 2 4 2 3 2 5 4 5 3 7 4 2 5 5 5 2 3
<posture of tasks>
1 0
2 0
3 1
4 1
5 1
6 1
7 0
8 1
9 1
10 1
11 0
12 1
13 1
14 1
15 1
16 1
17 0
18 1
19 0
20 1
21 1
22 1
23 0
24 1
25 1
26 0
27 1
28 1
29 1
30 1
31 1
32 0
33 1
34 1
35 1
36 1
37 1
38 1
39 1
40 1
41 1
42 1
43 1
44 1
45 0
46 0
47 1
48 1
49 1
50 1
51 1
52 1
53 0
54 0
55 0
56 1
57 1
58 1
59 1
60 1
61 1
62 1
63 1
64 1
65 1
66 0
67 0
68 0
69 0
70 1
71 1
72 0
73 1
74 1
75 1
76 1
77 1
78 1
79 1
80 1
81 1
82 0
83 1
84 1
85 1
86 1
87 1
88 1
89 0
<max energy cosumption of alternatives>
1 100000.00
2 4.17
3 2.93
4 4.33
5 4.40
6 2.29
7 4.77
8 5.34
9 4.43
10 4.77
11 4.44
12 4.71
13 2.46
14 4.50
15 4.28
16 3.11
17 4.29
18 2.33
19 3.26
20 2.86
21 3.04
<energy cosumption of alternatives>
1 100000.00 0.05 0.03 0.05 0.05 0.03 0.05 0.05 0.05 0.05 0.05 0.05 0.03 0.05 0.05 0.03 0.05 0.03 0.03 0.03 0.03 0.01 100000.00 0.01 0.01 0.01 100000.00 0.03 0.03 0.02 0.02 0.03 100000.00 100000.00 0.01 100000.00 0.02 0.01 0.01 0.02 100000.00
2 100000.00 0.09 0.04 0.06 0.06 0.06 0.09 0.06 0.06 0.06 0.09 0.09 0.04 0.06 0.09 0.07 0.06 0.06 0.04 0.04 0.04 0.02 0.03 0.03 0.02 0.04 0.04 0.01 0.02 0.03 0.02 0.04 0.02 0.02 0.04 0.02 0.02 0.02 0.02 0.01 0.02
3 100000.00 0.09 0.09 0.09 0.12 0.06 0.06 0.09 0.09 0.06 0.12 0.12 0.09 0.06 0.09 0.06 0.06 0.03 0.03 0.06 0.09 0.03 0.02 0.06 0.03 0.01 100000.00 0.05 0.04 0.02 0.03 100000.00 0.03 100000.00 100000.00 100000.00 0.04 100000.00 0.02 0.02 0.03
4 100000.00 0.13 0.04 0.16 0.09 0.13 0.09 0.09 0.09 0.09 0.16 0.13 0.07 0.13 0.13 0.07 0.15 0.07 0.07 0.07 0.13 0.07 0.02 0.06 0.03 0.05 0.03 0.03 0.05 0.05 100000.00 0.03 0.04 100000.00 0.06 0.04 0.04 0.03 100000.00 0.02 100000.00
5 100000.00 0.09 0.12 0.09 0.18 0.13 0.18 0.15 0.06 0.06 0.15 0.15 0.09 0.12 0.15 0.12 0.09 0.12 0.12 0.03 0.03 0.06 0.03 0.04 0.08 0.06 100000.00 0.10 0.02 100000.00 0.07 0.03 100000.00 100000.00 0.08 0.05 0.02 0.07 0.08 0.02 100000.00
6 100000.00 0.07 0.17 0.13 0.10 0.14 0.19 0.07 0.13 0.22 0.13 0.16 0.11 0.16 0.16 0.17 0.10 0.08 0.11 0.08 0.08 0.02 0.10 0.07 100000.00 0.09 0.09 0.04 0.06 100000.00 0.08 0.04 0.04 0.10 100000.00 0.09 0.07 100000.00 0.05 0.03 0.03
7 100000.00 0.11 0.11 0.11 0.13 0.11 0.11 0.06 0.08 0.13 0.18 0.15 0.16 0.13 0.08 0.06 0.06 0.04 0.13 0.13 0.13 0.04 0.06 0.03 0.07 0.07 0.03 0.02 0.05 0.07 0.04 0.08 0.07 0.09 0.04 0.04 0.02 0.02 0.04 0.09 0.07
8 100000.00 0.16 0.19 0.19 0.25 0.13 0.28 0.16 0.10 0.22 0.22 0.22 0.10 0.16 0.28 0.22 0.13 0.22 0.16 0.19 0.10 0.08 0.10 0.13 0.12 0.04 0.07 0.03 0.02 0.12 0.05 0.06 0.06 0.07 0.16 0.11 0.03 0.09 0.10 0.10 0.03
9 100000.00 0.31 0.19 0.15 0.18 0.13 0.15 0.09 0.21 0.24 0.31 0.06 0.22 0.09 0.18 0.22 0.09 0.07 0.13 0.22 0.25 0.18 0.10 0.04 0.06 0.07 0.09 0.06 0.11 0.07 0.14 0.04 0.09 0.05 0.08 0.06 0.05 0.05 0.06 0.10 0.07
10 100000.00 0.20 0.29 0.07 0.32 0.05 0.16 0.10 0.10 0.32 0.20 0.35 0.24 0.23 0.26 0.26 0.07 0.11 0.05 0.11 0.29 0.08 0.16 0.03 0.08 100000.00 0.10 100000.00 0.07 100000.00 0.12 0.15 100000.00 100000.00 0.10 0.14 0.03 0.03 100000.00 0.04 100000.00
11 100000.00 0.07 0.05 0.07 0.07 0.05 0.07 0.07 0.07 0.07 0.07 0.07 0.05 0.07 0.07 0.05 0.07 0.05 0.05 0.05 0.05 0.03 0.02 0.04 0.04 0.03 0.02 0.02 100000.00 0.05 0.05 0.03 0.03 0.02 100000.00 100000.00 100000.00 100000.00 0.02 0.02 0.03
12 100000.00 0.10 0.05 0.10 0.10 0.08 0.10 0.10 0.10 0.07 0.07 0.10 0.08 0.07 0.07 0.05 0.10 0.05 0.08 0.05 0.08 0.05 0.02 100000.00 0.05 100000.00 0.07 0.02 0.07 0.03 0.03 0.03 0.03 100000.00 0.04 0.02 0.05 100000.00 0.05 0.03 0.03
13 100000.00 0.14 0.11 0.11 0.14 0.11 0.08 0.11 0.14 0.11 0.14 0.11 0.05 0.14 0.14 0.05 0.14 0.11 0.08 0.11 0.11 0.09 0.06 0.03 0.03 0.05 0.03 0.03 0.05 0.03 0.07 0.04 0.03 0.06 0.06 0.02 0.08 0.05 0.03 0.03 0.05
14 100000.00 0.16 0.11 0.10 0.13 0.08 0.13 0.13 0.07 0.13 0.10 0.07 0.05 0.13 0.13 0.05 0.13 0.11 0.11 0.05 0.14 0.09 0.04 0.03 0.06 0.04 0.03 0.08 0.03 0.05 0.05 0.02 0.03 0.09 0.03 0.03 0.08 0.03 0.03 0.01 0.03
15 100000.00 0.08 0.12 0.11 0.11 0.12 0.21 0.21 0.20 0.08 0.12 0.15 0.06 0.15 0.11 0.15 0.08 0.09 0.15 0.09 0.09 0.05 0.05 0.03 0.03 0.08 0.07 0.09 0.14 0.03 0.04 0.04 0.03 0.06 0.04 0.04 0.03 0.04 0.08 0.03 0.04
16 100000.00 0.19 0.08 0.13 0.07 0.08 0.07 0.07 0.13 0.16 0.23 0.20 0.08 0.23 0.13 0.11 0.19 0.11 0.17 0.14 0.08 0.11 0.04 0.06 0.04 0.04 0.02 0.04 0.07 0.09 0.13 0.05 0.03 0.09 0.08 0.03 0.07 0.04 0.04 0.08 0.05
17 100000.00 0.12 0.10 0.09 0.09 0.10 0.19 0.14 0.21 0.14 0.10 0.12 0.08 0.12 0.19 0.10 0.16 0.15 0.15 0.10 0.08 0.04 0.05 0.04 0.02 0.03 0.06 0.09 0.09 0.06 0.03 0.07 0.03 0.06 0.06 0.06 0.08 0.09 0.04 0.03 0.04
18 100000.00 0.25 0.08 0.25 0.07 0.17 0.22 0.07 0.10 0.22 0.22 0.22 0.23 0.13 0.16 0.17 0.19 0.17 0.08 0.14 0.17 0.12 0.05 0.09 0.01 0.07 0.11 0.04 0.06 0.09 0.09 0.08 0.15 0.09 0.06 0.06 0.10 0.11 0.04 0.05 0.07
19 100000.00 0.06 0.20 0.17 0.10 0.06 0.24 0.24 0.15 0.13 0.13 0.11 0.11 0.17 0.15 0.06 0.06 0.18 0.16 0.18 0.09 0.03 0.09 0.10 0.06 0.04 0.09 0.08 0.05 0.06 0.03 0.04 0.03 0.08 0.07 0.04 0.01 0.08 0.08 0.09 0.04
20 100000.00 0.15 0.09 0.27 0.24 0.21 0.06 0.15 0.15 0.15 0.12 0.15 0.06 0.33 0.15 0.12 0.18 0.09 0.09 0.06 0.03 0.06 0.04 0.18 0.14 0.10 0.03 0.10 0.05 0.06 0.05 0.09 0.04 0.23 0.10 0.06 0.10 0.03 0.03 0.04 0.01
21 100000.00 0.06 0.04 0.06 0.06 0.04 0.06 0.06 0.06 0.06 0.06 0.06 0.04 0.06 0.06 0.04 0.06 0.04 0.04 0.04 0.04 0.03 0.01 0.02 0.04 0.02 0.03 0.02 0.02 0.04 0.04 0.01 0.02 0.04 0.04 0.02 0.03 0.02 0.02 0.02 0.02
22 100000.00 0.10 0.08 0.07 0.07 0.05 0.10 0.10 0.07 0.10 0.10 0.07 0.08 0.10 0.07 0.08 0.07 0.08 0.05 0.08 0.05 0.03 0.05 100000.00 0.04 100000.00 0.06 0.04 0.03 100000.00 0.04 100000.00 0.02 100000.00 100000.00 0.03 0.02 0.02 0.03 0.03 0.01
23 100000.00 0.10 0.04 0.10 0.08 0.04 0.08 0.08 0.06 0.06 0.06 0.08 0.08 0.10 0.06 0.04 0.06 0.08 0.06 0.06 0.04 0.05 0.03 100000.00 0.05 0.02 0.03 100000.00 0.04 0.01 0.04 100000.00 0.02 0.03 0.03 0.02 100000.00 0.04 0.02 100000.00 0.01
24 100000.00 0.14 0.05 0.17 0.07 0.08 0.07 0.17 0.13 0.17 0.07 0.11 0.14 0.07 0.14 0.11 0.07 0.08 0.05 0.08 0.05 0.08 100000.00 0.06 0.02 0.02 0.02 0.07 0.07 100000.00 100000.00 100000.00 0.08 0.02 0.06 0.07 0.02 0.05 0.02 100000.00 0.03
25 100000.00 0.08 0.06 0.08 0.20 0.06 0.14 0.08 0.17 0.08 0.14 0.17 0.06 0.17 0.20 0.15 0.11 0.15 0.12 0.12 0.12 0.03 0.03 0.05 0.09 0.03 0.04 0.03 0.11 0.04 0.04 0.04 0.03 0.04 0.13 0.10 0.03 0.06 0.07 0.07 0.04
26 100000.00 0.13 0.07 0.08 0.06 0.07 0.06 0.18 0.13 0.08 0.18 0.11 0.07 0.15 0.13 0.14 0.08 0.14 0.04 0.04 0.14 0.05 0.04 100000.00 100000.00 0.05 100000.00 100000.00 100000.00 0.02 0.06 0.07 0.03 100000.00 0.05 0.03 0.06 100000.00 100000.00 0.02 0.05
27 100000.00 0.12 0.09 0.06 0.21 0.04 0.06 0.21 0.09 0.12 0.18 0.21 0.12 0.24 0.06 0.15 0.24 0.09 0.12 0.19 0.19 0.04 0.05 0.03 0.12 0.01 0.02 0.10 0.04 0.04 0.08 0.06 0.06 0.17 0.03 0.06 0.14 0.03 100000.00 0.11 100000.00
28 100000.00 0.28 0.23 0.10 0.07 0.22 0.28 0.25 0.10 0.07 0.13 0.19 0.10 0.28 0.25 0.10 0.10 0.13 0.13 0.20 0.13 0.16 0.13 0.07 100000.00 0.09 100000.00 0.08 100000.00 0.03 0.08 0.12 0.03 0.17 100000.00 0.04 0.07 0.08 100000.00 100000.00 0.07
29 100000.00 0.32 0.14 0.07 0.31 0.23 0.28 0.10 0.25 0.31 0.23 0.13 0.10 0.32 0.13 0.14 0.28 0.23 0.26 0.05 0.17 0.10 0.05 0.04 0.13 0.08 0.19 0.05 0.08 0.12 0.11 0.09 0.07 0.09 0.05 0.05 0.18 0.11 0.07 0.01 0.09
30 100000.00 0.34 0.22 0.25 0.31 0.07 0.06 0.34 0.31 0.06 0.34 0.19 0.25 0.09 0.22 0.13 0.18 0.22 0.28 0.16 0.10 0.14 0.06 0.14 0.06 0.03 0.03 0.22 0.11 0.02 0.20 0.12 0.15 0.05 0.14 0.09 0.04 0.10 0.07 0.11 0.06
31 100000.00 0.08 0.05 0.08 0.08 0.05 0.08 0.08 0.08 0.08 0.08 0.08 0.05 0.08 0.08 0.05 0.08 0.05 0.05 0.05 0.05 0.02 0.01 0.05 0.05 0.03 0.04 0.02 0.04 0.05 0.04 0.02 0.02 0.04 0.04 0.02 0.04 0.02 0.01 0.03 0.04
32 100000.00 0.08 0.04 0.06 0.06 0.06 0.08 0.08 0.06 0.06 0.06 0.08 0.04 0.08 0.08 0.06 0.08 0.06 0.04 0.04 0.04 0.04 0.02 0.01 0.02 0.04 0.05 0.04 0.03 0.03 0.04 0.03 0.01 0.02 0.03 0.03 0.03 0.02 0.02 0.01 0.02
33 100000.00 0.10 0.05 0.13 0.13 0.05 0.10 0.10 0.07 0.07 0.07 0.10 0.11 0.07 0.07 0.11 0.13 0.05 0.11 0.08 0.08 0.04 0.02 0.08 0.09 0.03 0.05 0.06 0.02 0.03 0.02 0.03 0.04 0.02 0.03 0.05 0.06 0.02 0.06 0.04 0.04
34 100000.00 0.08 0.12 0.11 0.14 0.14 0.17 0.17 0.14 0.17 0.11 0.11 0.05 0.11 0.17 0.11 0.17 0.08 0.08 0.06 0.11 0.05 0.03 0.06 0.09 0.10 0.11 0.07 0.06 0.06 0.07 0.04 0.02 0.03 0.09 0.07 0.11 0.02 0.04 0.03 0.08
35 100000.00 0.15 0.04 0.09 0.12 0.10 0.19 0.06 0.09 0.09 0.09 0.16 0.04 0.12 0.12 0.13 0.18 0.07 0.13 0.07 0.16 0.03 0.02 0.05 0.06 0.04 0.09 0.04 0.05 0.03 0.05 0.04 0.02 0.05 0.07 0.08 0.10 0.04 0.06 0.04 0.10
36 100000.00 0.16 0.13 0.13 0.13 0.10 0.19 0.07 0.13 0.22 0.10 0.07 0.14 0.10 0.16 0.07 0.10 0.07 0.17 0.16 0.16 0.10 0.06 0.08 0.05 0.07 0.10 0.02 0.04 0.05 0.05 0.02 0.03 0.05 0.10 0.02 0.04 0.03 0.10 0.10 0.06
37 100000.00 0.08 0.03 0.17 0.08 0.18 0.24 0.08 0.05 0.11 0.24 0.08 0.12 0.11 0.14 0.15 0.23 0.06 0.03 0.18 0.18 100000.00 0.01 0.06 0.05 0.09 0.12 100000.00 0.01 100000.00 0.10 0.05 0.06 100000.00 0.09 0.04 0.08 0.02 0.01 100000.00 0.07
38 100000.00 0.28 0.23 0.22 0.13 0.17 0.16 0.25 0.28 0.19 0.26 0.26 0.20 0.28 0.25 0.20 0.28 0.13 0.13 0.16 0.23 0.15 0.08 0.05 0.03 0.10 0.04 0.06 0.07 0.04 0.08 0.06 0.07 0.15 0.14 0.09 0.12 0.04 0.07 0.07 0.06
39 100000.00 0.29 0.18 0.29 0.11 0.09 0.29 0.26 0.26 0.08 0.20 0.30 0.15 0.17 0.20 0.27 0.26 0.24 0.18 0.21 0.18 0.06 0.12 0.11 0.04 0.03 0.17 0.12 0.12 0.03 0.11 0.20 0.04 0.07 0.04 0.08 0.06 0.08 0.07 0.12 0.06
40 100000.00 0.20 0.15 0.08 0.23 0.15 0.32 0.17 0.23 0.26 0.26 0.14 0.06 0.23 0.14 0.24 0.17 0.24 0.06 0.21 0.24 0.08 0.05 100000.00 100000.00 0.05 0.13 0.09 100000.00 100000.00 0.10 100000.00 100000.00 0.07 0.08 100000.00 100000.00 0.06 0.03 0.14 0.11
41 100000.00 0.07 0.05 0.07 0.07 0.05 0.07 0.07 0.07 0.07 0.07 0.07 0.05 0.07 0.07 0.05 0.07 0.05 0.05 0.05 0.05 0.03 0.02 0.01 0.02 100000.00 0.02 0.01 0.03 0.03 0.02 0.03 100000.00 0.04 0.02 0.02 100000.00 0.01 100000.00 100000.00 0.02
42 100000.00 0.10 0.04 0.07 0.07 0.04 0.07 0.07 0.10 0.07 0.10 0.07 0.07 0.10 0.10 0.04 0.10 0.07 0.07 0.04 0.07 0.03 0.02 0.04 0.01 0.02 0.04 0.02 0.06 0.02 0.02 0.01 0.04 0.06 0.02 0.03 0.04 0.05 0.02 0.02 0.03
43 100000.00 0.08 0.08 0.14 0.07 0.05 0.14 0.11 0.10 0.14 0.08 0.08 0.11 0.14 0.11 0.08 0.14 0.08 0.05 0.08 0.11 0.02 0.05 0.08 0.02 0.03 0.03 0.05 0.06 0.06 0.04 0.02 0.05 0.03 0.05 0.04 0.09 0.03 0.03 0.04 0.04
44 100000.00 0.11 0.06 0.07 0.07 0.11 0.11 0.08 0.10 0.07 0.14 0.11 0.14 0.11 0.17 0.09 0.14 0.05 0.06 0.06 0.14 0.03 0.04 0.04 100000.00 0.07 0.06 100000.00 100000.00 100000.00 0.04 0.07 100000.00 0.03 100000.00 100000.00 0.08 100000.00 0.03 100000.00 100000.00
45 100000.00 0.08 0.07 0.06 0.11 0.07 0.08 0.15 0.06 0.08 0.08 0.15 0.07 0.11 0.13 0.13 0.11 0.09 0.09 0.11 0.09 100000.00 0.03 0.03 0.05 100000.00 100000.00 0.10 0.03 100000.00 100000.00 100000.00 0.04 100000.00 100000.00 0.06 0.06 0.04 0.06 100000.00 0.02
46 100000.00 0.16 0.05 0.16 0.14 0.05 0.16 0.07 0.16 0.18 0.14 0.09 0.12 0.18 0.16 0.07 0.09 0.12 0.12 0.07 0.07 0.05 100000.00 100000.00 0.04 0.03 0.03 0.03 0.07 0.10 0.05 100000.00 0.06 0.11 0.06 0.04 100000.00 100000.00 0.07 0.04 0.04
47 100000.00 0.11 0.21 0.20 0.17 0.06 0.14 0.08 0.11 0.08 0.17 0.17 0.15 0.14 0.20 0.09 0.11 0.21 0.18 0.15 0.18 0.06 0.12 0.09 0.09 0.04 0.10 0.04 0.06 0.02 0.09 0.04 0.03 0.06 0.06 0.03 0.07 0.04 0.10 0.07 0.11
48 100000.00 0.12 0.13 0.27 0.24 0.13 0.09 0.25 0.06 0.06 0.22 0.15 0.10 0.25 0.21 0.16 0.09 0.04 0.22 0.19 0.22 100000.00 100000.00 100000.00 100000.00 0.04 0.03 100000.00 100000.00 100000.00 0.13 100000.00 0.03 0.13 0.13 100000.00 0.04 100000.00 100000.00 0.04 100000.00
49 100000.00 0.28 0.16 0.06 0.15 0.10 0.31 0.12 0.30 0.06 0.31 0.28 0.19 0.28 0.31 0.16 0.06 0.16 0.10 0.13 0.10 0.15 0.06 0.03 0.07 0.02 0.08 0.06 0.08 0.04 0.07 0.14 0.08 0.14 0.17 0.07 0.02 0.11 0.07 0.04 0.03
50 100000.00 0.11 0.21 0.29 0.14 0.21 0.08 0.32 0.26 0.29 0.14 0.32 0.21 0.32 0.32 0.21 0.35 0.23 0.18 0.06 0.24 0.05 0.14 0.09 0.03 0.10 0.05 0.18 0.17 0.07 0.06 0.16 0.05 0.07 0.15 0.11 0.21 0.14 0.05 0.03 0.05
51 100000.00 0.08 0.06 0.08 0.08 0.06 0.08 0.08 0.08 0.08 0.08 0.08 0.06 0.08 0.08 0.06 0.08 0.06 0.06 0.06 0.06 0.03 0.04 0.05 0.05 0.03 0.04 0.02 0.04 0.02 0.05 0.02 0.01 0.03 0.02 0.03 0.02 0.03 0.02 0.03 0.02
52 100000.00 0.06 0.04 0.09 0.09 0.07 0.09 0.09 0.09 0.06 0.06 0.06 0.07 0.09 0.09 0.04 0.09 0.04 0.07 0.07 0.07 100000.00 0.02 0.05 0.05 0.03 0.06 0.03 0.02 0.04 0.04 0.03 100000.00 0.06 0.06 0.02 0.05 0.02 100000.00 0.05 0.03
53 100000.00 0.10 0.08 0.06 0.06 0.06 0.10 0.08 0.08 0.06 0.08 0.06 0.03 0.10 0.06 0.06 0.05 0.08 0.03 0.06 0.06 0.05 0.03 0.02 100000.00 0.03 100000.00 0.04 100000.00 100000.00 0.04 0.01 100000.00 100000.00 0.03 0.04 100000.00 0.02 0.01 0.02 0.02
54 100000.00 0.10 0.06 0.12 0.05 0.06 0.08 0.05 0.12 0.10 0.08 0.12 0.10 0.10 0.12 0.10 0.05 0.10 0.10 0.06 0.08 0.03 0.03 0.03 0.04 0.02 0.04 0.03 0.06 0.07 0.05 0.03 0.06 0.06 0.06 0.02 0.03 0.03 0.05 0.01 0.05
55 100000.00 0.17 0.15 0.10 0.14 0.08 0.17 0.12 0.12 0.12 0.10 0.07 0.05 0.12 0.17 0.10 0.10 0.12 0.05 0.08 0.10 0.04 0.03 0.04 0.03 100000.00 0.11 0.05 100000.00 0.04 100000.00 0.02 0.03 0.07 100000.00 0.05 0.04 0.08 100000.00 0.02 0.05
56 100000.00 0.19 0.11 0.07 0.10 0.17 0.16 0.13 0.07 0.16 0.07 0.20 0.14 0.10 0.13 0.18 0.16 0.14 0.14 0.20 0.14 0.11 0.05 0.04 0.03 0.06 0.05 0.05 0.02 0.05 0.05 0.10 0.04 0.03 0.08 0.08 0.04 0.08 0.03 0.09 0.07
57 100000.00 0.23 0.20 0.17 0.14 0.17 0.26 0.20 0.26 0.17 0.14 0.23 0.08 0.26 0.11 0.21 0.07 0.08 0.14 0.11 0.05 0.15 0.11 0.08 0.07 0.10 0.08 0.06 0.12 0.04 0.05 0.10 0.03 0.15 0.04 0.14 0.02 0.02 0.05 0.03 0.02
58 100000.00 0.06 0.07 0.12 0.18 0.12 0.09 0.12 0.18 0.06 0.22 0.18 0.13 0.24 0.21 0.19 0.15 0.22 0.10 0.18 0.19 0.02 0.03 0.08 0.04 0.03 0.04 0.07 0.05 0.04 0.06 0.04 0.07 0.12 0.12 0.11 0.03 0.13 100000.00 0.11 100000.00
59 100000.00 0.25 0.14 0.13 0.25 0.11 0.25 0.16 0.16 0.16 0.16 0.10 0.05 0.10 0.22 0.17 0.22 0.24 0.05 0.14 0.26 0.14 0.08 0.09 0.06 0.04 0.11 0.04 0.10 0.11 0.10 0.03 0.02 0.06 0.10 0.06 0.15 0.06 0.01 0.08 0.10
60 100000.00 0.32 0.14 0.22 0.28 0.26 0.28 0.07 0.13 0.34 0.35 0.32 0.05 0.32 0.07 0.14 0.10 0.20 0.13 0.11 0.17 0.13 0.05 0.15 0.16 0.10 0.11 0.04 0.05 0.12 0.14 0.20 0.02 0.16 0.04 0.08 0.03 0.08 0.04 0.02 0.04
61 100000.00 0.07 0.04 0.07 0.07 0.04 0.07 0.07 0.06 0.07 0.07 0.07 0.04 0.07 0.07 0.04 0.06 0.04 0.04 0.04 0.04 0.04 0.03 0.03 0.04 0.02 0.03 0.03 0.04 0.03 0.02 0.04 0.01 0.03 0.03 0.02 0.04 0.01 0.02 0.02 0.02
62 100000.00 0.07 0.05 0.07 0.07 0.05 0.10 0.07 0.07 0.10 0.07 0.10 0.08 0.07 0.10 0.08 0.10 0.05 0.05 0.05 0.08 0.02 0.02 0.05 0.02 0.01 0.02 0.02 0.02 0.07 0.05 0.04 0.03 0.04 0.06 0.05 0.04 0.02 0.03 0.02 0.05
63 100000.00 0.10 0.04 0.09 0.06 0.10 0.10 0.06 0.12 0.13 0.07 0.10 0.07 0.10 0.10 0.10 0.06 0.07 0.04 0.04 0.10 0.07 0.01 0.05 0.02 0.06 0.02 0.03 0.06 0.07 0.04 0.06 0.04 0.02 0.03 0.05 0.04 0.02 0.03 0.02 0.02
64 100000.00 0.15 0.12 0.05 0.14 0.09 0.11 0.15 0.08 0.11 0.05 0.05 0.09 0.05 0.05 0.06 0.11 0.06 0.12 0.06 0.03 0.06 0.05 0.03 0.03 0.03 0.05 0.08 0.04 0.07 0.03 0.04 0.06 0.02 0.02 0.02 0.06 0.03 0.04 0.03 0.01
65 100000.00 0.11 0.15 0.14 0.11 0.12 0.20 0.08 0.20 0.11 0.17 0.08 0.15 0.20 0.20 0.06 0.11 0.15 0.15 0.06 0.12 0.06 0.03 0.07 0.04 0.05 0.10 0.04 0.07 0.05 0.08 0.04 0.05 0.10 0.09 0.04 0.07 0.07 0.07 0.03 0.08
66 100000.00 0.10 0.12 0.10 0.10 0.10 0.10 0.10 0.17 0.12 0.10 0.15 0.12 0.08 0.12 0.06 0.05 0.12 0.06 0.06 0.12 0.06 0.08 0.02 0.04 0.03 0.02 0.07 0.11 0.06 0.02 0.07 0.08 0.02 0.04 0.02 0.02 0.06 0.01 0.03 0.08
67 100000.00 0.14 0.05 0.14 0.12 0.08 0.14 0.12 0.14 0.12 0.07 0.09 0.10 0.14 0.16 0.14 0.21 0.12 0.08 0.17 0.14 0.04 0.02 0.04 0.04 0.04 0.09 0.05 0.08 0.08 0.03 0.02 0.06 0.04 0.08 0.06 0.14 0.04 0.02 0.10 0.08
68 100000.00 0.08 0.04 0.13 0.20 0.07 0.13 0.08 0.08 0.15 0.15 0.20 0.11 0.18 0.20 0.11 0.06 0.16 0.07 0.16 0.14 100000.00 0.01 0.04 0.11 0.04 100000.00 0.03 0.03 0.10 0.11 100000.00 0.08 0.09 0.12 0.04 100000.00 0.05 0.03 100000.00 0.08
69 100000.00 0.22 0.13 0.13 0.08 0.13 0.08 0.08 0.08 0.08 0.15 0.13 0.15 0.17 0.06 0.08 0.22 0.04 0.13 0.18 0.13 100000.00 0.03 0.06 100000.00 0.04 100000.00 100000.00 100000.00 100000.00 0.10 0.08 0.10 0.06 0.02 100000.00 100000.00 0.02 0.08 100000.00 100000.00
70 100000.00 0.19 0.29 0.25 0.22 0.26 0.13 0.13 0.25 0.19 0.28 0.10 0.14 0.10 0.13 0.07 0.19 0.23 0.28 0.16 0.13 0.08 0.12 0.17 0.11 0.11 0.08 0.05 0.09 0.08 0.14 0.03 0.08 0.04 0.09 0.03 0.07 0.14 0.07 0.11 0.06
71 100000.00 0.07 0.05 0.07 0.07 0.05 0.07 0.07 0.07 0.07 0.07 0.07 0.05 0.07 0.07 0.05 0.07 0.05 0.05 0.05 0.05 0.05 100000.00 100000.00 0.02 100000.00 100000.00 100000.00 0.02 100000.00 100000.00 0.05 100000.00 0.03 100000.00 0.01 0.03 0.02 0.03 0.03 0.03
72 100000.00 0.06 0.04 0.06 0.06 0.04 0.08 0.06 0.06 0.06 0.08 0.08 0.06 0.06 0.08 0.06 0.08 0.06 0.04 0.06 0.06 0.01 0.03 0.01 0.03 0.02 0.03 0.02 0.03 0.03 0.05 0.02 0.01 0.03 0.05 0.04 0.04 0.04 0.02 0.02 0.02
73 100000.00 0.14 0.06 0.14 0.08 0.11 0.11 0.11 0.08 0.14 0.14 0.08 0.05 0.08 0.08 0.09 0.08 0.11 0.08 0.12 0.11 100000.00 100000.00 0.07 0.02 0.06 100000.00 0.03 0.04 0.09 0.03 100000.00 0.04 0.03 0.03 100000.00 0.03 0.08 0.04 100000.00 0.04
74 100000.00 0.11 0.11 0.10 0.17 0.14 0.17 0.17 0.13 0.10 0.14 0.11 0.11 0.11 0.14 0.11 0.17 0.14 0.05 0.14 0.08 100000.00 0.06 100000.00 100000.00 0.03 0.07 0.05 100000.00 100000.00 100000.00 0.03 0.03 100000.00 100000.00 0.07 0.11 0.04 0.03 100000.00 0.06
75 100000.00 0.19 0.11 0.07 0.10 0.13 0.13 0.16 0.16 0.13 0.13 0.19 0.14 0.07 0.13 0.16 0.13 0.10 0.16 0.17 0.08 100000.00 0.06 0.05 0.06 0.04 100000.00 100000.00 0.03 100000.00 0.09 0.10 0.04 100000.00 0.03 0.11 0.07 0.06 100000.00 0.08 0.02
76 100000.00 0.23 0.05 0.16 0.16 0.14 0.17 0.07 0.19 0.10 0.14 0.23 0.11 0.10 0.23 0.14 0.22 0.11 0.17 0.20 0.05 0.11 0.03 0.07 0.10 0.03 0.09 0.02 0.10 0.05 0.06 0.11 0.03 0.02 0.08 0.10 0.05 0.03 0.04 0.04 0.03
77 100000.00 0.16 0.08 0.13 0.22 0.20 0.25 0.25 0.19 0.07 0.25 0.16 0.20 0.19 0.25 0.20 0.22 0.20 0.05 0.13 0.07 0.10 0.05 0.08 0.15 0.07 0.12 0.16 0.12 0.02 0.15 0.09 0.04 0.09 0.13 0.04 0.14 0.13 0.01 0.05 0.04
78 100000.00 0.15 0.04 0.15 0.21 0.04 0.27 0.21 0.15 0.24 0.24 0.09 0.16 0.27 0.24 0.16 0.18 0.19 0.13 0.22 0.16 0.06 0.02 0.08 0.08 0.02 0.13 0.14 0.07 0.15 0.05 0.05 0.10 0.13 0.06 0.05 0.04 0.12 0.05 0.15 0.08
79 100000.00 0.06 0.16 0.16 0.16 0.10 0.16 0.22 0.12 0.28 0.28 0.28 0.22 0.19 0.31 0.07 0.22 0.23 0.17 0.13 0.20 0.04 0.07 0.07 0.08 0.04 0.04 100000.00 0.08 0.14 0.13 0.18 100000.00 0.10 0.08 0.04 0.07 0.07 0.05 0.09 100000.00
80 100000.00 0.34 0.14 0.16 0.16 0.24 0.34 0.28 0.07 0.07 0.22 0.35 0.20 0.25 0.10 0.17 0.28 0.11 0.11 0.14 0.26 0.07 0.04 100000.00 0.08 0.16 0.14 0.14 0.04 0.03 0.07 0.09 0.05 0.17 0.05 100000.00 0.09 0.04 100000.00 0.09 0.17
81 100000.00 0.08 0.06 0.08 0.08 0.06 0.08 0.08 0.08 0.08 0.08 0.08 0.06 0.08 0.08 0.06 0.08 0.06 0.06 0.06 0.06 0.03 0.04 0.02 0.03 0.04 0.04 0.03 0.04 0.02 0.02 0.02 0.02 0.03 0.02 0.04 0.02 0.03 0.02 0.03 0.04
82 100000.00 0.09 0.07 0.07 0.07 0.07 0.07 0.07 0.07 0.07 0.07 0.09 0.07 0.07 0.07 0.05 0.07 0.07 0.07 0.07 0.05 0.04 0.03 0.04 0.03 0.05 0.03 0.03 0.02 0.01 0.03 0.04 0.04 0.02 0.02 0.02 0.04 0.02 0.02 0.05 0.01
83 100000.00 0.11 0.08 0.08 0.08 0.05 0.14 0.14 0.11 0.11 0.14 0.14 0.08 0.14 0.14 0.11 0.14 0.11 0.08 0.08 0.08 0.03 0.02 100000.00 0.03 0.02 0.04 0.08 0.07 0.05 0.04 0.04 0.02 0.06 0.03 0.05 0.07 0.05 100000.00 0.04 0.06
84 100000.00 0.16 0.14 0.07 0.13 0.11 0.16 0.16 0.07 0.07 0.17 0.10 0.08 0.13 0.10 0.08 0.16 0.05 0.08 0.14 0.11 0.09 0.09 0.05 0.06 0.04 0.06 0.09 0.03 0.02 0.06 0.07 0.02 0.09 0.02 0.04 0.10 0.02 0.05 0.04 0.03
85 100000.00 0.12 0.04 0.06 0.15 0.10 0.09 0.18 0.12 0.06 0.09 0.19 0.13 0.15 0.18 0.13 0.15 0.09 0.07 0.13 0.15 0.08 0.02 0.02 0.08 0.05 0.03 0.13 0.03 0.03 0.06 0.11 0.04 0.07 0.10 0.08 0.04 0.03 0.04 0.07 0.10
86 100000.00 0.22 0.07 0.22 0.22 0.17 0.09 0.22 0.09 0.06 0.13 0.22 0.07 0.22 0.09 0.07 0.22 0.14 0.17 0.13 0.10 0.12 0.02 0.14 0.11 0.10 0.06 0.14 0.06 0.04 0.03 0.12 0.03 0.13 0.02 0.04 0.07 0.05 0.10 0.03 0.03
87 100000.00 0.06 0.19 0.09 0.06 0.04 0.09 0.22 0.24 0.15 0.09 0.22 0.16 0.06 0.12 0.16 0.24 0.13 0.07 0.07 0.04 0.02 0.10 0.06 100000.00 0.01 100000.00 0.06 0.15 0.03 0.05 0.06 0.06 100000.00 0.08 0.11 100000.00 0.05 0.04 0.04 0.02
88 100000.00 0.07 0.08 0.13 0.20 0.18 0.07 0.29 0.16 0.16 0.29 0.23 0.21 0.20 0.20 0.06 0.13 0.18 0.05 0.20 0.08 0.03 0.03 0.04 0.05 0.10 100000.00 0.19 0.06 0.06 0.17 0.13 100000.00 100000.00 0.07 0.02 100000.00 100000.00 0.03 0.13 0.05
89 100000.00 0.20 0.18 0.23 0.09 0.11 0.11 0.13 0.09 0.23 0.18 0.20 0.11 0.25 0.16 0.07 0.20 0.16 0.14 0.07 0.11 0.04 0.09 0.13 0.06 0.08 0.06 0.04 0.02 0.14 0.12 0.07 0.05 0.05 0.05 0.04 0.06 0.07 0.07 0.02 0.05
<task rigidity>
1 10
2 10
3 5
4 10
5 6
6 9
7 1
8 1
9 3
10 8
11 7
12 1
13 2
14 9
15 1
16 9
17 10
18 8
19 4
20 10
21 1
22 1
23 2
24 7
25 9
26 4
27 6
28 9
29 3
30 2
31 1
32 4
33 1
34 6
35 3
36 4
37 4
38 4
39 7
40 2
41 5
42 6
43 4
44 4
45 2
46 8
47 3
48 3
49 1
50 1
51 10
52 2
53 5
54 2
55 7
56 9
57 2
58 4
59 7
60 2
61 10
62 6
63 5
64 6
65 4
66 4
67 3
68 1
69 7
70 6
71 1
72 6
73 9
74 3
75 8
76 5
77 10
78 3
79 4
80 9
81 6
82 6
83 2
84 5
85 6
86 5
87 4
88 3
89 8
<precedence relations>
1,2
2,3
3,4
4,5
4,6
4,7
4,8
4,9
5,10
6,11
7,12
8,18
9,18
10,14
11,12
12,13
13,14
14,15
14,16
15,17
16,54
17,18
18,19
18,20
19,22
20,21
20,28
21,54
22,23
23,24
24,25
25,26
25,27
25,29
26,37
27,33
28,29
29,31
30,54
31,32
32,33
33,34
34,35
35,36
35,37
36,38
37,38
38,39
39,40
39,41
39,42
39,43
40,44
41,53
42,53
43,45
44,52
45,46
46,47
47,48
47,49
49,50
50,51
51,52
52,53
53,68
53,69
53,70
53,71
54,55
55,56
56,57
57,58
57,59
57,60
57,61
57,62
57,63
57,64
57,65
57,66
58,67
59,67
60,67
61,67
62,67
63,67
64,67
65,67
66,67
67,73
68,72
69,72
70,72
71,73
72,78
72,80
73,74
74,75
74,76
75,77
76,81
77,78
78,79
79,81
80,81
80,87
81,82
81,84
81,85
82,83
83,86
84,86
85,86
86,87
86,89
87,88
87,89
<end>