<number of tasks>
89
<number of stations>
24
<number of workers>
24
<type of the robots>
1
<limit of the robots>
6
<task times>
1 100000 1 1 1 1 1 1 1 1 1 1 1 1 1 1 1 1 1 1 1 1 1 1 1 1 1 100000 100000 1 100000 1 100000 1 1 1 100000 100000 100000 1 100000 100000 100000 1 1 100000 100000 1 1 100000
2 2 1 2 1 2 1 1 2 1 2 1 1 2 1 2 2 1 2 1 1 2 1 1 1 1 1 2 1 2 1 1 2 1 2 1 1 2 1 2 2 1 2 1 1 2 1 1 1 1
3 4 3 2 2 1 1 2 2 1 1 3 3 3 3 1 1 3 1 1 3 2 1 3 2 1 3 2 2 1 1 2 2 1 1 3 2 3 2 1 1 2 1 1 3 2 1 2 2 1
4 5 4 4 1 2 3 1 3 3 3 1 3 1 1 2 2 1 2 3 3 3 4 2 4 1 3 3 1 2 2 1 3 2 2 1 3 1 1 2 2 1 2 2 2 3 3 2 3 1
5 100000 3 1 4 2 1 2 3 2 5 2 1 1 1 1 2 1 3 3 2 2 4 4 1 4 100000 1 100000 100000 100000 2 2 2 4 100000 1 100000 100000 1 2 100000 2 2 2 2 3 3 1 3
6 100000 5 6 4 2 5 4 6 6 2 1 1 3 2 4 2 6 3 3 2 2 1 2 5 6 4 5 3 100000 100000 3 5 5 100000 100000 1 2 100000 3 100000 5 3 100000 2 100000 1 2 100000 5
7 9 6 5 3 4 1 5 1 5 4 4 6 3 6 2 5 6 5 2 2 1 2 4 4 1 4 4 2 3 1 4 1 4 3 3 4 2 5 2 4 5 4 2 2 1 2 3 3 1
8 100000 7 2 1 5 6 3 1 1 4 3 5 1 4 1 1 3 6 6 7 7 8 7 3 2 5 2 1 4 100000 3 1 1 3 3 4 1 3 1 1 100000 100000 100000 5 5 6 5 3 2
9 100000 6 8 7 6 1 4 6 8 1 7 5 1 4 3 3 7 6 3 8 5 2 5 5 2 100000 100000 5 100000 1 3 4 6 100000 5 4 1 3 2 2 5 5 3 6 4 2 4 4 2
10 14 1 4 6 4 9 10 8 5 2 2 7 4 10 2 9 4 6 10 2 5 7 2 2 3 1 3 5 3 7 7 6 4 2 2 5 3 7 2 6 3 4 7 2 4 5 2 2 3
11 100000 1 1 1 1 1 1 1 1 1 1 1 1 1 1 1 1 1 1 1 1 1 1 1 1 1 100000 100000 100000 100000 100000 100000 1 1 1 1 100000 100000 1 1 1 100000 100000 1 1 100000 100000 1 1
12 100000 2 1 2 1 2 1 2 2 1 1 2 2 2 1 1 1 1 2 1 2 2 2 1 1 100000 1 100000 1 2 100000 100000 100000 1 1 2 2 2 100000 100000 100000 1 2 100000 2 2 2 1 1
13 3 3 3 1 2 1 2 3 3 1 1 2 1 2 2 1 2 3 3 1 1 2 3 3 1 2 2 1 2 1 2 2 2 1 1 2 1 2 2 1 2 2 2 1 1 2 3 2 1
14 5 3 4 2 2 2 4 3 3 4 3 2 4 4 4 2 3 3 2 3 1 2 1 2 3 2 3 2 2 2 3 2 2 3 2 2 3 3 3 2 2 2 2 3 1 2 1 2 3
15 100000 4 1 2 3 4 5 5 1 3 1 5 2 2 5 1 1 3 4 3 2 2 3 4 5 3 100000 100000 3 100000 4 4 100000 3 100000 4 2 2 100000 1 1 2 3 100000 2 100000 100000 100000 100000
16 8 2 3 3 5 3 3 3 2 6 1 1 4 1 6 3 2 4 2 3 4 1 4 2 2 2 2 2 4 3 2 2 2 4 1 1 3 1 4 2 2 3 2 3 3 1 3 2 2
17 100000 3 7 3 7 3 4 1 7 3 6 3 6 2 5 4 1 7 6 6 2 1 4 4 4 2 5 2 5 100000 3 1 5 2 5 3 100000 100000 4 3 1 5 5 100000 2 1 100000 3 3
18 10 8 5 4 6 1 6 3 7 4 8 3 8 6 5 2 6 2 6 4 4 7 3 6 6 6 4 3 5 1 5 2 5 3 6 3 6 4 4 2 4 2 4 3 3 5 2 4 5
19 100000 8 9 9 8 9 5 4 7 2 4 5 7 7 4 8 3 1 4 8 5 3 5 8 2 100000 100000 100000 5 7 4 3 5 100000 3 4 5 5 3 100000 3 1 3 100000 4 100000 100000 100000 2
20 13 8 8 2 9 7 5 5 3 10 9 1 1 5 4 3 7 2 4 4 5 3 8 7 7 6 6 2 6 5 4 4 2 7 7 1 1 4 3 2 5 2 3 3 4 2 6 5 5
21 100000 1 1 1 1 1 1 1 1 1 1 1 1 1 1 1 1 1 1 1 1 1 1 1 1 1 1 1 100000 1 1 100000 1 1 1 100000 1 1 1 1 1 1 1 1 100000 1 100000 100000 1
22 2 1 2 1 1 1 2 1 1 1 1 2 2 2 2 2 1 2 2 1 2 1 1 2 2 1 2 1 1 1 2 1 1 1 1 2 2 2 2 2 1 2 2 1 2 1 1 2 2
23 100000 2 3 3 3 1 1 3 3 1 3 3 3 2 1 3 1 1 1 3 2 3 3 1 2 100000 3 2 100000 1 100000 2 100000 100000 2 2 100000 100000 1 100000 100000 1 1 2 2 2 2 1 100000
24 100000 4 1 3 1 4 3 2 4 1 4 1 4 3 2 3 3 2 4 3 4 1 4 1 4 3 100000 2 1 100000 3 2 3 100000 100000 1 3 3 2 3 3 2 3 2 100000 1 100000 1 3
25 7 4 4 2 5 1 4 5 5 3 5 4 2 3 5 2 3 4 1 5 1 3 1 4 2 3 3 2 4 1 3 4 4 2 4 3 2 3 4 2 2 3 1 4 1 2 1 3 2
26 7 5 4 2 3 4 4 2 6 4 5 5 2 3 4 6 5 3 5 1 4 5 6 3 2 4 3 2 2 3 3 2 4 3 4 4 2 2 3 4 4 2 4 1 3 4 5 2 2
27 9 1 6 7 6 4 7 1 5 6 3 6 4 6 2 5 6 2 2 7 3 7 7 3 6 1 5 5 4 3 5 1 4 5 3 4 3 5 2 4 4 2 2 5 2 5 5 3 4
28 10 5 2 8 2 5 3 3 2 6 1 1 4 5 5 2 1 3 5 4 8 7 3 1 7 4 2 6 2 4 3 3 2 5 1 1 3 4 4 2 1 3 4 3 6 5 3 1 5
29 100000 4 2 4 7 4 1 4 1 8 2 4 8 6 9 9 9 3 4 4 8 9 1 2 5 3 2 100000 5 3 100000 3 100000 6 2 3 100000 100000 6 100000 6 3 3 3 5 7 1 100000 100000
30 14 1 2 8 9 7 5 10 7 5 8 6 7 1 3 6 9 4 8 1 5 9 4 4 8 1 2 5 6 5 4 7 5 4 6 5 5 1 3 4 6 3 6 1 4 7 3 3 6
31 1 1 1 1 1 1 1 1 1 1 1 1 1 1 1 1 1 1 1 1 1 1 1 1 1 1 1 1 1 1 1 1 1 1 1 1 1 1 1 1 1 1 1 1 1 1 1 1 1
32 2 1 1 1 2 2 1 2 1 2 1 1 1 2 1 1 2 2 1 2 1 2 1 2 1 1 1 1 2 2 1 2 1 2 1 1 1 2 1 1 2 2 1 2 1 2 1 2 1
33 3 3 1 2 2 3 2 2 1 3 1 3 2 3 3 2 2 2 2 1 2 3 3 1 1 2 1 2 2 2 2 2 1 3 1 2 2 2 2 2 2 2 2 1 2 2 3 1 1
34 5 4 3 4 2 2 3 3 3 2 2 2 1 2 3 1 4 4 3 1 2 4 1 3 4 3 2 3 2 2 2 2 2 2 2 2 1 2 3 1 3 3 2 1 2 3 1 3 3
35 100000 2 2 1 5 1 1 5 5 5 5 2 4 3 3 3 1 3 4 1 2 4 3 2 4 2 2 1 4 1 100000 100000 4 100000 100000 2 3 100000 3 3 1 2 3 100000 2 3 2 2 3
36 8 3 6 5 6 6 3 6 1 5 2 2 2 1 1 5 2 1 5 1 4 3 2 5 6 3 4 4 4 4 2 4 1 4 2 2 2 1 1 4 2 1 4 1 3 3 2 4 4
37 9 3 2 3 6 1 1 7 6 7 2 3 6 1 4 6 2 4 3 6 7 3 1 7 2 2 2 2 4 1 1 5 4 5 2 2 4 1 3 4 2 3 2 4 5 2 1 5 2
38 10 1 2 2 4 8 2 2 7 6 5 6 1 1 8 4 8 6 1 2 6 3 2 2 4 1 2 2 3 6 2 2 5 4 4 5 1 1 6 3 6 4 1 2 4 3 2 2 3
39 100000 5 3 3 7 9 9 3 6 6 1 6 1 4 1 4 3 3 4 3 1 7 2 6 6 4 3 3 5 100000 6 100000 100000 100000 1 5 1 3 1 100000 100000 100000 3 2 1 5 2 5 5
40 14 2 5 3 5 6 9 3 7 8 7 6 1 8 8 1 9 5 10 7 3 1 4 3 4 2 4 2 4 5 6 3 5 6 5 4 1 6 5 1 6 4 7 5 2 1 3 2 3
41 100000 1 1 1 1 1 1 1 1 1 1 1 1 1 1 1 1 1 1 1 1 1 1 1 1 1 1 1 1 100000 1 100000 1 1 1 1 1 1 1 100000 1 1 1 100000 1 1 1 100000 1
42 2 2 1 2 1 2 1 1 1 1 1 2 2 1 1 2 1 2 2 2 1 1 1 1 1 2 1 2 1 2 1 1 1 1 1 2 2 1 1 2 1 2 2 2 1 1 1 1 1
43 3 2 1 3 2 3 3 3 1 1 3 1 1 3 1 2 3 1 3 2 3 2 2 2 1 2 1 3 2 2 2 3 1 1 3 1 1 2 1 2 3 1 2 2 2 2 2 2 1
44 5 4 1 1 1 3 4 3 1 4 1 2 3 4 4 2 1 2 3 3 3 1 2 2 2 3 1 1 1 2 3 2 1 3 1 2 3 3 3 2 1 2 2 3 3 1 2 2 2
45 100000 3 2 2 3 2 5 5 1 1 2 3 3 2 5 3 4 1 3 1 2 1 5 1 1 2 100000 2 3 100000 4 4 100000 100000 2 100000 3 2 4 100000 3 1 2 100000 2 1 4 1 1
46 8 5 3 3 4 6 6 1 2 5 4 1 6 4 5 3 1 5 2 5 5 1 5 2 6 4 3 2 3 4 4 1 2 4 3 1 4 3 4 3 1 4 2 4 4 1 4 2 5
47 9 2 3 6 6 2 3 3 3 7 7 3 6 7 4 5 5 3 5 2 2 5 7 4 7 2 2 4 4 2 2 3 2 5 5 2 4 5 3 4 4 3 4 2 2 4 5 3 5
48 10 3 5 5 2 1 8 8 5 7 4 6 6 5 7 7 3 7 5 7 4 3 3 8 4 2 4 4 2 1 6 5 4 5 3 5 4 4 5 5 3 5 4 5 3 3 2 6 3
49 11 4 7 2 1 4 9 7 1 5 4 4 5 9 5 5 2 5 7 4 7 4 8 5 8 3 5 2 1 3 6 5 1 4 3 3 4 6 4 4 2 4 5 3 5 3 6 4 6
50 13 5 4 5 3 2 9 8 5 10 4 10 8 8 1 9 3 2 10 10 6 4 9 2 5 4 3 4 2 2 7 6 4 7 3 7 5 5 1 6 3 2 7 7 4 3 6 2 4
51 100000 1 1 1 1 1 1 1 1 1 1 1 1 1 1 1 1 1 1 1 1 1 1 1 1 1 100000 1 1 100000 1 100000 1 1 1 1 100000 1 1 1 1 100000 1 1 1 1 100000 1 1
52 2 1 1 1 1 2 1 2 2 2 1 2 2 2 2 1 2 1 1 2 2 2 1 2 1 1 1 1 1 2 1 2 2 2 1 2 2 2 2 1 2 1 1 2 2 2 1 2 1
53 100000 2 1 2 1 2 2 3 2 2 3 3 1 1 3 3 2 2 3 1 2 1 2 3 3 2 1 2 1 2 2 2 2 100000 3 2 1 1 2 3 2 2 100000 100000 100000 1 2 3 100000
54 5 1 2 2 2 3 3 3 2 3 4 4 3 2 3 1 2 4 4 2 3 3 1 4 4 1 2 2 2 2 2 3 2 2 3 3 2 2 2 1 2 3 3 2 2 2 1 3 3
55 100000 3 2 4 4 2 2 1 3 2 5 5 5 3 5 3 5 5 3 1 4 4 3 4 4 2 100000 3 3 2 2 1 100000 100000 4 4 4 2 100000 2 4 4 100000 100000 3 3 2 3 100000
56 100000 6 1 6 5 5 1 2 4 2 5 5 2 4 6 1 5 6 1 4 1 2 6 5 1 5 100000 4 4 4 1 2 3 100000 4 4 100000 3 4 1 4 4 1 100000 100000 2 4 4 1
57 100000 7 7 6 3 7 2 6 3 4 1 7 2 3 3 4 4 7 1 1 2 7 2 5 4 5 5 100000 2 100000 100000 100000 2 100000 100000 5 2 3 2 3 3 100000 1 1 2 5 100000 4 100000
58 11 2 1 6 1 7 8 2 6 1 1 8 1 8 5 2 5 1 5 4 7 5 7 3 8 2 1 4 1 5 6 2 4 1 1 6 1 6 4 2 4 1 4 3 5 4 5 2 6
59 12 6 3 3 1 6 3 7 9 6 2 1 2 3 2 9 7 2 3 8 7 8 3 7 8 4 3 2 1 5 2 5 6 4 2 1 2 2 2 7 5 2 3 6 5 5 2 5 6
60 14 3 4 4 1 10 9 3 5 4 6 1 7 2 2 5 8 3 7 10 3 1 4 1 5 3 3 3 1 7 6 2 4 3 4 1 5 2 2 4 6 2 5 7 2 1 3 1 4
61 1 1 1 1 1 1 1 1 1 1 1 1 1 1 1 1 1 1 1 1 1 1 1 1 1 1 1 1 1 1 1 1 1 1 1 1 1 1 1 1 1 1 1 1 1 1 1 1 1
62 100000 1 1 1 1 2 1 1 2 2 1 2 2 2 2 2 1 1 2 2 2 1 2 2 1 1 1 1 100000 100000 1 1 2 100000 1 2 2 100000 100000 2 1 1 2 2 2 1 2 2 1
63 3 3 3 2 1 3 2 3 3 2 2 1 2 1 2 3 3 1 1 3 3 3 3 1 1 3 2 2 1 2 2 2 2 2 2 1 2 1 2 2 3 1 1 2 2 2 2 1 1
64 5 2 4 1 4 3 1 1 1 1 4 3 2 2 1 4 2 2 2 2 1 2 2 2 4 2 3 1 3 2 1 1 1 1 3 3 2 2 1 3 2 2 2 2 1 2 2 2 3
65 100000 1 4 5 5 5 2 3 4 2 2 3 3 1 2 5 5 4 1 1 2 4 2 3 2 1 3 4 100000 100000 2 2 100000 2 100000 2 2 1 2 4 4 3 1 1 2 100000 2 3 2
66 100000 5 3 1 4 3 3 5 5 3 1 5 2 5 2 2 4 2 1 5 2 3 4 5 3 4 100000 100000 100000 3 3 4 4 100000 1 4 100000 4 100000 2 3 2 1 100000 2 3 3 100000 100000
67 9 3 4 3 5 2 3 1 7 1 5 2 4 5 2 1 6 5 3 5 6 6 5 2 2 2 3 2 4 2 2 1 5 1 4 2 3 4 2 1 4 4 3 4 5 4 4 2 2
68 100000 2 8 5 6 1 1 2 6 4 5 5 2 5 8 8 8 6 2 6 6 8 5 7 8 2 5 100000 100000 1 1 2 100000 100000 4 4 2 100000 6 6 100000 4 100000 4 5 6 100000 5 6
69 12 4 1 8 3 7 6 9 1 9 2 4 7 8 8 3 8 4 6 6 7 2 8 8 6 3 1 6 2 5 4 7 1 6 2 3 5 6 5 2 6 3 4 5 5 2 6 6 4
70 13 2 3 7 8 8 2 6 1 8 2 1 7 4 3 3 7 9 8 6 9 9 3 7 6 2 2 5 6 6 2 4 1 6 2 1 5 3 3 2 5 6 6 4 6 6 3 5 5
71 100000 1 1 1 1 1 1 1 1 1 1 1 1 1 1 1 1 1 1 1 1 1 1 1 1 100000 100000 100000 1 1 1 1 1 100000 100000 100000 1 100000 1 100000 100000 1 1 1 100000 1 1 1 100000
72 2 1 1 2 2 2 1 1 2 1 1 2 1 2 1 2 1 2 1 1 1 2 1 1 1 1 1 2 2 2 1 1 2 1 1 2 1 2 1 2 1 2 1 1 1 2 1 1 1
73 4 1 3 2 1 3 2 3 1 2 2 1 3 2 3 3 2 2 1 2 1 3 1 3 1 1 2 2 1 3 2 2 1 2 2 1 3 2 3 3 2 2 1 2 1 2 1 2 1
74 5 4 4 2 4 2 4 2 4 3 4 1 3 1 2 2 4 3 2 1 4 4 3 1 2 3 3 2 3 2 3 2 3 2 3 1 3 1 2 2 3 3 2 1 3 3 2 1 2
75 6 5 2 5 1 4 3 2 1 5 2 5 5 4 3 4 1 4 2 1 5 2 2 2 3 4 2 4 1 3 3 2 1 4 2 4 4 3 3 3 1 3 2 1 4 2 2 2 2
76 8 4 5 6 5 6 4 2 3 3 4 3 4 2 6 4 3 1 5 1 4 1 4 5 1 3 4 4 4 4 3 2 3 2 3 2 3 2 4 3 3 1 4 1 3 1 3 4 1
77 100000 4 5 4 2 5 1 6 3 7 5 3 4 7 6 2 4 3 2 3 5 2 5 2 4 3 4 3 2 100000 1 5 2 5 100000 100000 100000 5 100000 2 100000 3 2 2 4 2 100000 2 3
78 11 2 8 5 5 8 6 5 5 6 4 6 6 4 5 2 8 6 3 6 2 3 2 4 4 2 5 4 4 6 4 4 4 5 3 4 5 3 4 2 6 5 3 4 2 3 2 3 3
79 12 8 1 1 7 2 7 4 5 3 9 2 1 9 4 9 1 9 1 9 1 5 4 7 6 6 1 1 5 2 5 3 4 3 7 2 1 6 3 7 1 7 1 7 1 4 3 5 4
80 13 8 4 9 10 4 8 4 2 3 7 8 4 1 4 3 6 3 10 8 5 4 5 7 6 6 3 7 7 3 5 3 2 2 5 6 3 1 3 2 4 2 7 6 4 3 4 5 4
81 1 1 1 1 1 1 1 1 1 1 1 1 1 1 1 1 1 1 1 1 1 1 1 1 1 1 1 1 1 1 1 1 1 1 1 1 1 1 1 1 1 1 1 1 1 1 1 1 1
82 100000 1 2 2 2 2 1 1 1 1 1 2 2 2 2 2 2 2 2 1 1 1 1 1 1 1 100000 2 2 2 1 1 1 100000 1 2 2 2 2 2 2 2 100000 100000 100000 1 100000 100000 1
83 3 2 3 3 1 2 1 3 3 1 2 1 1 3 3 2 3 1 3 2 1 3 2 3 1 2 2 3 1 2 1 2 2 1 2 1 1 3 2 2 3 1 2 2 1 2 2 2 1
84 5 3 4 2 2 2 1 1 2 1 2 3 3 1 3 1 4 3 2 4 2 1 3 3 2 3 3 2 2 2 1 1 2 1 2 2 2 1 3 1 3 2 2 3 2 1 2 2 2
85 100000 1 5 1 3 1 1 5 2 1 2 5 1 2 3 5 5 5 3 4 3 4 1 2 1 100000 4 100000 2 100000 100000 4 2 100000 2 4 100000 100000 2 4 4 4 2 100000 2 3 1 2 100000
86 8 4 6 3 6 6 1 1 6 3 6 6 6 1 4 1 6 1 2 2 1 2 1 2 5 3 4 2 4 4 1 1 5 3 4 4 5 1 3 1 4 1 2 2 1 2 1 2 4
87 9 2 2 4 4 6 5 4 1 2 1 3 4 1 5 2 3 7 7 2 6 3 4 1 3 2 2 3 3 4 4 3 1 2 1 2 3 1 4 2 2 5 5 2 5 3 3 1 2
88 11 1 2 7 5 8 8 1 2 2 3 4 2 2 6 3 5 3 2 1 6 8 7 6 1 1 2 5 4 6 6 1 2 2 3 3 2 2 5 3 4 2 2 1 4 6 5 4 1
89 12 3 9 1 5 3 3 9 7 4 1 5 9 6 8 9 7 6 3 7 6 5 6 7 4 2 6 1 4 3 2 6 5 3 1 4 6 5 6 6 5 4 2 5 5 4 5 5 3
<posture of tasks>
1 1
2 1
3 1
4 1
5 1
6 1
7 0
8 1
9 1
10 1
11 0
12 1
13 1
14 1
15 1
16 1
17 1
18 1
19 1
20 1
21 1
22 1
23 1
24 1
25 1
26 1
27 1
28 1
29 1
30 0
31 0
32 0
33 1
34 1
35 1
36 1
37 0
38 1
39 1
40 1
41 1
42 1
43 1
44 1
45 0
46 1
47 1
48 1
49 1
50 1
51 1
52 1
53 0
54 1
55 1
56 0
57 1
58 0
59 1
60 1
61 1
62 1
63 0
64 1
65 1
66 1
67 1
68 0
69 0
70 1
71 1
72 1
73 1
74 1
75 0
76 1
77 1
78 1
79 0
80 1
81 1
82 1
83 1
84 1
85 0
86 1
87 1
88 1
89 1
<max energy cosumption of alternatives>
1 100000.00
2 2.53
3 4.52
4 4.98
5 2.52
6 5.13
7 3.04
8 4.63
9 3.10
10 4.28
11 4.24
12 4.77
13 5.00
14 2.41
15 2.65
16 2.80
17 4.15
18 5.18
19 5.41
20 2.76
21 4.30
22 4.68
23 4.57
24 5.65
25 3.01
<energy cosumption of alternatives>
1 100000.00 0.06 0.08 0.08 0.06 0.08 0.06 0.08 0.06 0.08 0.08 0.08 0.08 0.06 0.06 0.06 0.08 0.08 0.08 0.06 0.08 0.08 0.08 0.08 0.06 0.03 100000.00 100000.00 0.02 100000.00 0.01 100000.00 0.03 0.05 0.05 100000.00 100000.00 100000.00 0.03 100000.00 100000.00 100000.00 0.05 0.04 100000.00 100000.00 0.02 0.02 100000.00
2 100000.00 0.04 0.09 0.06 0.07 0.06 0.04 0.09 0.04 0.09 0.06 0.06 0.09 0.04 0.07 0.07 0.06 0.09 0.06 0.04 0.09 0.06 0.06 0.06 0.04 0.02 0.05 0.03 0.03 0.02 0.01 0.05 0.02 0.03 0.04 0.03 0.03 0.02 0.04 0.04 0.02 0.05 0.03 0.02 0.02 0.02 0.04 0.03 0.03
3 100000.00 0.12 0.11 0.11 0.06 0.08 0.09 0.11 0.06 0.08 0.14 0.14 0.14 0.12 0.06 0.06 0.14 0.08 0.08 0.12 0.11 0.08 0.14 0.11 0.06 0.03 0.07 0.04 0.04 0.03 0.05 0.06 0.01 0.04 0.08 0.10 0.05 0.04 0.02 0.02 0.05 0.04 0.04 0.05 0.07 0.05 0.05 0.05 0.03
4 100000.00 0.15 0.18 0.09 0.09 0.15 0.06 0.15 0.12 0.14 0.08 0.14 0.09 0.06 0.09 0.09 0.08 0.11 0.15 0.12 0.14 0.17 0.12 0.18 0.06 0.10 0.11 0.02 0.04 0.04 0.02 0.05 0.07 0.09 0.02 0.04 0.06 0.02 0.06 0.05 0.05 0.03 0.10 0.06 0.06 0.08 0.04 0.12 0.04
5 100000.00 0.12 0.08 0.17 0.09 0.08 0.09 0.14 0.09 0.20 0.11 0.08 0.08 0.06 0.06 0.09 0.08 0.14 0.14 0.09 0.11 0.17 0.17 0.08 0.14 100000.00 0.02 100000.00 100000.00 100000.00 0.04 0.04 0.05 0.07 100000.00 0.02 100000.00 100000.00 0.03 0.03 100000.00 0.03 0.07 0.06 0.03 0.07 0.05 0.04 0.08
6 100000.00 0.18 0.23 0.17 0.09 0.20 0.15 0.23 0.18 0.11 0.08 0.08 0.14 0.09 0.15 0.09 0.23 0.14 0.14 0.09 0.11 0.08 0.11 0.20 0.18 0.08 0.11 0.07 100000.00 100000.00 0.08 0.10 0.11 100000.00 100000.00 0.05 0.03 100000.00 0.06 100000.00 0.12 0.09 100000.00 0.04 100000.00 0.04 0.05 100000.00 0.06
7 100000.00 0.14 0.16 0.12 0.12 0.07 0.14 0.07 0.12 0.14 0.14 0.19 0.12 0.17 0.08 0.14 0.19 0.16 0.10 0.08 0.07 0.09 0.14 0.14 0.05 0.08 0.11 0.03 0.04 0.04 0.07 0.02 0.08 0.05 0.07 0.12 0.08 0.06 0.04 0.06 0.05 0.10 0.04 0.03 0.02 0.06 0.06 0.05 0.04
8 100000.00 0.19 0.09 0.06 0.16 0.22 0.10 0.06 0.04 0.15 0.12 0.18 0.06 0.13 0.04 0.04 0.12 0.22 0.22 0.19 0.25 0.28 0.25 0.13 0.07 0.06 0.04 0.04 0.10 100000.00 0.06 0.02 0.02 0.07 0.04 0.09 0.04 0.06 0.02 0.02 100000.00 100000.00 100000.00 0.14 0.13 0.14 0.05 0.03 0.02
9 100000.00 0.16 0.27 0.24 0.16 0.06 0.12 0.21 0.21 0.05 0.24 0.18 0.06 0.12 0.09 0.09 0.24 0.21 0.12 0.21 0.18 0.09 0.18 0.18 0.06 100000.00 100000.00 0.16 100000.00 0.03 0.07 0.10 0.06 100000.00 0.08 0.05 0.01 0.03 0.04 0.02 0.07 0.11 0.04 0.10 0.12 0.05 0.09 0.08 0.03
10 100000.00 0.05 0.16 0.22 0.13 0.31 0.29 0.28 0.14 0.10 0.10 0.25 0.16 0.29 0.07 0.26 0.16 0.22 0.34 0.07 0.19 0.25 0.10 0.10 0.10 0.03 0.06 0.07 0.07 0.14 0.13 0.17 0.06 0.05 0.07 0.07 0.04 0.07 0.04 0.12 0.09 0.08 0.21 0.02 0.06 0.15 0.06 0.04 0.04
11 100000.00 0.04 0.06 0.06 0.04 0.06 0.04 0.06 0.04 0.06 0.06 0.06 0.06 0.04 0.04 0.04 0.06 0.06 0.06 0.04 0.06 0.06 0.06 0.06 0.04 0.03 100000.00 100000.00 100000.00 100000.00 100000.00 100000.00 0.02 0.01 0.04 0.03 100000.00 100000.00 0.01 0.01 0.04 100000.00 100000.00 0.02 0.01 100000.00 100000.00 0.02 0.01
12 100000.00 0.07 0.06 0.09 0.04 0.09 0.04 0.09 0.06 0.06 0.06 0.09 0.09 0.07 0.04 0.04 0.06 0.06 0.09 0.04 0.09 0.09 0.09 0.06 0.04 100000.00 0.03 100000.00 0.01 0.02 100000.00 100000.00 100000.00 0.04 0.02 0.02 0.03 0.03 100000.00 100000.00 100000.00 0.02 0.02 100000.00 0.05 0.05 0.05 0.02 0.01
13 100000.00 0.11 0.14 0.08 0.08 0.07 0.08 0.14 0.11 0.07 0.07 0.10 0.08 0.08 0.08 0.05 0.10 0.13 0.14 0.05 0.07 0.10 0.14 0.14 0.05 0.04 0.04 0.03 0.02 0.03 0.02 0.03 0.05 0.04 0.04 0.03 0.03 0.06 0.02 0.01 0.07 0.08 0.04 0.02 0.05 0.04 0.08 0.08 0.02
14 100000.00 0.12 0.17 0.11 0.09 0.11 0.15 0.14 0.12 0.17 0.14 0.11 0.17 0.15 0.15 0.09 0.14 0.14 0.11 0.12 0.08 0.11 0.08 0.11 0.12 0.04 0.10 0.06 0.04 0.04 0.05 0.08 0.08 0.10 0.03 0.04 0.06 0.10 0.10 0.03 0.04 0.06 0.06 0.07 0.02 0.06 0.05 0.03 0.03
15 100000.00 0.14 0.07 0.10 0.11 0.16 0.17 0.20 0.05 0.13 0.07 0.19 0.10 0.08 0.17 0.05 0.07 0.13 0.17 0.11 0.10 0.10 0.14 0.17 0.17 0.09 100000.00 100000.00 0.04 100000.00 0.08 0.12 100000.00 0.09 100000.00 0.12 0.03 0.03 100000.00 0.02 0.03 0.08 0.09 100000.00 0.05 100000.00 100000.00 100000.00 100000.00
16 100000.00 0.07 0.13 0.13 0.16 0.13 0.10 0.13 0.07 0.22 0.07 0.07 0.16 0.05 0.17 0.10 0.10 0.16 0.10 0.10 0.16 0.07 0.16 0.10 0.07 0.02 0.05 0.06 0.04 0.05 0.06 0.07 0.02 0.11 0.02 0.03 0.10 0.01 0.07 0.03 0.04 0.09 0.04 0.04 0.10 0.04 0.11 0.06 0.05
17 100000.00 0.09 0.24 0.12 0.19 0.12 0.12 0.06 0.19 0.12 0.21 0.12 0.21 0.07 0.15 0.12 0.06 0.24 0.21 0.16 0.09 0.06 0.15 0.15 0.12 0.05 0.09 0.03 0.07 100000.00 0.06 0.04 0.04 0.04 0.05 0.06 100000.00 100000.00 0.04 0.08 0.03 0.14 0.07 100000.00 0.04 0.02 100000.00 0.03 0.05
18 100000.00 0.22 0.18 0.15 0.16 0.06 0.16 0.12 0.19 0.15 0.27 0.12 0.28 0.18 0.15 0.07 0.21 0.09 0.21 0.12 0.15 0.24 0.12 0.21 0.16 0.13 0.06 0.04 0.06 0.03 0.10 0.03 0.07 0.04 0.19 0.03 0.09 0.12 0.07 0.04 0.14 0.04 0.11 0.05 0.03 0.07 0.06 0.14 0.05
19 100000.00 0.22 0.30 0.31 0.22 0.30 0.16 0.15 0.19 0.09 0.15 0.18 0.24 0.19 0.13 0.22 0.12 0.06 0.15 0.22 0.18 0.12 0.18 0.28 0.07 100000.00 100000.00 100000.00 0.09 0.12 0.03 0.05 0.13 100000.00 0.08 0.10 0.05 0.07 0.07 100000.00 0.06 0.04 0.07 100000.00 0.09 100000.00 100000.00 100000.00 0.03
20 100000.00 0.22 0.28 0.09 0.25 0.24 0.16 0.19 0.09 0.33 0.30 0.06 0.06 0.16 0.12 0.10 0.24 0.09 0.16 0.13 0.18 0.12 0.28 0.25 0.19 0.10 0.12 0.05 0.09 0.15 0.05 0.10 0.04 0.22 0.21 0.04 0.03 0.07 0.05 0.05 0.13 0.03 0.08 0.06 0.10 0.08 0.12 0.17 0.09
21 100000.00 0.04 0.07 0.07 0.04 0.07 0.04 0.07 0.04 0.07 0.07 0.07 0.07 0.04 0.04 0.04 0.07 0.07 0.07 0.04 0.07 0.07 0.07 0.07 0.04 0.03 0.03 0.02 100000.00 0.03 0.02 100000.00 0.02 0.01 0.03 100000.00 0.04 0.02 0.02 0.01 0.02 0.02 0.02 0.02 100000.00 0.02 100000.00 100000.00 0.01
22 100000.00 0.04 0.09 0.06 0.04 0.06 0.07 0.06 0.04 0.06 0.06 0.09 0.09 0.07 0.07 0.07 0.06 0.09 0.09 0.04 0.09 0.06 0.06 0.09 0.07 0.02 0.05 0.03 0.02 0.03 0.03 0.03 0.02 0.01 0.03 0.04 0.05 0.04 0.04 0.02 0.02 0.05 0.05 0.01 0.03 0.03 0.03 0.05 0.04
23 100000.00 0.07 0.12 0.12 0.10 0.06 0.04 0.13 0.10 0.06 0.12 0.12 0.12 0.07 0.04 0.10 0.06 0.06 0.06 0.10 0.09 0.12 0.13 0.06 0.07 100000.00 0.04 0.03 100000.00 0.01 100000.00 0.08 100000.00 100000.00 0.09 0.04 100000.00 100000.00 0.01 100000.00 100000.00 0.04 0.02 0.03 0.06 0.05 0.07 0.03 100000.00
24 100000.00 0.14 0.08 0.14 0.05 0.17 0.11 0.11 0.14 0.08 0.17 0.08 0.17 0.11 0.08 0.11 0.14 0.11 0.17 0.11 0.17 0.08 0.17 0.08 0.14 0.07 100000.00 0.08 0.03 100000.00 0.03 0.04 0.06 100000.00 100000.00 0.04 0.07 0.07 0.04 0.06 0.03 0.07 0.10 0.03 100000.00 0.03 100000.00 0.03 0.07
25 100000.00 0.14 0.17 0.11 0.17 0.07 0.14 0.20 0.14 0.13 0.20 0.17 0.11 0.11 0.17 0.08 0.14 0.17 0.08 0.17 0.07 0.13 0.08 0.17 0.08 0.08 0.05 0.04 0.09 0.04 0.09 0.13 0.04 0.09 0.08 0.04 0.07 0.08 0.06 0.02 0.06 0.06 0.02 0.03 0.04 0.04 0.05 0.03 0.03
26 100000.00 0.17 0.17 0.11 0.11 0.17 0.14 0.11 0.18 0.17 0.20 0.20 0.11 0.11 0.14 0.18 0.20 0.13 0.20 0.06 0.17 0.20 0.23 0.14 0.08 0.05 0.07 0.06 0.04 0.09 0.10 0.05 0.05 0.07 0.11 0.12 0.04 0.04 0.08 0.08 0.09 0.04 0.10 0.04 0.05 0.11 0.12 0.08 0.02
27 100000.00 0.05 0.22 0.25 0.17 0.16 0.20 0.07 0.14 0.22 0.13 0.22 0.16 0.19 0.08 0.16 0.22 0.10 0.10 0.20 0.13 0.25 0.25 0.13 0.17 0.01 0.12 0.15 0.04 0.09 0.09 0.02 0.08 0.14 0.03 0.06 0.05 0.12 0.02 0.07 0.11 0.05 0.07 0.10 0.07 0.09 0.17 0.06 0.09
28 100000.00 0.17 0.10 0.28 0.08 0.19 0.11 0.13 0.08 0.22 0.07 0.07 0.16 0.17 0.17 0.08 0.07 0.13 0.19 0.14 0.28 0.25 0.13 0.07 0.20 0.07 0.04 0.18 0.05 0.11 0.04 0.07 0.03 0.09 0.03 0.04 0.04 0.07 0.05 0.05 0.04 0.03 0.12 0.09 0.16 0.08 0.05 0.03 0.09
29 100000.00 0.13 0.09 0.15 0.19 0.15 0.04 0.15 0.04 0.27 0.09 0.15 0.28 0.19 0.25 0.25 0.30 0.12 0.15 0.13 0.27 0.30 0.06 0.09 0.16 0.03 0.04 100000.00 0.07 0.07 100000.00 0.06 100000.00 0.19 0.03 0.09 100000.00 100000.00 0.17 100000.00 0.18 0.06 0.10 0.05 0.19 0.15 0.03 100000.00 100000.00
30 100000.00 0.04 0.08 0.22 0.20 0.19 0.13 0.26 0.15 0.15 0.22 0.17 0.20 0.04 0.08 0.13 0.24 0.13 0.22 0.04 0.15 0.24 0.13 0.13 0.17 0.02 0.02 0.10 0.12 0.10 0.09 0.07 0.08 0.06 0.07 0.08 0.09 0.02 0.03 0.09 0.11 0.06 0.13 0.01 0.09 0.09 0.08 0.06 0.10
31 100000.00 0.03 0.05 0.05 0.03 0.05 0.03 0.05 0.03 0.05 0.05 0.05 0.05 0.03 0.03 0.03 0.05 0.05 0.05 0.03 0.05 0.05 0.05 0.05 0.03 0.01 0.03 0.03 0.02 0.02 0.01 0.03 0.02 0.02 0.02 0.03 0.03 0.02 0.02 0.01 0.03 0.03 0.03 0.02 0.03 0.03 0.03 0.02 0.02
32 100000.00 0.05 0.07 0.07 0.07 0.09 0.05 0.09 0.05 0.09 0.07 0.07 0.07 0.07 0.05 0.05 0.09 0.09 0.07 0.07 0.07 0.09 0.07 0.09 0.05 0.02 0.02 0.04 0.04 0.02 0.03 0.05 0.02 0.03 0.03 0.02 0.02 0.02 0.02 0.02 0.06 0.03 0.02 0.03 0.04 0.02 0.02 0.04 0.02
33 100000.00 0.09 0.06 0.09 0.06 0.12 0.07 0.09 0.04 0.12 0.06 0.12 0.09 0.10 0.09 0.06 0.09 0.09 0.09 0.04 0.09 0.12 0.12 0.06 0.04 0.02 0.01 0.04 0.02 0.04 0.04 0.04 0.01 0.04 0.02 0.08 0.05 0.07 0.06 0.04 0.02 0.04 0.02 0.02 0.03 0.04 0.03 0.04 0.01
34 100000.00 0.14 0.13 0.16 0.08 0.10 0.11 0.13 0.11 0.10 0.10 0.10 0.07 0.08 0.11 0.05 0.16 0.16 0.13 0.05 0.10 0.16 0.07 0.13 0.14 0.07 0.06 0.11 0.05 0.07 0.05 0.05 0.05 0.06 0.02 0.05 0.04 0.05 0.06 0.03 0.08 0.10 0.04 0.02 0.03 0.09 0.05 0.04 0.09
35 100000.00 0.07 0.09 0.06 0.16 0.06 0.04 0.19 0.13 0.18 0.18 0.09 0.16 0.10 0.10 0.10 0.06 0.12 0.16 0.04 0.09 0.15 0.13 0.09 0.13 0.04 0.02 0.03 0.05 0.02 100000.00 100000.00 0.05 100000.00 100000.00 0.06 0.06 100000.00 0.02 0.05 0.02 0.06 0.06 100000.00 0.06 0.08 0.07 0.04 0.07
36 100000.00 0.10 0.22 0.19 0.16 0.22 0.10 0.22 0.04 0.19 0.10 0.10 0.10 0.04 0.04 0.16 0.10 0.07 0.19 0.04 0.16 0.13 0.10 0.19 0.16 0.06 0.09 0.13 0.04 0.13 0.03 0.14 0.01 0.05 0.02 0.07 0.04 0.02 0.01 0.10 0.05 0.02 0.11 0.02 0.04 0.04 0.03 0.12 0.04
37 100000.00 0.09 0.09 0.11 0.14 0.06 0.05 0.20 0.14 0.20 0.09 0.11 0.18 0.05 0.11 0.14 0.09 0.13 0.11 0.14 0.20 0.11 0.07 0.20 0.07 0.06 0.02 0.04 0.07 0.04 0.01 0.05 0.09 0.05 0.06 0.04 0.05 0.01 0.08 0.04 0.03 0.03 0.06 0.08 0.12 0.05 0.03 0.05 0.03
38 100000.00 0.05 0.10 0.10 0.14 0.28 0.08 0.10 0.20 0.22 0.19 0.22 0.07 0.05 0.23 0.14 0.28 0.22 0.07 0.08 0.22 0.13 0.10 0.10 0.14 0.03 0.07 0.03 0.03 0.07 0.04 0.06 0.11 0.05 0.10 0.13 0.03 0.02 0.15 0.10 0.10 0.08 0.03 0.02 0.13 0.07 0.05 0.03 0.09
39 100000.00 0.17 0.13 0.13 0.20 0.31 0.26 0.13 0.17 0.22 0.07 0.22 0.07 0.14 0.05 0.14 0.13 0.13 0.16 0.11 0.07 0.25 0.10 0.22 0.17 0.06 0.03 0.08 0.12 100000.00 0.09 100000.00 100000.00 100000.00 0.04 0.04 0.02 0.05 0.02 100000.00 100000.00 100000.00 0.04 0.05 0.04 0.16 0.07 0.04 0.06
40 100000.00 0.08 0.19 0.13 0.16 0.22 0.26 0.13 0.20 0.28 0.25 0.22 0.07 0.23 0.23 0.05 0.31 0.19 0.35 0.20 0.13 0.07 0.16 0.13 0.14 0.03 0.13 0.08 0.04 0.06 0.18 0.03 0.11 0.17 0.10 0.05 0.02 0.14 0.14 0.01 0.13 0.07 0.24 0.04 0.07 0.02 0.04 0.05 0.06
41 100000.00 0.05 0.07 0.07 0.05 0.07 0.05 0.07 0.05 0.07 0.07 0.07 0.07 0.05 0.05 0.05 0.07 0.07 0.07 0.05 0.07 0.07 0.07 0.07 0.05 0.03 0.03 0.02 0.03 100000.00 0.03 100000.00 0.03 0.03 0.02 0.03 0.03 0.01 0.01 100000.00 0.04 0.05 0.02 100000.00 0.04 0.03 0.04 100000.00 0.02
42 100000.00 0.08 0.07 0.10 0.05 0.10 0.05 0.07 0.05 0.07 0.07 0.10 0.10 0.05 0.05 0.08 0.07 0.10 0.10 0.08 0.07 0.07 0.07 0.07 0.05 0.02 0.01 0.02 0.03 0.04 0.01 0.04 0.02 0.04 0.03 0.05 0.03 0.03 0.03 0.03 0.04 0.02 0.04 0.02 0.03 0.03 0.04 0.03 0.03
43 100000.00 0.07 0.06 0.12 0.07 0.12 0.10 0.12 0.04 0.06 0.12 0.06 0.06 0.10 0.04 0.07 0.12 0.06 0.12 0.07 0.12 0.09 0.09 0.09 0.04 0.02 0.02 0.09 0.02 0.08 0.06 0.07 0.02 0.02 0.07 0.02 0.02 0.04 0.02 0.02 0.08 0.04 0.08 0.03 0.08 0.05 0.06 0.03 0.02
44 100000.00 0.12 0.05 0.05 0.03 0.11 0.12 0.11 0.03 0.14 0.05 0.08 0.11 0.12 0.12 0.06 0.05 0.08 0.11 0.09 0.11 0.05 0.08 0.08 0.06 0.04 0.01 0.03 0.02 0.07 0.06 0.05 0.01 0.04 0.01 0.06 0.04 0.04 0.08 0.04 0.02 0.03 0.05 0.05 0.08 0.02 0.06 0.02 0.02
45 100000.00 0.09 0.09 0.09 0.09 0.08 0.14 0.15 0.04 0.06 0.08 0.11 0.11 0.07 0.13 0.09 0.13 0.06 0.11 0.04 0.08 0.06 0.15 0.06 0.04 0.05 100000.00 0.05 0.05 100000.00 0.09 0.05 100000.00 100000.00 0.04 100000.00 0.07 0.04 0.09 100000.00 0.08 0.04 0.02 100000.00 0.05 0.01 0.05 0.03 0.01
46 100000.00 0.15 0.12 0.12 0.12 0.21 0.16 0.06 0.06 0.18 0.15 0.06 0.21 0.12 0.15 0.09 0.06 0.18 0.09 0.15 0.18 0.06 0.18 0.09 0.16 0.03 0.04 0.05 0.08 0.09 0.08 0.04 0.03 0.09 0.06 0.04 0.08 0.06 0.05 0.07 0.04 0.11 0.05 0.06 0.12 0.02 0.06 0.03 0.07
47 100000.00 0.08 0.13 0.23 0.18 0.10 0.11 0.14 0.11 0.25 0.25 0.13 0.23 0.21 0.14 0.17 0.19 0.13 0.20 0.08 0.10 0.19 0.26 0.17 0.21 0.04 0.06 0.15 0.10 0.05 0.02 0.08 0.04 0.18 0.17 0.06 0.12 0.07 0.07 0.08 0.05 0.08 0.04 0.04 0.02 0.07 0.14 0.03 0.07
48 100000.00 0.12 0.20 0.20 0.09 0.08 0.24 0.30 0.15 0.26 0.17 0.23 0.23 0.18 0.21 0.21 0.14 0.26 0.20 0.21 0.17 0.14 0.14 0.30 0.15 0.07 0.08 0.11 0.03 0.02 0.06 0.07 0.11 0.12 0.05 0.15 0.07 0.09 0.06 0.09 0.09 0.12 0.10 0.12 0.06 0.05 0.08 0.19 0.04
49 100000.00 0.13 0.25 0.09 0.04 0.15 0.25 0.25 0.04 0.18 0.15 0.15 0.19 0.26 0.16 0.16 0.09 0.18 0.25 0.13 0.24 0.15 0.28 0.19 0.22 0.07 0.17 0.04 0.02 0.06 0.11 0.14 0.02 0.08 0.07 0.05 0.08 0.17 0.05 0.05 0.05 0.06 0.06 0.03 0.15 0.08 0.10 0.12 0.14
50 100000.00 0.16 0.16 0.19 0.10 0.10 0.26 0.28 0.14 0.34 0.16 0.34 0.28 0.23 0.04 0.26 0.13 0.10 0.34 0.29 0.22 0.16 0.31 0.10 0.16 0.10 0.10 0.07 0.04 0.04 0.18 0.14 0.05 0.09 0.08 0.12 0.15 0.14 0.01 0.11 0.04 0.03 0.17 0.14 0.09 0.06 0.16 0.06 0.07
51 100000.00 0.04 0.06 0.06 0.04 0.06 0.04 0.06 0.04 0.06 0.06 0.06 0.06 0.04 0.04 0.04 0.06 0.06 0.06 0.04 0.06 0.06 0.06 0.06 0.04 0.01 100000.00 0.03 0.02 100000.00 0.01 100000.00 0.02 0.02 0.03 0.04 100000.00 0.02 0.02 0.01 0.04 100000.00 0.04 0.02 0.04 0.02 100000.00 0.03 0.02
52 100000.00 0.04 0.06 0.06 0.04 0.09 0.04 0.09 0.07 0.09 0.06 0.09 0.09 0.07 0.07 0.04 0.09 0.06 0.06 0.07 0.09 0.09 0.06 0.09 0.04 0.02 0.04 0.02 0.02 0.05 0.01 0.06 0.03 0.04 0.04 0.06 0.04 0.04 0.03 0.02 0.06 0.04 0.01 0.01 0.05 0.05 0.03 0.04 0.02
53 100000.00 0.06 0.06 0.08 0.04 0.08 0.06 0.10 0.06 0.08 0.10 0.10 0.06 0.04 0.08 0.08 0.08 0.08 0.10 0.04 0.08 0.06 0.08 0.10 0.08 0.01 0.04 0.03 0.01 0.02 0.02 0.03 0.03 100000.00 0.03 0.05 0.03 0.01 0.02 0.05 0.05 0.03 100000.00 100000.00 100000.00 0.03 0.05 0.05 100000.00
54 100000.00 0.05 0.10 0.10 0.08 0.13 0.11 0.14 0.08 0.13 0.16 0.16 0.13 0.08 0.11 0.05 0.10 0.16 0.17 0.08 0.13 0.13 0.07 0.17 0.14 0.01 0.04 0.05 0.05 0.05 0.07 0.04 0.04 0.06 0.06 0.09 0.04 0.05 0.03 0.03 0.05 0.08 0.05 0.03 0.08 0.07 0.04 0.04 0.06
55 100000.00 0.11 0.10 0.16 0.14 0.10 0.08 0.07 0.11 0.10 0.19 0.19 0.19 0.11 0.17 0.11 0.19 0.19 0.13 0.05 0.16 0.16 0.13 0.16 0.14 0.06 100000.00 0.10 0.05 0.03 0.03 0.03 100000.00 100000.00 0.13 0.10 0.11 0.07 100000.00 0.07 0.07 0.07 100000.00 100000.00 0.07 0.06 0.09 0.08 100000.00
56 100000.00 0.14 0.07 0.19 0.14 0.16 0.05 0.09 0.12 0.09 0.16 0.16 0.09 0.12 0.14 0.05 0.16 0.19 0.07 0.12 0.07 0.09 0.19 0.16 0.05 0.10 100000.00 0.10 0.04 0.11 0.01 0.02 0.04 100000.00 0.09 0.10 100000.00 0.07 0.06 0.02 0.11 0.06 0.02 100000.00 100000.00 0.06 0.13 0.10 0.02
57 100000.00 0.20 0.25 0.22 0.10 0.25 0.07 0.22 0.10 0.16 0.07 0.25 0.10 0.10 0.10 0.13 0.16 0.25 0.07 0.04 0.10 0.25 0.10 0.19 0.13 0.04 0.09 100000.00 0.03 100000.00 100000.00 100000.00 0.03 100000.00 100000.00 0.15 0.05 0.06 0.06 0.07 0.08 100000.00 0.03 0.01 0.06 0.08 100000.00 0.11 100000.00
58 100000.00 0.07 0.07 0.18 0.05 0.21 0.19 0.09 0.14 0.07 0.07 0.23 0.07 0.19 0.14 0.07 0.16 0.07 0.16 0.12 0.21 0.16 0.21 0.11 0.19 0.02 0.03 0.12 0.03 0.13 0.13 0.04 0.09 0.04 0.04 0.12 0.04 0.04 0.08 0.05 0.10 0.05 0.05 0.02 0.14 0.11 0.13 0.03 0.05
59 100000.00 0.17 0.13 0.13 0.04 0.22 0.10 0.25 0.23 0.22 0.10 0.07 0.10 0.10 0.07 0.26 0.25 0.10 0.13 0.23 0.25 0.28 0.13 0.25 0.23 0.04 0.04 0.06 0.02 0.06 0.05 0.06 0.05 0.11 0.03 0.03 0.04 0.04 0.04 0.11 0.06 0.06 0.03 0.14 0.08 0.18 0.03 0.13 0.07
60 100000.00 0.10 0.16 0.16 0.04 0.34 0.25 0.13 0.13 0.16 0.22 0.06 0.25 0.07 0.07 0.16 0.28 0.13 0.25 0.28 0.13 0.06 0.16 0.07 0.16 0.07 0.09 0.10 0.02 0.21 0.13 0.04 0.03 0.08 0.07 0.03 0.10 0.04 0.03 0.09 0.11 0.09 0.10 0.06 0.09 0.05 0.04 0.03 0.10
61 100000.00 0.06 0.08 0.08 0.06 0.08 0.06 0.08 0.06 0.08 0.08 0.08 0.08 0.06 0.06 0.06 0.08 0.08 0.08 0.06 0.08 0.08 0.08 0.08 0.06 0.03 0.04 0.04 0.01 0.05 0.02 0.04 0.02 0.05 0.03 0.03 0.02 0.04 0.02 0.04 0.04 0.04 0.04 0.04 0.03 0.04 0.04 0.04 0.04
62 100000.00 0.06 0.08 0.08 0.06 0.11 0.06 0.08 0.08 0.10 0.07 0.10 0.11 0.09 0.09 0.09 0.07 0.07 0.11 0.09 0.10 0.07 0.11 0.11 0.06 0.03 0.03 0.05 100000.00 100000.00 0.02 0.05 0.02 100000.00 0.02 0.06 0.06 100000.00 100000.00 0.02 0.05 0.04 0.04 0.06 0.03 0.02 0.07 0.06 0.02
63 100000.00 0.09 0.11 0.09 0.04 0.11 0.07 0.11 0.09 0.09 0.09 0.06 0.09 0.04 0.07 0.09 0.11 0.06 0.06 0.09 0.11 0.11 0.11 0.06 0.04 0.03 0.05 0.03 0.01 0.05 0.04 0.05 0.02 0.04 0.02 0.04 0.02 0.01 0.04 0.04 0.03 0.01 0.04 0.02 0.02 0.07 0.03 0.02 0.02
64 100000.00 0.09 0.17 0.07 0.14 0.14 0.06 0.07 0.06 0.07 0.17 0.13 0.11 0.09 0.06 0.14 0.10 0.10 0.11 0.09 0.07 0.10 0.11 0.11 0.14 0.04 0.10 0.05 0.04 0.04 0.02 0.03 0.04 0.03 0.09 0.09 0.07 0.04 0.03 0.07 0.06 0.05 0.05 0.06 0.04 0.06 0.06 0.06 0.04
65 100000.00 0.05 0.16 0.19 0.17 0.19 0.08 0.13 0.14 0.10 0.10 0.13 0.13 0.05 0.08 0.17 0.19 0.16 0.07 0.05 0.10 0.16 0.10 0.13 0.08 0.02 0.07 0.11 100000.00 100000.00 0.04 0.07 100000.00 0.07 100000.00 0.03 0.08 0.02 0.02 0.07 0.11 0.09 0.04 0.03 0.03 100000.00 0.05 0.08 0.04
66 100000.00 0.16 0.12 0.06 0.13 0.12 0.10 0.19 0.13 0.12 0.06 0.18 0.09 0.16 0.07 0.07 0.15 0.09 0.06 0.16 0.09 0.12 0.16 0.19 0.10 0.05 100000.00 100000.00 100000.00 0.06 0.06 0.12 0.05 100000.00 0.03 0.12 100000.00 0.08 100000.00 0.03 0.06 0.05 0.02 100000.00 0.05 0.04 0.09 100000.00 100000.00
67 100000.00 0.11 0.16 0.13 0.17 0.10 0.11 0.07 0.20 0.07 0.19 0.10 0.16 0.17 0.08 0.05 0.22 0.19 0.13 0.17 0.22 0.22 0.19 0.10 0.08 0.06 0.07 0.06 0.06 0.07 0.03 0.03 0.11 0.03 0.11 0.05 0.04 0.05 0.03 0.02 0.05 0.08 0.06 0.07 0.10 0.08 0.12 0.04 0.02
68 100000.00 0.07 0.22 0.15 0.13 0.06 0.04 0.08 0.13 0.13 0.15 0.15 0.08 0.13 0.18 0.18 0.22 0.18 0.08 0.13 0.18 0.22 0.15 0.20 0.18 0.04 0.14 100000.00 100000.00 0.01 0.03 0.06 100000.00 100000.00 0.10 0.04 0.04 100000.00 0.11 0.07 100000.00 0.05 100000.00 0.04 0.07 0.05 100000.00 0.10 0.05
69 100000.00 0.12 0.07 0.23 0.10 0.21 0.14 0.26 0.05 0.25 0.09 0.14 0.21 0.19 0.19 0.10 0.23 0.14 0.19 0.14 0.21 0.09 0.23 0.23 0.14 0.05 0.02 0.11 0.04 0.08 0.04 0.08 0.03 0.14 0.05 0.05 0.08 0.05 0.13 0.04 0.08 0.03 0.06 0.07 0.09 0.05 0.10 0.14 0.05
70 100000.00 0.08 0.13 0.26 0.23 0.29 0.08 0.23 0.05 0.28 0.10 0.07 0.26 0.14 0.11 0.11 0.25 0.31 0.29 0.17 0.31 0.31 0.13 0.26 0.17 0.05 0.07 0.18 0.15 0.13 0.05 0.12 0.03 0.12 0.04 0.03 0.13 0.03 0.06 0.06 0.12 0.09 0.11 0.06 0.11 0.08 0.08 0.05 0.06
71 100000.00 0.05 0.07 0.07 0.05 0.07 0.05 0.07 0.05 0.07 0.07 0.07 0.07 0.05 0.05 0.05 0.07 0.07 0.07 0.05 0.07 0.07 0.07 0.07 0.05 100000.00 100000.00 100000.00 0.01 0.03 0.02 0.05 0.03 100000.00 100000.00 100000.00 0.04 100000.00 0.03 100000.00 100000.00 0.03 0.03 0.04 100000.00 0.02 0.03 0.04 100000.00
72 100000.00 0.04 0.06 0.09 0.07 0.09 0.04 0.06 0.07 0.06 0.06 0.09 0.06 0.07 0.04 0.07 0.06 0.09 0.06 0.04 0.06 0.09 0.06 0.06 0.04 0.01 0.02 0.06 0.02 0.05 0.03 0.04 0.04 0.04 0.04 0.05 0.03 0.02 0.03 0.02 0.02 0.04 0.04 0.02 0.04 0.05 0.04 0.02 0.03
73 100000.00 0.06 0.14 0.11 0.06 0.14 0.09 0.14 0.06 0.11 0.11 0.07 0.14 0.09 0.11 0.11 0.11 0.11 0.08 0.09 0.07 0.14 0.08 0.14 0.06 0.03 0.03 0.05 0.03 0.03 0.04 0.07 0.04 0.03 0.04 0.04 0.06 0.05 0.08 0.04 0.02 0.04 0.05 0.02 0.04 0.07 0.03 0.07 0.01
74 100000.00 0.13 0.16 0.09 0.13 0.09 0.13 0.09 0.13 0.12 0.15 0.06 0.12 0.04 0.07 0.07 0.15 0.12 0.09 0.04 0.15 0.15 0.13 0.06 0.07 0.06 0.06 0.05 0.07 0.04 0.07 0.03 0.04 0.04 0.08 0.04 0.03 0.02 0.03 0.03 0.07 0.05 0.04 0.03 0.04 0.09 0.03 0.03 0.03
75 100000.00 0.13 0.08 0.15 0.04 0.13 0.09 0.08 0.04 0.15 0.08 0.15 0.15 0.11 0.09 0.11 0.06 0.13 0.08 0.04 0.15 0.08 0.08 0.08 0.09 0.07 0.04 0.11 0.02 0.04 0.02 0.05 0.01 0.07 0.03 0.09 0.04 0.07 0.02 0.05 0.02 0.09 0.02 0.02 0.08 0.04 0.02 0.06 0.04
76 100000.00 0.14 0.20 0.23 0.17 0.23 0.14 0.11 0.11 0.14 0.17 0.14 0.17 0.09 0.18 0.14 0.14 0.08 0.20 0.06 0.17 0.08 0.17 0.20 0.06 0.09 0.09 0.12 0.06 0.08 0.07 0.05 0.07 0.03 0.06 0.08 0.06 0.04 0.08 0.08 0.05 0.05 0.12 0.02 0.08 0.04 0.11 0.13 0.03
77 100000.00 0.15 0.20 0.17 0.09 0.20 0.06 0.23 0.12 0.26 0.20 0.14 0.17 0.21 0.18 0.09 0.17 0.14 0.11 0.12 0.20 0.11 0.20 0.11 0.15 0.07 0.13 0.12 0.06 100000.00 0.03 0.13 0.03 0.13 100000.00 100000.00 100000.00 0.08 100000.00 0.03 100000.00 0.04 0.06 0.03 0.09 0.06 100000.00 0.06 0.09
78 100000.00 0.08 0.28 0.19 0.17 0.28 0.17 0.19 0.14 0.22 0.16 0.22 0.22 0.14 0.17 0.08 0.28 0.22 0.13 0.17 0.10 0.13 0.10 0.16 0.14 0.04 0.19 0.10 0.10 0.12 0.07 0.08 0.08 0.10 0.04 0.13 0.13 0.04 0.06 0.03 0.06 0.05 0.05 0.06 0.04 0.08 0.03 0.10 0.08
79 100000.00 0.17 0.05 0.05 0.15 0.08 0.15 0.12 0.10 0.10 0.24 0.08 0.05 0.19 0.10 0.19 0.05 0.24 0.05 0.19 0.05 0.14 0.12 0.19 0.12 0.09 0.01 0.03 0.04 0.05 0.08 0.08 0.03 0.04 0.16 0.05 0.02 0.09 0.03 0.05 0.03 0.12 0.03 0.09 0.03 0.03 0.07 0.04 0.08
80 100000.00 0.23 0.16 0.32 0.29 0.16 0.23 0.16 0.08 0.13 0.25 0.28 0.16 0.05 0.14 0.11 0.22 0.13 0.35 0.23 0.19 0.16 0.19 0.26 0.17 0.10 0.03 0.18 0.10 0.04 0.15 0.08 0.04 0.04 0.14 0.07 0.05 0.03 0.03 0.04 0.12 0.09 0.17 0.12 0.08 0.08 0.08 0.15 0.09
81 100000.00 0.05 0.07 0.07 0.05 0.07 0.05 0.07 0.05 0.07 0.07 0.07 0.07 0.05 0.05 0.05 0.07 0.07 0.07 0.05 0.07 0.07 0.07 0.07 0.05 0.02 0.03 0.02 0.03 0.02 0.03 0.05 0.02 0.04 0.03 0.04 0.04 0.02 0.03 0.02 0.02 0.02 0.04 0.04 0.04 0.02 0.04 0.05 0.01
82 100000.00 0.05 0.11 0.11 0.08 0.11 0.05 0.08 0.05 0.08 0.08 0.11 0.11 0.08 0.08 0.08 0.11 0.11 0.11 0.05 0.08 0.08 0.08 0.08 0.05 0.04 100000.00 0.07 0.04 0.07 0.03 0.03 0.03 100000.00 0.04 0.05 0.02 0.04 0.05 0.03 0.03 0.06 100000.00 100000.00 100000.00 0.04 100000.00 100000.00 0.03
83 100000.00 0.08 0.13 0.13 0.05 0.10 0.05 0.13 0.11 0.07 0.10 0.07 0.07 0.11 0.11 0.08 0.13 0.07 0.13 0.08 0.07 0.13 0.10 0.13 0.05 0.04 0.07 0.09 0.02 0.07 0.03 0.03 0.07 0.02 0.07 0.03 0.03 0.04 0.07 0.03 0.07 0.02 0.08 0.03 0.03 0.08 0.04 0.09 0.01
84 100000.00 0.09 0.15 0.09 0.07 0.09 0.04 0.06 0.06 0.06 0.09 0.12 0.12 0.04 0.09 0.04 0.15 0.12 0.09 0.12 0.09 0.06 0.12 0.12 0.07 0.03 0.08 0.02 0.02 0.04 0.01 0.03 0.03 0.01 0.03 0.08 0.07 0.02 0.05 0.02 0.08 0.07 0.02 0.03 0.05 0.04 0.05 0.05 0.01
85 100000.00 0.04 0.15 0.06 0.08 0.06 0.04 0.15 0.06 0.06 0.08 0.15 0.06 0.06 0.08 0.13 0.15 0.15 0.10 0.11 0.10 0.13 0.06 0.08 0.04 100000.00 0.10 100000.00 0.03 100000.00 100000.00 0.06 0.04 100000.00 0.04 0.06 100000.00 100000.00 0.02 0.07 0.04 0.08 0.06 100000.00 0.07 0.08 0.04 0.05 100000.00
86 100000.00 0.15 0.23 0.14 0.18 0.23 0.06 0.08 0.18 0.14 0.23 0.23 0.23 0.06 0.15 0.06 0.23 0.08 0.11 0.09 0.08 0.11 0.08 0.11 0.18 0.04 0.10 0.08 0.13 0.09 0.03 0.05 0.09 0.07 0.15 0.16 0.07 0.02 0.07 0.03 0.15 0.03 0.04 0.02 0.05 0.05 0.05 0.06 0.11
87 100000.00 0.07 0.09 0.16 0.13 0.21 0.16 0.16 0.04 0.09 0.06 0.12 0.16 0.04 0.16 0.07 0.12 0.24 0.25 0.07 0.21 0.12 0.16 0.06 0.10 0.03 0.04 0.09 0.07 0.05 0.03 0.05 0.01 0.03 0.01 0.07 0.09 0.01 0.07 0.04 0.03 0.16 0.14 0.03 0.08 0.07 0.08 0.03 0.06
88 100000.00 0.05 0.10 0.25 0.16 0.28 0.23 0.07 0.07 0.10 0.13 0.16 0.10 0.08 0.17 0.11 0.19 0.13 0.10 0.05 0.22 0.28 0.26 0.22 0.05 0.02 0.06 0.08 0.05 0.10 0.08 0.04 0.02 0.06 0.04 0.07 0.03 0.04 0.04 0.07 0.07 0.05 0.04 0.03 0.10 0.14 0.05 0.06 0.03
89 100000.00 0.10 0.31 0.07 0.16 0.13 0.10 0.31 0.19 0.16 0.06 0.19 0.31 0.19 0.22 0.25 0.25 0.22 0.13 0.20 0.22 0.19 0.22 0.25 0.13 0.05 0.15 0.03 0.05 0.08 0.07 0.20 0.12 0.05 0.02 0.06 0.15 0.11 0.14 0.11 0.12 0.13 0.07 0.06 0.14 0.12 0.08 0.07 0.03
<task rigidity>
1 1
2 8
3 5
4 4
5 1
6 3
7 1
8 7
9 3
10 4
11 1
12 6
13 7
14 1
15 3
16 10
17 9
18 8
19 9
20 4
21 2
22 4
23 3
24 5
25 8
26 9
27 6
28 1
29 1
30 4
31 2
32 1
33 4
34 2
35 7
36 8
37 9
38 6
39 7
40 1
41 6
42 10
43 3
44 3
45 6
46 10
47 7
48 8
49 4
50 10
51 2
52 3
53 5
54 4
55 1
56 10
57 1
58 8
59 1
60 3
61 2
62 3
63 10
64 1
65 6
66 6
67 3
68 10
69 4
70 7
71 3
72 4
73 2
74 10
75 4
76 2
77 4
78 6
79 5
80 2
81 8
82 6
83 8
84 2
85 1
86 1
87 7
88 2
89 6
<precedence relations>
1,2
2,3
3,4
4,5
4,6
4,7
4,8
4,9
5,10
6,11
7,12
8,18
9,18
10,14
11,12
12,13
13,14
14,15
14,16
15,17
16,54
17,18
18,19
18,20
19,22
20,21
20,28
21,54
22,23
23,24
24,25
25,26
25,27
25,29
26,37
27,33
28,29
29,31
30,54
31,32
32,33
33,34
34,35
35,36
35,37
36,38
37,38
38,39
39,40
39,41
39,42
39,43
40,44
41,53
42,53
43,45
44,52
45,46
46,47
47,48
47,49
49,50
50,51
51,52
52,53
53,68
53,69
53,70
53,71
54,55
55,56
56,57
57,58
57,59
57,60
57,61
57,62
57,63
57,64
57,65
57,66
58,67
59,67
60,67
61,67
62,67
63,67
64,67
65,67
66,67
67,73
68,72
69,72
70,72
71,73
72,78
72,80
73,74
74,75
74,76
75,77
76,81
77,78
78,79
79,81
80,81
80,87
81,82
81,84
81,85
82,83
83,86
84,86
85,86
86,87
86,89
87,88
87,89
<end>