<number of tasks>
89
<number of stations>
16
<number of workers>
16
<type of the robots>
1
<limit of the robots>
5
<task times>
1 100000 1 1 1 1 1 1 1 1 1 1 1 1 1 1 1 1 1 100000 100000 1 1 1 100000 1 100000 100000 1 1 1 100000 100000 100000
2 100000 2 2 2 1 1 2 2 1 1 2 2 1 1 1 2 1 2 100000 2 1 1 2 2 1 1 2 2 1 100000 1 2 1
3 4 3 2 1 2 3 1 2 3 1 2 1 2 3 3 2 2 2 2 1 2 2 1 2 2 1 2 1 2 2 2 2 2
4 5 2 4 3 1 3 2 1 3 1 4 1 2 1 2 4 2 2 3 2 1 2 2 1 2 1 3 1 2 1 2 3 2
5 100000 1 1 5 4 5 4 2 4 3 2 3 5 2 3 3 4 1 100000 4 100000 100000 3 2 100000 100000 2 3 100000 2 100000 3 3
6 8 5 4 4 5 4 6 1 4 6 4 5 6 4 5 5 5 4 3 3 4 3 5 1 3 5 3 4 4 3 4 4 4
7 100000 5 1 4 7 4 1 1 3 6 5 2 7 1 4 4 2 4 1 3 100000 3 1 100000 2 100000 100000 100000 5 1 100000 3 2
8 100000 7 6 6 3 6 8 6 8 2 4 4 7 4 3 7 7 5 5 100000 2 100000 6 4 6 2 3 3 100000 3 3 100000 100000
9 100000 8 4 3 4 2 3 7 2 8 7 4 5 9 7 5 1 100000 3 100000 3 100000 2 5 2 100000 100000 100000 4 100000 100000 4 100000
10 13 7 2 2 9 9 3 7 7 8 4 2 9 1 6 9 1 5 2 2 6 6 2 5 5 6 3 2 6 1 4 6 1
11 1 1 1 1 1 1 1 1 1 1 1 1 1 1 1 1 1 1 1 1 1 1 1 1 1 1 1 1 1 1 1 1 1
12 100000 1 1 1 1 1 1 2 1 2 1 1 1 2 1 1 1 1 1 1 1 100000 100000 100000 1 100000 1 1 100000 100000 1 100000 100000
13 4 1 3 1 1 1 1 1 3 3 2 1 1 1 1 2 3 1 2 1 1 1 1 1 3 2 2 1 1 1 1 2 3
14 5 2 3 1 4 1 4 4 2 1 1 3 1 2 1 4 2 2 2 1 3 1 3 3 2 1 1 3 1 2 1 3 2
15 6 1 2 4 5 2 5 3 4 1 4 1 3 1 4 1 3 1 2 3 4 2 4 3 3 1 3 1 2 1 3 1 3
16 100000 1 4 3 2 6 6 1 3 5 2 1 3 5 6 1 2 1 3 2 2 4 4 1 3 4 100000 1 3 100000 100000 1 100000
17 9 3 3 4 2 6 4 7 6 6 2 7 2 1 3 6 5 3 3 3 2 4 3 5 4 5 2 5 2 1 2 4 4
18 100000 5 1 3 4 5 8 2 3 7 6 7 3 8 1 6 8 4 1 2 3 100000 6 2 100000 100000 5 5 2 100000 100000 100000 5
19 11 4 1 5 2 2 3 7 8 5 6 4 2 6 7 9 9 3 1 4 2 2 2 5 6 4 5 3 2 5 5 6 7
20 14 7 7 4 6 10 1 9 6 8 5 3 7 1 4 8 3 5 5 3 5 7 1 6 5 6 4 3 5 1 3 5 3
21 100000 1 1 1 1 1 1 1 1 1 1 1 1 1 1 1 1 1 1 1 100000 1 100000 1 1 100000 1 100000 1 1 100000 1 1
22 2 1 1 2 1 1 1 1 2 2 2 1 1 2 1 2 1 1 1 2 1 1 1 1 2 2 2 1 1 2 1 2 1
23 100000 1 3 3 3 1 3 1 2 3 1 3 1 1 1 2 2 1 2 3 3 100000 100000 1 100000 3 1 100000 1 100000 100000 2 2
24 5 3 3 1 2 4 2 3 1 1 1 4 3 3 2 1 4 3 2 1 2 3 2 2 1 1 1 3 3 2 2 1 3
25 100000 5 4 1 3 5 4 1 1 1 3 2 4 1 3 2 3 4 100000 1 3 100000 3 1 1 100000 2 100000 100000 1 2 2 2
26 8 6 2 4 4 1 6 2 6 6 6 5 3 2 1 6 4 4 2 3 3 1 4 2 4 4 4 4 3 2 1 4 3
27 100000 1 6 1 6 6 4 3 4 1 6 4 1 1 1 1 6 1 4 1 4 4 100000 100000 100000 100000 5 3 100000 100000 1 100000 4
28 10 4 4 8 7 7 3 8 1 1 3 8 2 7 6 3 5 3 3 6 5 5 2 6 1 1 2 6 2 5 5 2 4
29 100000 2 1 2 3 2 8 3 5 1 1 7 1 7 3 1 3 2 1 2 2 2 6 2 4 1 1 100000 1 5 2 1 3
30 13 10 5 6 3 3 4 6 1 3 10 2 4 6 2 9 8 7 4 5 3 2 3 4 1 3 7 2 3 4 2 7 5
31 100000 1 1 1 1 1 1 1 1 1 1 1 1 1 1 1 1 1 1 1 1 100000 100000 1 100000 1 100000 1 1 1 1 1 1
32 100000 2 1 1 1 2 2 2 1 2 2 2 1 1 1 1 1 100000 1 1 1 100000 2 100000 1 100000 100000 100000 1 1 1 1 100000
33 3 2 1 1 1 3 3 2 1 3 1 2 3 1 3 3 2 2 1 1 1 2 2 2 1 2 1 2 2 1 3 2 2
34 100000 3 3 2 3 3 4 4 1 3 2 4 2 3 4 3 4 100000 3 100000 3 100000 3 100000 100000 2 2 100000 2 2 100000 2 3
35 6 5 1 5 4 5 2 1 1 3 5 2 2 2 5 4 2 4 1 4 3 4 2 1 1 2 4 2 2 2 4 3 2
36 100000 1 2 5 2 5 6 6 2 1 1 3 3 5 6 3 5 1 2 4 2 4 4 4 2 1 1 3 2 4 100000 2 4
37 100000 6 5 3 2 2 5 6 4 3 3 1 3 5 3 6 7 4 4 100000 2 100000 4 5 100000 2 3 1 3 4 100000 100000 5
38 100000 1 4 3 3 1 4 7 6 8 1 3 7 7 5 4 5 1 3 2 2 1 3 5 100000 6 100000 100000 5 100000 4 3 4
39 100000 9 1 2 2 7 9 3 4 2 5 7 9 8 7 7 9 100000 1 2 2 5 100000 100000 3 100000 4 100000 100000 5 100000 100000 100000
40 100000 2 7 10 1 7 10 8 5 3 7 6 1 3 6 1 7 100000 100000 7 100000 5 7 6 4 2 100000 4 1 100000 5 100000 5
41 1 1 1 1 1 1 1 1 1 1 1 1 1 1 1 1 1 1 1 1 1 1 1 1 1 1 1 1 1 1 1 1 1
42 2 1 2 1 2 2 1 2 2 2 2 2 2 2 1 1 2 1 2 1 2 2 1 2 2 2 2 2 2 2 1 1 2
43 100000 2 3 1 1 3 3 1 3 2 3 2 3 3 2 1 1 2 3 100000 1 3 100000 1 100000 100000 2 2 100000 100000 100000 1 1
44 5 3 3 1 3 1 3 2 4 2 1 4 1 1 2 3 3 2 2 1 3 1 3 2 3 2 1 3 1 1 2 2 2
45 100000 2 2 1 1 5 4 1 3 4 1 3 5 1 1 4 4 100000 2 100000 100000 4 100000 1 2 3 1 3 4 1 1 3 3
46 8 1 5 6 5 2 1 1 6 3 6 5 2 6 1 3 3 1 4 4 4 2 1 1 4 2 4 4 2 4 1 2 2
47 100000 2 5 7 5 3 4 7 3 1 2 7 6 4 6 4 7 2 100000 100000 4 3 100000 5 2 1 100000 5 4 100000 100000 100000 5
48 11 3 7 2 6 5 5 5 2 7 1 8 6 7 8 3 1 2 5 2 4 4 4 4 2 5 1 6 4 5 6 3 1
49 100000 7 6 7 5 8 4 4 4 2 1 4 9 9 9 8 6 5 5 5 4 6 3 100000 100000 100000 100000 3 100000 6 100000 5 4
50 14 8 8 4 3 4 4 9 7 4 5 5 2 9 3 6 3 5 6 3 3 3 3 6 5 3 4 4 2 6 2 4 2
51 100000 1 1 1 1 1 1 1 1 1 1 1 1 1 1 1 1 100000 1 1 100000 1 1 1 1 1 1 1 1 100000 1 1 100000
52 2 1 1 1 2 2 2 2 2 2 2 1 1 2 2 1 2 1 1 1 2 2 2 2 2 2 2 1 1 2 2 1 2
53 100000 2 1 2 2 2 2 1 2 2 3 3 1 1 3 3 2 100000 100000 2 100000 100000 2 1 2 100000 2 2 100000 1 3 2 100000
54 100000 4 4 1 2 3 3 2 2 3 1 3 1 1 4 4 2 3 3 100000 2 3 2 100000 2 100000 100000 100000 100000 100000 3 3 100000
55 6 4 5 1 2 4 1 2 2 3 4 5 1 2 4 1 1 3 4 1 2 3 1 2 2 3 3 4 1 2 3 1 1
56 8 1 6 3 1 2 6 2 1 1 6 2 1 4 3 4 3 1 5 3 1 2 4 2 1 1 4 2 1 3 3 3 2
57 100000 4 3 5 1 7 3 4 1 1 4 7 5 1 6 5 3 3 2 4 100000 5 2 100000 1 1 3 5 100000 1 100000 100000 3
58 10 2 6 6 2 1 5 3 5 2 1 3 8 3 1 4 1 2 5 5 2 1 4 2 4 2 1 2 6 2 1 3 1
59 12 3 3 6 2 1 5 4 7 8 8 1 1 8 8 3 6 2 2 5 2 1 4 3 5 6 6 1 1 6 6 2 4
60 14 4 7 4 5 10 4 9 4 1 6 9 3 4 9 8 3 3 5 3 4 7 3 7 3 1 4 6 3 3 7 6 3
61 100000 1 1 1 1 1 1 1 1 1 1 1 1 1 1 1 1 1 1 1 1 1 1 1 1 1 1 1 100000 1 1 1 1
62 2 1 2 1 1 1 1 2 1 1 2 1 1 2 1 1 2 1 2 1 1 1 1 2 1 1 2 1 1 2 1 1 2
63 4 1 1 2 2 1 3 3 1 1 3 3 2 1 1 3 3 1 1 2 2 1 2 2 1 1 3 2 2 1 1 3 2
64 100000 1 1 1 3 3 3 4 1 3 4 1 2 1 3 1 4 1 100000 1 100000 100000 2 3 1 100000 100000 100000 100000 1 100000 100000 100000
65 6 1 1 3 5 4 3 5 3 2 1 2 4 5 4 3 3 1 1 3 4 3 3 4 2 2 1 2 3 4 3 2 2
66 100000 1 4 2 4 6 1 2 3 3 6 2 2 6 3 6 3 1 3 2 3 4 1 2 3 2 4 2 100000 100000 2 4 3
67 100000 5 2 6 4 4 5 6 6 1 3 7 4 7 4 4 4 100000 2 100000 3 3 100000 5 4 1 100000 5 100000 5 3 3 3
68 100000 1 8 8 1 5 5 8 8 8 8 6 3 1 8 5 1 1 6 6 1 100000 4 100000 100000 6 6 100000 2 1 100000 4 1
69 12 3 7 8 1 4 3 2 1 9 2 3 3 4 9 8 8 2 5 5 1 3 2 2 1 6 2 2 2 3 7 6 6
70 14 4 4 7 5 1 10 1 4 6 10 1 5 10 8 1 4 3 3 5 4 1 7 1 3 4 7 1 4 7 6 1 3
71 100000 1 1 1 1 1 1 1 1 1 1 1 1 1 1 1 1 1 1 100000 100000 100000 1 100000 1 1 1 100000 1 100000 1 1 1
72 2 1 2 2 2 2 2 1 2 1 1 1 1 2 1 1 1 1 2 2 2 2 2 1 2 1 1 1 1 2 1 1 1
73 100000 1 1 1 3 3 1 2 1 3 1 3 1 3 2 2 1 1 100000 1 3 3 100000 2 1 3 1 100000 1 2 2 2 1
74 5 2 3 2 1 3 1 1 3 4 2 1 3 2 4 3 3 2 3 2 1 2 1 1 2 3 2 1 2 2 3 2 2
75 100000 4 3 2 2 4 2 4 4 2 3 2 5 2 2 1 2 3 2 100000 100000 3 2 100000 100000 2 3 2 4 2 2 1 2
76 7 5 5 1 3 2 5 4 1 3 4 4 4 3 3 5 3 4 4 1 2 2 4 3 1 2 3 3 3 3 2 4 2
77 9 1 4 4 2 2 4 1 5 6 7 4 2 2 1 7 3 1 3 3 2 2 3 1 4 4 5 3 2 2 1 5 2
78 10 1 4 4 1 5 2 7 4 2 4 7 8 3 4 6 4 1 3 3 1 4 2 5 3 2 3 5 6 2 3 4 3
79 12 9 1 8 7 9 9 7 3 2 6 8 2 4 9 3 2 6 1 6 5 6 7 5 2 2 4 6 2 3 7 3 2
80 14 1 1 3 8 4 3 7 1 3 7 2 7 6 3 6 7 1 1 3 6 3 3 5 1 2 5 2 5 4 3 4 5
81 1 1 1 1 1 1 1 1 1 1 1 1 1 1 1 1 1 1 1 1 1 1 1 1 1 1 1 1 1 1 1 1 1
82 2 1 2 2 1 1 2 1 2 2 1 1 1 1 1 1 1 1 2 2 1 1 2 1 2 2 1 1 1 1 1 1 1
83 3 1 1 1 2 2 3 3 2 3 2 2 3 1 3 1 3 1 1 1 2 2 2 3 2 2 2 2 2 1 3 1 3
84 5 1 3 4 1 3 3 2 2 2 1 3 3 2 1 1 1 1 2 3 1 3 3 2 2 2 1 2 3 2 1 1 1
85 100000 4 4 4 1 5 5 2 5 5 2 1 2 3 3 4 3 3 3 100000 1 100000 4 100000 4 4 2 100000 2 3 100000 3 3
86 100000 6 3 3 1 1 2 1 1 5 4 3 1 1 2 4 2 4 100000 2 1 1 2 1 1 4 3 2 100000 1 2 3 2
87 9 2 7 7 7 2 4 6 4 2 7 2 5 2 1 3 1 2 5 5 5 2 3 4 3 2 5 2 4 2 1 3 1
88 11 7 8 7 8 2 8 1 3 7 7 7 4 5 6 3 2 5 6 5 6 2 6 1 2 5 5 5 3 4 4 3 2
89 12 5 5 4 7 3 6 5 8 3 1 4 9 1 3 7 7 4 4 3 5 3 5 4 6 2 1 3 7 1 3 5 5
<posture of tasks>
1 1
2 1
3 1
4 1
5 1
6 1
7 1
8 0
9 1
10 0
11 1
12 1
13 1
14 0
15 1
16 1
17 0
18 1
19 1
20 1
21 1
22 1
23 0
24 1
25 1
26 0
27 1
28 1
29 1
30 1
31 1
32 1
33 0
34 1
35 1
36 0
37 1
38 1
39 1
40 1
41 1
42 1
43 1
44 0
45 1
46 0
47 0
48 0
49 1
50 0
51 0
52 1
53 1
54 1
55 1
56 1
57 1
58 1
59 0
60 0
61 1
62 1
63 1
64 1
65 1
66 1
67 1
68 0
69 1
70 1
71 1
72 1
73 1
74 0
75 1
76 1
77 1
78 0
79 0
80 1
81 0
82 0
83 1
84 0
85 0
86 1
87 1
88 0
89 1
<max energy cosumption of alternatives>
1 100000.00
2 4.96
3 5.03
4 4.46
5 2.51
6 4.74
7 2.61
8 3.09
9 5.61
10 4.32
11 4.61
12 4.36
13 4.87
14 2.63
15 2.75
16 4.89
17 2.88
<energy cosumption of alternatives>
1 100000.00 0.06 0.06 0.06 0.04 0.06 0.04 0.04 0.06 0.06 0.06 0.06 0.06 0.04 0.04 0.06 0.04 0.02 100000.00 100000.00 0.02 0.04 0.01 100000.00 0.01 100000.00 100000.00 0.03 0.01 0.01 100000.00 100000.00 100000.00
2 100000.00 0.11 0.11 0.11 0.05 0.08 0.08 0.08 0.08 0.08 0.11 0.11 0.08 0.06 0.06 0.11 0.05 0.05 100000.00 0.03 0.03 0.05 0.06 0.05 0.05 0.02 0.04 0.03 0.02 100000.00 0.02 0.07 0.02
3 100000.00 0.12 0.09 0.06 0.07 0.12 0.04 0.07 0.12 0.06 0.09 0.06 0.09 0.10 0.10 0.09 0.07 0.07 0.05 0.01 0.05 0.05 0.02 0.04 0.06 0.02 0.05 0.02 0.06 0.05 0.05 0.06 0.02
4 100000.00 0.10 0.16 0.13 0.05 0.13 0.08 0.05 0.13 0.07 0.16 0.07 0.10 0.05 0.08 0.16 0.08 0.02 0.07 0.05 0.01 0.08 0.05 0.02 0.08 0.04 0.11 0.02 0.06 0.02 0.05 0.05 0.04
5 100000.00 0.08 0.08 0.20 0.15 0.20 0.15 0.09 0.17 0.14 0.11 0.14 0.20 0.09 0.12 0.14 0.15 0.03 100000.00 0.11 100000.00 100000.00 0.10 0.05 100000.00 100000.00 0.06 0.05 100000.00 0.04 100000.00 0.09 0.08
6 100000.00 0.19 0.16 0.16 0.14 0.16 0.17 0.05 0.16 0.22 0.16 0.19 0.22 0.14 0.17 0.19 0.14 0.07 0.08 0.10 0.03 0.09 0.06 0.03 0.09 0.06 0.06 0.09 0.13 0.09 0.09 0.05 0.06
7 100000.00 0.18 0.06 0.15 0.19 0.15 0.04 0.04 0.12 0.21 0.18 0.09 0.24 0.04 0.13 0.15 0.07 0.12 0.04 0.10 100000.00 0.06 0.03 100000.00 0.08 100000.00 100000.00 100000.00 0.10 0.01 100000.00 0.05 0.05
8 100000.00 0.21 0.19 0.19 0.10 0.19 0.19 0.15 0.23 0.10 0.14 0.14 0.21 0.12 0.10 0.21 0.17 0.08 0.13 100000.00 0.04 100000.00 0.11 0.03 0.16 0.05 0.06 0.10 100000.00 0.07 0.03 100000.00 100000.00
9 100000.00 0.29 0.17 0.14 0.14 0.11 0.11 0.21 0.11 0.29 0.26 0.17 0.20 0.27 0.21 0.20 0.06 100000.00 0.05 100000.00 0.06 100000.00 0.07 0.05 0.06 100000.00 100000.00 100000.00 0.12 100000.00 100000.00 0.05 100000.00
10 100000.00 0.19 0.08 0.08 0.17 0.24 0.08 0.15 0.19 0.22 0.12 0.08 0.24 0.03 0.15 0.24 0.03 0.10 0.04 0.03 0.06 0.08 0.02 0.04 0.13 0.13 0.05 0.04 0.09 0.01 0.10 0.13 0.01
11 100000.00 0.07 0.07 0.07 0.05 0.07 0.05 0.05 0.07 0.07 0.07 0.07 0.07 0.05 0.05 0.07 0.05 0.04 0.05 0.02 0.01 0.05 0.03 0.04 0.03 0.03 0.03 0.04 0.03 0.03 0.02 0.05 0.03
12 100000.00 0.07 0.07 0.07 0.05 0.07 0.05 0.08 0.07 0.10 0.07 0.07 0.07 0.08 0.05 0.07 0.05 0.05 0.05 0.03 0.03 100000.00 100000.00 100000.00 0.02 100000.00 0.05 0.02 100000.00 100000.00 0.01 100000.00 100000.00
13 100000.00 0.06 0.12 0.06 0.04 0.06 0.04 0.04 0.12 0.12 0.09 0.06 0.06 0.04 0.04 0.09 0.09 0.04 0.03 0.03 0.01 0.02 0.01 0.02 0.07 0.03 0.05 0.03 0.02 0.02 0.02 0.06 0.03
14 100000.00 0.09 0.11 0.06 0.11 0.06 0.11 0.11 0.09 0.06 0.06 0.11 0.06 0.07 0.04 0.13 0.07 0.03 0.05 0.04 0.08 0.02 0.03 0.06 0.05 0.02 0.04 0.07 0.02 0.02 0.01 0.04 0.04
15 100000.00 0.07 0.10 0.16 0.14 0.10 0.14 0.11 0.16 0.07 0.16 0.07 0.13 0.05 0.14 0.07 0.11 0.05 0.06 0.09 0.04 0.07 0.03 0.03 0.08 0.02 0.11 0.03 0.05 0.03 0.04 0.03 0.06
16 100000.00 0.08 0.17 0.14 0.09 0.23 0.18 0.06 0.14 0.20 0.11 0.08 0.14 0.15 0.21 0.08 0.09 0.04 0.10 0.08 0.02 0.15 0.08 0.04 0.04 0.05 100000.00 0.05 0.10 100000.00 100000.00 0.02 100000.00
17 100000.00 0.11 0.11 0.14 0.07 0.18 0.12 0.16 0.18 0.18 0.09 0.20 0.09 0.05 0.10 0.18 0.12 0.03 0.06 0.04 0.05 0.07 0.03 0.05 0.11 0.05 0.04 0.07 0.03 0.02 0.05 0.09 0.07
18 100000.00 0.20 0.08 0.14 0.14 0.20 0.23 0.08 0.14 0.26 0.23 0.26 0.14 0.24 0.05 0.23 0.23 0.09 0.04 0.09 0.07 100000.00 0.12 0.05 100000.00 100000.00 0.12 0.05 0.03 100000.00 100000.00 100000.00 0.10
19 100000.00 0.15 0.06 0.18 0.06 0.09 0.09 0.18 0.27 0.18 0.21 0.15 0.09 0.16 0.19 0.30 0.22 0.10 0.02 0.04 0.02 0.02 0.02 0.08 0.09 0.10 0.12 0.10 0.03 0.08 0.12 0.07 0.09
20 100000.00 0.26 0.26 0.17 0.18 0.35 0.06 0.24 0.23 0.29 0.20 0.13 0.26 0.06 0.15 0.29 0.11 0.16 0.18 0.06 0.06 0.21 0.04 0.06 0.08 0.13 0.08 0.05 0.15 0.02 0.04 0.15 0.07
21 100000.00 0.08 0.08 0.08 0.06 0.08 0.06 0.06 0.08 0.08 0.08 0.07 0.08 0.06 0.06 0.08 0.06 0.04 0.03 0.02 100000.00 0.03 100000.00 0.04 0.05 100000.00 0.04 100000.00 0.02 0.02 100000.00 0.03 0.03
22 100000.00 0.06 0.06 0.09 0.04 0.06 0.04 0.04 0.09 0.09 0.09 0.06 0.06 0.07 0.04 0.09 0.04 0.04 0.03 0.03 0.01 0.02 0.02 0.02 0.03 0.03 0.04 0.02 0.03 0.02 0.02 0.02 0.02
23 100000.00 0.06 0.11 0.11 0.09 0.06 0.09 0.04 0.09 0.11 0.06 0.11 0.06 0.04 0.04 0.09 0.06 0.02 0.04 0.07 0.05 100000.00 100000.00 0.02 100000.00 0.03 0.04 100000.00 0.04 100000.00 100000.00 0.03 0.03
24 100000.00 0.13 0.13 0.07 0.08 0.16 0.08 0.11 0.07 0.07 0.07 0.16 0.13 0.11 0.08 0.07 0.14 0.08 0.09 0.03 0.06 0.05 0.02 0.06 0.03 0.03 0.03 0.07 0.07 0.04 0.02 0.03 0.09
25 100000.00 0.20 0.17 0.08 0.11 0.20 0.14 0.05 0.08 0.08 0.14 0.11 0.17 0.06 0.12 0.11 0.11 0.10 100000.00 0.03 0.07 100000.00 0.09 0.02 0.03 100000.00 0.03 100000.00 100000.00 0.01 0.04 0.06 0.07
26 100000.00 0.17 0.08 0.12 0.10 0.06 0.13 0.06 0.17 0.17 0.17 0.15 0.10 0.06 0.04 0.17 0.10 0.10 0.02 0.07 0.03 0.01 0.03 0.04 0.07 0.11 0.08 0.07 0.02 0.02 0.02 0.05 0.04
27 100000.00 0.06 0.22 0.06 0.16 0.22 0.13 0.10 0.16 0.06 0.22 0.15 0.06 0.04 0.04 0.06 0.16 0.04 0.11 0.03 0.08 0.11 100000.00 100000.00 100000.00 100000.00 0.06 0.11 100000.00 100000.00 0.02 100000.00 0.11
28 100000.00 0.15 0.15 0.28 0.19 0.25 0.10 0.22 0.06 0.06 0.12 0.27 0.09 0.19 0.19 0.12 0.13 0.04 0.05 0.08 0.09 0.13 0.06 0.15 0.02 0.04 0.07 0.13 0.03 0.11 0.05 0.06 0.03
29 100000.00 0.11 0.08 0.11 0.12 0.11 0.24 0.12 0.21 0.08 0.08 0.26 0.08 0.21 0.12 0.08 0.12 0.06 0.03 0.06 0.03 0.03 0.12 0.02 0.05 0.03 0.05 100000.00 0.05 0.13 0.07 0.03 0.04
30 100000.00 0.35 0.20 0.23 0.11 0.14 0.14 0.18 0.08 0.14 0.35 0.11 0.17 0.18 0.09 0.32 0.24 0.11 0.05 0.08 0.06 0.07 0.04 0.06 0.05 0.04 0.13 0.04 0.05 0.10 0.05 0.14 0.08
31 100000.00 0.07 0.07 0.07 0.06 0.07 0.06 0.05 0.07 0.07 0.07 0.07 0.07 0.06 0.06 0.07 0.05 0.03 0.02 0.03 0.02 100000.00 100000.00 0.02 100000.00 0.03 100000.00 0.02 0.02 0.02 0.01 0.02 0.02
32 100000.00 0.10 0.07 0.07 0.05 0.10 0.08 0.08 0.07 0.10 0.10 0.10 0.07 0.05 0.05 0.07 0.05 100000.00 0.02 0.04 0.02 100000.00 0.03 100000.00 0.04 100000.00 100000.00 100000.00 0.02 0.01 0.02 0.04 100000.00
33 100000.00 0.08 0.06 0.06 0.04 0.10 0.08 0.06 0.06 0.11 0.06 0.08 0.11 0.04 0.08 0.11 0.06 0.04 0.03 0.02 0.01 0.06 0.02 0.04 0.01 0.03 0.03 0.06 0.06 0.02 0.06 0.04 0.01
34 100000.00 0.12 0.12 0.09 0.10 0.12 0.12 0.12 0.06 0.12 0.09 0.15 0.09 0.10 0.13 0.12 0.12 100000.00 0.07 100000.00 0.03 100000.00 0.03 100000.00 100000.00 0.07 0.03 100000.00 0.06 0.05 100000.00 0.06 0.08
35 100000.00 0.18 0.06 0.18 0.12 0.18 0.07 0.04 0.06 0.12 0.18 0.09 0.09 0.07 0.15 0.15 0.06 0.08 0.02 0.05 0.07 0.11 0.04 0.02 0.03 0.07 0.06 0.05 0.02 0.04 0.05 0.04 0.03
36 100000.00 0.06 0.08 0.15 0.06 0.15 0.13 0.13 0.08 0.06 0.06 0.10 0.10 0.11 0.15 0.10 0.11 0.02 0.03 0.06 0.04 0.07 0.04 0.07 0.02 0.02 0.03 0.04 0.07 0.05 100000.00 0.07 0.03
37 100000.00 0.22 0.19 0.13 0.08 0.10 0.14 0.17 0.16 0.13 0.13 0.07 0.13 0.14 0.11 0.22 0.20 0.08 0.09 100000.00 0.05 100000.00 0.04 0.07 100000.00 0.05 0.08 0.03 0.05 0.05 100000.00 100000.00 0.09
38 100000.00 0.08 0.17 0.14 0.11 0.08 0.14 0.21 0.23 0.29 0.08 0.14 0.26 0.21 0.18 0.17 0.15 0.04 0.07 0.07 0.04 0.02 0.04 0.13 100000.00 0.17 100000.00 100000.00 0.09 100000.00 0.08 0.08 0.10
39 100000.00 0.31 0.07 0.10 0.07 0.25 0.23 0.10 0.16 0.10 0.19 0.25 0.31 0.22 0.20 0.25 0.23 100000.00 0.01 0.06 0.05 0.15 100000.00 100000.00 0.05 100000.00 0.05 100000.00 100000.00 0.14 100000.00 100000.00 100000.00
40 100000.00 0.10 0.25 0.34 0.05 0.25 0.26 0.23 0.19 0.13 0.25 0.22 0.07 0.11 0.20 0.07 0.20 100000.00 100000.00 0.22 100000.00 0.16 0.14 0.10 0.09 0.06 100000.00 0.08 0.03 100000.00 0.07 100000.00 0.08
41 100000.00 0.06 0.06 0.06 0.04 0.06 0.04 0.04 0.06 0.06 0.06 0.06 0.06 0.04 0.04 0.06 0.04 0.01 0.02 0.03 0.03 0.02 0.02 0.02 0.04 0.02 0.01 0.02 0.02 0.01 0.01 0.04 0.02
42 100000.00 0.07 0.10 0.07 0.08 0.10 0.05 0.08 0.10 0.10 0.10 0.10 0.10 0.08 0.05 0.07 0.08 0.02 0.05 0.03 0.04 0.07 0.03 0.03 0.05 0.06 0.07 0.06 0.04 0.05 0.02 0.02 0.04
43 100000.00 0.09 0.12 0.06 0.04 0.12 0.10 0.04 0.12 0.09 0.12 0.09 0.12 0.10 0.07 0.06 0.04 0.05 0.05 100000.00 0.01 0.05 100000.00 0.02 100000.00 100000.00 0.08 0.03 100000.00 100000.00 100000.00 0.04 0.02
44 100000.00 0.11 0.11 0.07 0.09 0.07 0.09 0.07 0.14 0.09 0.07 0.13 0.07 0.05 0.07 0.11 0.09 0.06 0.06 0.04 0.03 0.03 0.06 0.05 0.09 0.05 0.03 0.09 0.03 0.02 0.03 0.07 0.02
45 100000.00 0.10 0.10 0.07 0.05 0.19 0.14 0.05 0.13 0.16 0.07 0.13 0.20 0.05 0.05 0.16 0.13 100000.00 0.05 100000.00 100000.00 0.06 100000.00 0.01 0.05 0.04 0.02 0.05 0.05 0.03 0.03 0.05 0.09
46 100000.00 0.05 0.14 0.16 0.10 0.07 0.03 0.03 0.16 0.09 0.16 0.14 0.07 0.12 0.03 0.09 0.07 0.02 0.08 0.10 0.04 0.03 0.01 0.02 0.08 0.05 0.08 0.06 0.05 0.04 0.01 0.06 0.03
47 100000.00 0.07 0.14 0.18 0.09 0.09 0.09 0.14 0.09 0.04 0.07 0.18 0.16 0.09 0.14 0.11 0.14 0.03 100000.00 100000.00 0.04 0.04 100000.00 0.05 0.06 0.03 100000.00 0.06 0.06 100000.00 100000.00 100000.00 0.05
48 100000.00 0.11 0.20 0.09 0.13 0.15 0.11 0.11 0.09 0.20 0.06 0.22 0.18 0.16 0.18 0.11 0.04 0.07 0.14 0.04 0.04 0.06 0.03 0.08 0.03 0.12 0.04 0.14 0.11 0.03 0.04 0.07 0.02
49 100000.00 0.25 0.22 0.25 0.14 0.28 0.13 0.13 0.16 0.10 0.07 0.16 0.31 0.26 0.26 0.28 0.17 0.08 0.11 0.07 0.10 0.19 0.09 100000.00 100000.00 100000.00 100000.00 0.08 100000.00 0.10 100000.00 0.18 0.09
50 100000.00 0.23 0.23 0.14 0.10 0.14 0.12 0.19 0.21 0.14 0.17 0.17 0.10 0.22 0.10 0.19 0.10 0.07 0.14 0.05 0.04 0.07 0.04 0.10 0.08 0.08 0.08 0.04 0.05 0.14 0.03 0.05 0.05
51 100000.00 0.05 0.05 0.05 0.03 0.05 0.03 0.03 0.05 0.05 0.05 0.05 0.05 0.03 0.03 0.05 0.03 100000.00 0.04 0.02 100000.00 0.02 0.01 0.02 0.01 0.02 0.02 0.02 0.02 100000.00 0.02 0.03 100000.00
52 100000.00 0.06 0.06 0.06 0.07 0.09 0.07 0.07 0.09 0.09 0.09 0.06 0.06 0.07 0.07 0.06 0.07 0.01 0.03 0.02 0.03 0.02 0.01 0.02 0.06 0.03 0.04 0.02 0.02 0.03 0.04 0.03 0.02
53 100000.00 0.10 0.07 0.10 0.08 0.10 0.08 0.05 0.10 0.10 0.13 0.13 0.07 0.05 0.11 0.13 0.08 100000.00 100000.00 0.06 100000.00 100000.00 0.03 0.03 0.04 100000.00 0.07 0.06 100000.00 0.03 0.07 0.03 100000.00
54 100000.00 0.15 0.15 0.06 0.07 0.12 0.10 0.07 0.09 0.12 0.06 0.12 0.06 0.04 0.13 0.15 0.07 0.07 0.10 100000.00 0.02 0.03 0.05 100000.00 0.03 100000.00 100000.00 100000.00 100000.00 100000.00 0.05 0.08 100000.00
55 100000.00 0.16 0.19 0.07 0.08 0.16 0.05 0.08 0.10 0.13 0.16 0.19 0.07 0.08 0.14 0.07 0.05 0.06 0.11 0.02 0.02 0.07 0.02 0.03 0.04 0.09 0.07 0.09 0.04 0.04 0.03 0.04 0.03
56 100000.00 0.07 0.22 0.13 0.05 0.10 0.17 0.08 0.07 0.07 0.23 0.10 0.07 0.14 0.11 0.17 0.11 0.03 0.12 0.09 0.03 0.02 0.05 0.05 0.04 0.05 0.11 0.03 0.02 0.03 0.04 0.09 0.04
57 100000.00 0.14 0.11 0.17 0.03 0.24 0.09 0.12 0.05 0.05 0.15 0.23 0.18 0.03 0.18 0.18 0.09 0.06 0.06 0.11 100000.00 0.16 0.06 100000.00 0.03 0.02 0.10 0.07 100000.00 0.01 100000.00 100000.00 0.06
58 100000.00 0.09 0.21 0.21 0.06 0.06 0.13 0.09 0.18 0.09 0.06 0.12 0.27 0.09 0.04 0.15 0.03 0.06 0.11 0.12 0.04 0.03 0.04 0.06 0.06 0.05 0.01 0.04 0.11 0.05 0.01 0.03 0.02
59 100000.00 0.10 0.10 0.17 0.05 0.05 0.10 0.10 0.19 0.22 0.22 0.05 0.05 0.17 0.17 0.10 0.12 0.03 0.05 0.07 0.02 0.02 0.06 0.04 0.10 0.07 0.06 0.03 0.02 0.11 0.08 0.02 0.03
60 100000.00 0.13 0.20 0.13 0.12 0.27 0.12 0.18 0.13 0.07 0.18 0.25 0.11 0.12 0.21 0.23 0.09 0.07 0.09 0.03 0.06 0.14 0.08 0.09 0.09 0.04 0.11 0.08 0.04 0.07 0.11 0.15 0.02
61 100000.00 0.07 0.07 0.07 0.05 0.07 0.05 0.05 0.07 0.07 0.07 0.07 0.07 0.05 0.05 0.07 0.05 0.04 0.02 0.02 0.03 0.02 0.02 0.02 0.05 0.03 0.04 0.03 100000.00 0.03 0.02 0.02 0.02
62 100000.00 0.07 0.10 0.07 0.05 0.07 0.05 0.08 0.07 0.07 0.10 0.07 0.07 0.08 0.05 0.07 0.08 0.04 0.04 0.05 0.03 0.04 0.02 0.02 0.03 0.01 0.06 0.04 0.03 0.03 0.03 0.02 0.05
63 100000.00 0.07 0.07 0.10 0.07 0.07 0.10 0.10 0.07 0.07 0.13 0.13 0.10 0.04 0.04 0.13 0.10 0.01 0.04 0.05 0.03 0.02 0.03 0.05 0.01 0.03 0.06 0.06 0.04 0.01 0.02 0.06 0.07
64 100000.00 0.06 0.06 0.06 0.10 0.13 0.10 0.13 0.07 0.13 0.16 0.06 0.10 0.04 0.10 0.07 0.13 0.02 100000.00 0.04 100000.00 100000.00 0.02 0.05 0.02 100000.00 100000.00 100000.00 100000.00 0.01 100000.00 100000.00 100000.00
65 100000.00 0.07 0.07 0.13 0.14 0.16 0.11 0.14 0.13 0.10 0.07 0.10 0.16 0.14 0.14 0.13 0.11 0.03 0.04 0.07 0.09 0.07 0.03 0.07 0.03 0.05 0.05 0.02 0.10 0.09 0.09 0.05 0.03
66 100000.00 0.08 0.17 0.11 0.15 0.23 0.06 0.09 0.14 0.14 0.23 0.11 0.11 0.18 0.12 0.24 0.12 0.02 0.09 0.03 0.10 0.16 0.04 0.03 0.10 0.05 0.09 0.05 100000.00 100000.00 0.03 0.08 0.05
67 100000.00 0.19 0.10 0.22 0.13 0.16 0.14 0.16 0.22 0.07 0.13 0.25 0.16 0.20 0.13 0.16 0.13 100000.00 0.07 100000.00 0.07 0.10 100000.00 0.10 0.13 0.04 100000.00 0.15 100000.00 0.06 0.04 0.04 0.04
68 100000.00 0.06 0.22 0.22 0.04 0.15 0.11 0.18 0.22 0.22 0.22 0.17 0.10 0.04 0.18 0.15 0.04 0.01 0.09 0.05 0.02 100000.00 0.07 100000.00 100000.00 0.14 0.12 100000.00 0.05 0.02 100000.00 0.03 0.01
69 100000.00 0.13 0.25 0.28 0.04 0.16 0.10 0.07 0.07 0.31 0.10 0.13 0.13 0.13 0.26 0.28 0.22 0.05 0.06 0.07 0.01 0.09 0.03 0.04 0.02 0.08 0.03 0.03 0.05 0.04 0.07 0.19 0.07
70 100000.00 0.16 0.16 0.25 0.14 0.07 0.26 0.05 0.16 0.22 0.34 0.07 0.19 0.26 0.23 0.07 0.13 0.08 0.06 0.12 0.07 0.03 0.07 0.01 0.09 0.11 0.08 0.04 0.05 0.18 0.10 0.03 0.07
71 100000.00 0.07 0.07 0.07 0.05 0.07 0.05 0.05 0.07 0.07 0.07 0.07 0.07 0.05 0.05 0.07 0.05 0.03 0.02 100000.00 100000.00 100000.00 0.03 100000.00 0.04 0.03 0.05 100000.00 0.02 100000.00 0.02 0.01 0.01
72 100000.00 0.06 0.09 0.09 0.07 0.09 0.07 0.04 0.09 0.06 0.06 0.06 0.06 0.07 0.04 0.06 0.04 0.02 0.02 0.02 0.05 0.03 0.03 0.01 0.06 0.01 0.02 0.03 0.03 0.04 0.02 0.01 0.02
73 100000.00 0.07 0.07 0.07 0.11 0.14 0.05 0.08 0.08 0.14 0.08 0.14 0.08 0.11 0.09 0.11 0.05 0.02 100000.00 0.02 0.05 0.03 100000.00 0.04 0.02 0.09 0.05 100000.00 0.03 0.05 0.06 0.04 0.03
74 100000.00 0.08 0.10 0.08 0.03 0.10 0.03 0.03 0.10 0.12 0.08 0.05 0.10 0.06 0.10 0.10 0.08 0.05 0.03 0.03 0.01 0.03 0.01 0.01 0.05 0.06 0.03 0.02 0.03 0.04 0.05 0.04 0.04
75 100000.00 0.17 0.14 0.11 0.08 0.17 0.08 0.14 0.17 0.11 0.14 0.11 0.20 0.08 0.09 0.08 0.08 0.07 0.08 100000.00 100000.00 0.05 0.05 100000.00 100000.00 0.04 0.07 0.06 0.05 0.05 0.03 0.04 0.06
76 100000.00 0.19 0.19 0.07 0.11 0.10 0.14 0.13 0.07 0.13 0.16 0.16 0.16 0.11 0.11 0.19 0.11 0.12 0.04 0.02 0.06 0.04 0.04 0.03 0.02 0.09 0.06 0.11 0.10 0.04 0.07 0.11 0.06
77 100000.00 0.07 0.16 0.16 0.08 0.10 0.14 0.05 0.20 0.23 0.26 0.16 0.10 0.08 0.05 0.26 0.11 0.03 0.07 0.09 0.04 0.04 0.08 0.02 0.04 0.15 0.18 0.10 0.06 0.03 0.02 0.11 0.06
78 100000.00 0.08 0.15 0.14 0.06 0.17 0.08 0.17 0.15 0.10 0.15 0.21 0.24 0.10 0.13 0.19 0.13 0.03 0.10 0.04 0.03 0.08 0.02 0.08 0.09 0.04 0.09 0.09 0.07 0.05 0.06 0.07 0.08
79 100000.00 0.25 0.06 0.22 0.16 0.25 0.18 0.16 0.11 0.09 0.18 0.22 0.09 0.11 0.20 0.11 0.06 0.09 0.04 0.14 0.09 0.09 0.06 0.09 0.07 0.05 0.05 0.14 0.03 0.03 0.13 0.05 0.04
80 100000.00 0.07 0.07 0.13 0.23 0.16 0.11 0.20 0.07 0.13 0.26 0.10 0.26 0.17 0.11 0.23 0.20 0.05 0.02 0.03 0.15 0.10 0.06 0.06 0.04 0.08 0.15 0.05 0.11 0.08 0.03 0.09 0.06
81 100000.00 0.06 0.06 0.06 0.05 0.07 0.05 0.05 0.07 0.07 0.07 0.06 0.07 0.05 0.05 0.07 0.05 0.03 0.04 0.04 0.02 0.03 0.03 0.01 0.04 0.04 0.03 0.03 0.02 0.01 0.02 0.05 0.02
82 100000.00 0.05 0.07 0.07 0.03 0.05 0.05 0.03 0.07 0.07 0.05 0.05 0.05 0.03 0.03 0.05 0.03 0.03 0.03 0.02 0.01 0.03 0.02 0.01 0.03 0.05 0.02 0.02 0.02 0.01 0.01 0.01 0.02
83 100000.00 0.06 0.06 0.06 0.07 0.09 0.10 0.10 0.09 0.12 0.09 0.09 0.12 0.04 0.10 0.06 0.10 0.04 0.04 0.01 0.02 0.05 0.04 0.02 0.02 0.08 0.05 0.05 0.03 0.01 0.04 0.03 0.02
84 100000.00 0.06 0.11 0.13 0.04 0.11 0.09 0.06 0.08 0.08 0.06 0.11 0.11 0.06 0.04 0.06 0.04 0.03 0.03 0.04 0.01 0.03 0.04 0.04 0.04 0.04 0.01 0.07 0.06 0.02 0.01 0.02 0.02
85 100000.00 0.13 0.13 0.13 0.04 0.15 0.11 0.06 0.15 0.15 0.08 0.06 0.08 0.08 0.08 0.13 0.08 0.03 0.08 100000.00 0.02 100000.00 0.02 100000.00 0.04 0.03 0.05 100000.00 0.05 0.03 100000.00 0.06 0.05
86 100000.00 0.21 0.12 0.12 0.04 0.06 0.07 0.04 0.06 0.18 0.15 0.12 0.06 0.04 0.07 0.15 0.07 0.11 100000.00 0.08 0.02 0.04 0.02 0.02 0.02 0.07 0.09 0.05 100000.00 0.01 0.04 0.09 0.03
87 100000.00 0.11 0.26 0.26 0.21 0.11 0.14 0.18 0.17 0.11 0.26 0.11 0.20 0.09 0.06 0.14 0.06 0.03 0.09 0.08 0.13 0.06 0.07 0.12 0.05 0.06 0.11 0.05 0.06 0.02 0.03 0.09 0.02
88 100000.00 0.21 0.23 0.21 0.19 0.10 0.19 0.05 0.12 0.21 0.21 0.21 0.14 0.12 0.17 0.12 0.07 0.07 0.11 0.08 0.11 0.05 0.06 0.03 0.06 0.07 0.14 0.05 0.09 0.03 0.09 0.05 0.05
89 100000.00 0.20 0.20 0.17 0.20 0.14 0.17 0.14 0.29 0.14 0.08 0.17 0.32 0.05 0.11 0.26 0.20 0.11 0.10 0.07 0.07 0.06 0.08 0.06 0.13 0.04 0.02 0.04 0.20 0.03 0.03 0.18 0.08
<task rigidity>
1 7
2 1
3 8
4 8
5 1
6 4
7 5
8 9
9 1
10 9
11 1
12 6
13 1
14 6
15 7
16 1
17 7
18 5
19 1
20 6
21 8
22 7
23 3
24 7
25 6
26 4
27 6
28 5
29 6
30 2
31 5
32 5
33 6
34 4
35 8
36 2
37 4
38 9
39 5
40 3
41 7
42 2
43 9
44 4
45 6
46 2
47 2
48 5
49 1
50 1
51 8
52 1
53 10
54 6
55 1
56 8
57 6
58 3
59 5
60 10
61 1
62 1
63 4
64 2
65 9
66 1
67 7
68 1
69 4
70 8
71 3
72 3
73 1
74 9
75 7
76 8
77 6
78 8
79 2
80 8
81 2
82 5
83 1
84 3
85 2
86 2
87 4
88 6
89 10
<precedence relations>
1,2
2,3
3,4
4,5
4,6
4,7
4,8
4,9
5,10
6,11
7,12
8,18
9,18
10,14
11,12
12,13
13,14
14,15
14,16
15,17
16,54
17,18
18,19
18,20
19,22
20,21
20,28
21,54
22,23
23,24
24,25
25,26
25,27
25,29
26,37
27,33
28,29
29,31
30,54
31,32
32,33
33,34
34,35
35,36
35,37
36,38
37,38
38,39
39,40
39,41
39,42
39,43
40,44
41,53
42,53
43,45
44,52
45,46
46,47
47,48
47,49
49,50
50,51
51,52
52,53
53,68
53,69
53,70
53,71
54,55
55,56
56,57
57,58
57,59
57,60
57,61
57,62
57,63
57,64
57,65
57,66
58,67
59,67
60,67
61,67
62,67
63,67
64,67
65,67
66,67
67,73
68,72
69,72
70,72
71,73
72,78
72,80
73,74
74,75
74,76
75,77
76,81
77,78
78,79
79,81
80,81
80,87
81,82
81,84
81,85
82,83
83,86
84,86
85,86
86,87
86,89
87,88
87,89
<end>