<number of tasks>
8
<number of stations>
3
<number of workers>
3
<type of the robots>
1
<limit of the robots>
2
<task times>
1 14 5 9 6 4 7 4
2 23 3 13 2 3 9 2
3 100000 1 5 2 100000 4 100000
4 100000 5 2 1 4 2 1
5 10 2 7 7 2 5 5
6 15 10 9 4 7 6 3
7 100000 2 3 7 100000 100000 5
8 3 2 2 2 2 2 2
<posture of tasks>
1 1
2 1
3 0
4 0
5 0
6 0
7 1
8 0
<max energy cosumption of alternatives>
1 100000.00
2 2.98
3 2.77
4 2.91
<energy cosumption of alternatives>
1 100000.00 0.18 0.27 0.18 0.07 0.18 0.05
2 100000.00 0.09 0.34 0.06 0.03 0.16 0.04
3 100000.00 0.03 0.12 0.06 100000.00 0.04 100000.00
4 100000.00 0.13 0.06 0.04 0.05 0.02 0.02
5 100000.00 0.06 0.15 0.15 0.04 0.10 0.03
6 100000.00 0.22 0.20 0.11 0.09 0.09 0.03
7 100000.00 0.08 0.11 0.20 100000.00 100000.00 0.06
8 100000.00 0.07 0.07 0.07 0.03 0.04 0.04
<task rigidity>
1 5
2 2
3 5
4 3
5 2
6 7
7 5
8 7
<precedence relations>
1,2
2,3
2,4
3,5
3,6
4,6
5,7
6,8
<end>