<number of tasks>
8
<number of stations>
4
<number of workers>
4
<type of the robots>
1
<limit of the robots>
1
<task times>
1 100000 5 2 9 5 4 2 6 4
2 23 11 12 10 1 8 8 7 1
3 100000 9 1 5 6 7 1 4 100000
4 100000 3 3 2 4 2 100000 2 3
5 10 7 6 1 5 5 4 1 4
6 100000 4 9 9 7 3 100000 6 5
7 100000 9 2 5 5 7 2 100000 4
8 4 3 2 1 1 2 2 1 1
<posture of tasks>
1 0
2 1
3 1
4 1
5 0
6 1
7 0
8 1
<max energy cosumption of alternatives>
1 100000.00
2 3.13
3 4.53
4 5.44
5 5.29
<energy cosumption of alternatives>
1 100000.00 0.12 0.09 0.25 0.16 0.04 0.02 0.16 0.09
2 100000.00 0.30 0.42 0.36 0.08 0.09 0.24 0.22 0.03
3 100000.00 0.23 0.07 0.19 0.22 0.05 0.02 0.11 100000.00
4 100000.00 0.12 0.14 0.11 0.17 0.05 100000.00 0.04 0.05
5 100000.00 0.16 0.18 0.06 0.15 0.10 0.04 0.03 0.10
6 100000.00 0.14 0.32 0.32 0.26 0.05 100000.00 0.10 0.13
7 100000.00 0.17 0.08 0.15 0.15 0.07 0.03 100000.00 0.06
8 100000.00 0.09 0.09 0.06 0.06 0.04 0.05 0.03 0.04
<task rigidity>
1 2
2 3
3 5
4 4
5 2
6 5
7 4
8 3
<precedence relations>
1,2
2,3
2,4
3,5
3,6
4,6
5,7
6,8
<end>