<number of tasks>
8
<number of stations>
5
<number of workers>
5
<type of the robots>
1
<limit of the robots>
2
<task times>
1 15 2 5 2 9 10 2 4 2 6 7
2 22 5 6 12 10 11 4 4 8 7 8
3 12 3 3 7 3 8 2 2 5 2 6
4 6 1 1 2 5 2 1 1 2 4 2
5 100000 2 1 3 1 5 2 1 3 100000 4
6 15 9 7 12 12 5 6 5 9 8 4
7 100000 3 7 1 1 1 3 5 1 1 1
8 3 1 1 1 3 3 1 1 1 2 2
<posture of tasks>
1 1
2 0
3 1
4 1
5 0
6 1
7 1
8 0
<max energy cosumption of alternatives>
1 100000.00
2 2.92
3 2.97
4 5.29
5 4.85
6 2.61
<energy cosumption of alternatives>
1 100000.00 0.08 0.15 0.10 0.32 0.27 0.04 0.08 0.03 0.15 0.11
2 100000.00 0.12 0.14 0.34 0.27 0.23 0.07 0.07 0.08 0.14 0.06
3 100000.00 0.10 0.10 0.25 0.12 0.22 0.06 0.04 0.06 0.03 0.09
4 100000.00 0.06 0.06 0.12 0.21 0.09 0.03 0.02 0.05 0.07 0.05
5 100000.00 0.05 0.03 0.10 0.05 0.10 0.02 0.01 0.04 100000.00 0.06
6 100000.00 0.25 0.19 0.42 0.40 0.13 0.14 0.12 0.09 0.26 0.05
7 100000.00 0.10 0.20 0.07 0.07 0.04 0.06 0.06 0.05 0.04 0.01
8 100000.00 0.05 0.05 0.07 0.11 0.09 0.03 0.01 0.03 0.08 0.06
<task rigidity>
1 2
2 3
3 10
4 8
5 9
6 7
7 9
8 7
<precedence relations>
1,2
2,3
2,4
3,5
3,6
4,6
5,7
6,8
<end>