<number of tasks>
94
<number of stations>
20
<number of workers>
20
<type of the robots>
1
<limit of the robots>
7
<task times>
1 100000 32 54 112 118 49 112 35 42 115 54 19 61 39 145 67 103 93 100 101 149 20 34 100000 74 34 100000 22 29 79 34 100000 42 24 91 100000 100000 63 70 100000 100000
2 100000 12 8 13 35 21 27 14 26 11 3 41 29 39 41 16 14 32 3 10 15 8 6 100000 23 14 100000 10 18 100000 3 27 20 27 28 11 100000 22 3 7 100000
3 23 5 7 7 15 9 12 11 4 16 12 15 15 10 13 14 13 5 2 13 16 4 5 5 10 7 9 7 3 11 9 11 10 7 9 10 9 4 2 9 10
4 31 10 17 1 10 7 16 6 5 9 22 23 1 7 10 6 22 22 13 2 5 7 12 1 7 5 12 4 4 6 15 16 1 5 7 5 15 16 8 2 4
5 92 53 56 70 1 7 20 21 38 23 5 62 11 18 17 12 2 64 58 33 17 36 36 44 1 5 13 14 23 15 4 42 7 13 11 8 2 44 38 21 11
6 87 14 50 15 17 31 6 51 45 11 3 39 40 4 45 13 13 62 59 43 13 10 31 10 12 21 5 34 31 8 3 25 25 3 30 9 9 42 37 27 9
7 70 31 26 15 17 17 36 43 9 10 37 2 12 16 19 31 1 15 50 15 27 20 17 10 12 11 23 27 6 7 25 2 8 10 12 21 1 10 32 10 19
8 100000 21 32 45 29 36 43 3 37 5 31 13 37 45 6 48 46 44 3 45 24 15 21 30 19 25 29 2 100000 4 100000 100000 100000 30 4 34 31 28 3 30 100000
9 41 14 14 15 13 14 3 28 2 25 18 23 7 13 9 24 19 16 17 10 22 10 10 10 8 10 2 19 2 18 13 16 5 9 6 17 13 11 12 7 15
10 100000 24 28 16 15 18 17 5 7 28 10 17 13 15 2 28 6 27 12 22 12 16 100000 11 100000 12 11 4 5 18 7 11 9 100000 2 19 4 17 8 14 9
11 100000 72 61 33 4 6 69 10 65 89 28 39 7 29 106 111 90 102 96 88 99 44 100000 100000 100000 5 100000 100000 41 62 18 28 5 19 71 100000 58 68 100000 100000 65
12 100000 42 66 15 53 19 81 97 99 53 75 38 37 45 29 73 35 89 85 61 19 100000 46 11 37 100000 56 100000 68 37 51 25 23 28 100000 100000 23 62 100000 42 100000
13 100000 44 25 4 17 2 29 53 10 8 52 48 21 39 50 18 26 28 11 9 5 27 18 3 11 100000 19 37 7 5 35 29 14 100000 32 12 16 18 8 100000 4
14 100000 46 37 7 38 52 63 29 23 52 30 39 61 22 65 23 51 58 25 40 58 30 26 5 26 32 44 100000 16 35 20 27 39 15 100000 16 32 36 18 100000 100000
15 20 12 12 12 7 7 3 4 4 11 11 6 7 6 15 13 10 12 5 14 14 8 8 8 5 5 3 3 3 8 8 4 5 4 10 9 7 9 4 9 9
16 15 3 8 6 4 6 6 4 5 11 5 11 2 9 9 3 7 4 7 8 4 2 5 4 3 4 5 3 4 7 4 7 2 6 7 3 5 3 5 6 3
17 14 2 8 2 10 7 5 10 1 9 6 3 8 9 1 10 2 8 3 10 2 2 6 2 7 5 4 7 1 7 4 2 5 7 1 7 2 6 2 7 2
18 24 16 15 11 19 12 4 9 14 13 15 8 14 5 1 8 10 15 3 12 8 11 10 8 12 8 3 7 9 9 11 5 9 4 1 6 7 10 2 8 6
19 100000 1 2 1 1 1 3 6 6 3 4 3 3 5 4 6 4 6 2 6 4 1 2 1 100000 1 2 100000 4 2 100000 2 100000 4 3 100000 3 100000 100000 5 3
20 22 12 17 12 11 3 15 13 1 16 7 2 8 8 17 16 2 11 9 11 13 9 12 8 7 2 11 9 1 10 5 2 6 6 11 10 2 8 6 7 9
21 78 44 2 48 13 53 3 3 45 24 5 3 21 48 24 33 27 50 16 29 24 28 2 30 9 37 2 2 30 15 4 2 15 34 16 21 19 35 12 18 17
22 100000 38 12 7 17 25 31 17 14 12 31 16 39 33 6 40 25 24 11 8 34 23 8 5 12 16 22 100000 9 8 22 10 100000 21 5 27 100000 17 8 6 23
23 22 4 3 3 15 10 6 12 1 4 14 10 17 10 7 2 11 16 6 17 8 3 2 3 10 7 5 8 1 3 9 7 12 7 5 2 7 11 5 11 6
24 14 8 6 1 6 5 10 7 4 5 10 2 7 8 11 2 8 10 5 6 2 6 4 1 5 4 7 5 3 4 7 2 5 6 8 2 5 7 4 5 2
25 100000 3 11 14 4 1 6 1 15 6 14 1 13 1 16 4 11 13 16 5 3 3 8 10 3 1 100000 1 10 5 10 1 9 100000 11 100000 8 8 10 4 2
26 35 6 14 23 4 19 9 19 10 4 1 2 15 1 19 4 26 12 9 11 17 4 10 15 3 12 7 13 7 3 1 2 10 1 13 3 17 9 6 8 11
27 22 3 3 2 14 14 4 2 9 9 8 8 11 1 12 5 14 4 3 4 2 2 2 2 10 10 3 2 7 6 6 6 7 1 8 4 9 3 3 3 2
28 100000 4 5 16 12 13 5 12 11 11 17 14 15 7 2 12 18 11 13 9 4 3 100000 100000 8 9 4 8 8 100000 11 10 10 5 2 100000 13 100000 9 7 100000
29 20 9 6 15 10 11 13 9 9 1 13 12 12 7 4 5 3 1 8 5 3 6 4 10 7 8 9 6 6 1 9 9 8 5 3 4 2 1 6 4 2
30 23 6 7 2 17 16 5 13 14 14 1 14 6 8 13 15 17 4 13 12 12 5 5 2 12 10 4 10 10 10 1 9 5 6 8 10 11 3 9 8 9
31 65 40 40 33 49 35 31 34 48 13 4 9 46 41 34 50 19 44 45 49 46 26 27 21 31 22 19 24 29 9 3 6 29 26 23 33 12 29 31 32 32
32 24 14 13 8 16 5 4 14 10 6 4 5 11 11 12 16 16 18 3 16 13 10 9 6 10 4 3 9 7 4 3 4 8 8 8 12 11 13 3 11 9
33 16 7 8 2 11 10 9 12 1 4 12 9 8 12 9 1 8 11 6 8 3 5 6 2 8 7 6 8 1 3 8 6 6 9 6 1 6 7 4 6 2
34 28 3 2 9 7 17 6 21 21 7 7 20 17 18 3 2 6 20 13 20 11 3 2 6 5 11 4 15 15 5 5 14 11 12 2 2 4 13 9 13 8
35 88 47 28 42 32 29 32 54 2 7 51 39 55 60 9 49 7 6 10 6 23 30 18 27 21 20 20 37 2 5 35 27 38 40 6 30 5 4 7 5 15
36 10 3 8 1 1 4 7 5 3 8 7 7 4 2 5 5 5 5 4 2 6 3 5 1 1 3 5 4 3 5 5 5 3 2 4 4 4 4 3 2 4
37 81 3 54 31 46 19 5 42 8 43 33 60 54 39 39 21 53 63 52 62 8 3 36 19 29 12 4 29 6 27 22 40 33 27 25 15 34 42 34 38 6
38 100000 4 3 8 6 9 5 9 8 2 4 4 9 8 1 8 2 3 7 2 8 3 3 5 5 6 4 7 6 2 100000 100000 100000 100000 1 5 2 100000 100000 2 6
39 100000 2 15 6 15 3 12 10 4 3 1 7 5 19 19 9 14 14 17 2 17 2 10 5 10 2 9 7 3 2 1 5 100000 13 13 6 10 9 11 2 12
40 100000 71 16 45 42 61 3 29 14 8 63 36 51 39 63 20 52 70 27 12 63 49 100000 100000 100000 41 3 19 100000 5 39 23 34 27 43 14 32 43 100000 9 41
41 42 28 13 21 14 17 8 25 10 17 16 19 25 1 5 2 28 27 13 16 22 18 9 15 9 12 5 18 7 11 11 13 17 1 4 2 18 19 9 12 15
42 96 26 28 27 33 67 58 58 6 50 58 18 58 13 15 8 56 14 23 13 6 17 20 19 22 47 40 37 4 35 38 12 41 9 11 6 38 9 16 9 4
43 36 24 8 9 25 26 12 20 24 26 25 25 3 8 16 3 24 1 9 17 9 17 6 6 17 18 8 13 16 17 17 18 3 6 11 2 17 1 6 12 6
44 12 9 5 6 2 7 7 4 4 4 1 4 7 1 1 9 3 8 8 8 7 6 4 4 2 5 5 3 3 3 1 3 5 1 1 6 3 6 5 6 5
45 53 14 31 20 34 40 37 26 27 7 14 11 9 4 36 18 21 20 5 1 21 10 20 13 22 26 23 16 18 5 9 8 7 3 24 11 15 14 4 1 14
46 53 28 38 23 1 7 38 20 23 30 4 13 31 23 36 6 29 2 21 27 6 18 26 16 1 5 26 13 15 19 3 9 22 15 23 4 20 2 13 17 5
47 105 9 45 24 32 35 20 34 60 31 75 60 66 32 19 5 5 57 12 46 23 6 31 16 20 23 13 22 37 20 50 38 46 21 13 4 4 35 8 30 16
48 43 24 23 9 20 7 16 15 14 26 29 29 15 13 23 12 14 3 13 26 23 16 14 7 13 5 11 11 9 16 20 20 10 10 15 9 9 2 9 18 15
49 14 10 3 3 5 1 11 1 5 9 11 6 11 11 3 3 6 7 3 8 8 7 2 2 4 1 8 1 4 6 7 5 8 8 2 2 4 5 2 6 6
50 38 15 11 20 1 6 21 4 16 4 2 8 19 10 25 14 17 25 24 18 20 10 8 14 1 4 15 3 11 3 2 5 14 7 17 10 12 18 16 12 14
51 100000 9 41 10 25 20 42 9 9 11 42 2 5 6 22 26 28 12 30 27 9 7 28 100000 16 100000 27 6 6 8 27 2 4 4 15 17 100000 8 100000 100000 7
52 11 7 8 8 7 1 7 6 8 7 7 7 2 1 5 4 2 3 5 1 4 5 5 6 5 1 5 4 5 5 5 5 2 1 4 3 2 2 4 1 3
53 100000 3 14 122 92 130 129 31 145 120 124 142 80 100 109 57 115 47 59 122 161 100000 9 80 100000 90 100000 21 98 74 79 93 56 69 72 39 72 100000 36 100000 100
54 65 29 13 16 42 43 39 28 30 12 7 43 34 30 23 14 14 42 30 44 46 19 9 11 29 28 25 20 20 8 5 29 24 20 15 10 9 30 20 31 30
55 57 40 37 29 28 11 31 16 38 4 10 42 26 38 18 7 7 26 38 9 21 28 23 20 18 8 22 10 23 3 7 28 16 25 12 5 5 19 25 6 15
56 23 14 8 6 6 15 15 14 12 11 16 16 18 10 13 15 12 13 4 13 11 9 6 4 4 10 11 10 8 8 11 11 12 7 9 11 8 9 3 9 7
57 123 59 72 22 57 64 13 1 72 22 71 91 39 17 88 85 60 61 51 35 35 40 47 15 40 41 9 1 46 16 44 58 25 12 58 58 37 38 35 23 24
58 100000 8 3 3 2 9 2 5 2 6 2 5 1 9 2 1 7 1 4 3 9 5 100000 2 2 6 2 100000 2 4 100000 4 1 6 2 100000 5 100000 3 2 100000
59 26 5 16 17 16 18 11 18 6 2 2 17 16 6 6 18 8 5 15 19 6 4 11 12 12 12 8 12 4 2 2 11 11 4 4 11 6 4 10 12 4
60 31 1 14 7 16 5 15 5 12 19 4 24 10 5 22 5 15 11 10 12 13 1 10 5 12 4 10 4 8 12 3 15 7 4 15 4 10 7 7 9 9
61 100000 3 2 5 3 4 7 2 8 7 4 8 6 5 3 4 6 3 7 6 3 2 2 100000 2 3 5 2 6 100000 3 6 4 4 3 3 5 3 100000 5 2
62 100000 20 16 12 25 7 20 16 29 15 7 4 33 5 18 28 8 34 8 24 15 100000 100000 8 17 5 13 100000 21 11 5 100000 100000 100000 11 100000 6 24 6 15 11
63 100000 33 29 26 39 28 2 5 27 43 40 21 2 26 41 24 9 52 42 34 1 100000 20 100000 100000 100000 2 100000 19 27 26 14 100000 16 28 100000 6 100000 27 24 1
64 100000 9 12 6 4 12 1 7 3 10 8 12 4 2 5 8 6 2 6 2 9 6 100000 5 100000 9 100000 5 100000 7 100000 8 3 2 4 100000 4 2 100000 100000 6
65 10 7 8 7 5 7 4 5 4 4 3 7 5 1 1 6 2 6 6 1 5 5 6 5 4 5 3 4 3 3 3 5 4 1 1 4 2 4 5 1 4
66 64 8 46 21 8 42 35 2 2 11 12 13 23 3 26 24 1 26 26 30 5 6 28 14 6 27 25 2 2 8 8 9 14 2 18 17 1 18 18 21 4
67 100000 3 22 10 15 14 16 21 6 7 27 3 6 26 1 20 22 20 11 6 22 3 14 100000 100000 10 11 13 100000 5 18 3 100000 18 1 100000 14 13 8 5 100000
68 100000 8 11 17 16 16 10 1 10 9 7 3 9 1 3 15 9 3 11 15 6 6 8 12 100000 11 7 100000 7 7 5 3 6 1 3 100000 6 100000 8 100000 4
69 69 52 23 33 17 1 1 18 40 19 16 30 29 24 45 9 38 17 19 45 12 35 16 21 12 1 1 12 26 14 11 20 19 15 31 6 27 11 13 29 8
70 90 24 39 55 34 41 41 54 1 51 61 37 27 52 20 30 32 38 52 24 8 17 25 34 22 26 27 36 1 31 42 24 17 34 13 21 21 24 36 16 6
71 100000 45 51 72 40 24 66 15 51 41 33 67 59 31 30 31 17 50 32 21 48 30 32 50 25 17 42 10 100000 29 23 100000 100000 21 19 22 100000 35 22 14 30
72 66 46 32 11 16 51 27 11 28 51 28 5 5 31 19 23 12 18 47 48 2 31 21 7 11 36 19 7 19 36 17 4 4 21 13 16 8 13 33 29 2
73 100000 27 25 9 35 44 58 13 36 46 52 34 18 11 14 9 26 28 14 2 57 19 18 7 24 100000 37 8 24 32 100000 100000 100000 8 9 6 18 18 100000 2 35
74 100000 22 16 48 50 41 8 5 50 27 48 7 33 28 13 25 46 15 35 53 5 15 100000 31 34 100000 100000 4 35 17 34 5 23 100000 8 17 100000 100000 22 32 4
75 100000 61 16 10 61 35 3 48 65 26 62 70 59 27 33 10 16 60 30 27 43 39 100000 7 100000 23 2 32 42 17 39 47 37 17 20 100000 12 42 100000 100000 28
76 122 22 4 66 80 79 16 7 45 38 81 19 16 33 16 11 26 3 2 40 38 14 3 44 49 49 11 5 31 24 55 13 11 21 12 8 17 2 2 25 25
77 119 39 77 30 46 66 9 23 11 43 30 31 27 39 46 19 42 23 11 31 23 25 48 21 32 45 6 16 8 30 20 20 17 26 30 12 26 16 7 21 15
78 100000 2 70 51 26 46 23 62 42 15 76 71 57 17 76 57 37 74 35 24 18 2 100000 100000 17 100000 15 41 27 10 100000 48 100000 11 100000 35 100000 48 24 16 13
79 12 5 3 4 1 7 6 2 5 3 8 4 4 3 3 6 2 8 7 2 4 4 2 3 1 5 4 2 4 3 6 3 3 2 2 4 2 6 5 2 3
80 100000 10 6 5 14 7 7 8 5 8 2 2 3 14 3 12 3 6 4 14 11 7 100000 4 10 5 5 6 4 6 2 2 100000 9 2 9 100000 4 3 100000 8
81 100000 46 35 40 15 49 44 27 13 19 53 10 36 33 6 28 38 5 50 38 6 31 22 25 11 100000 27 100000 9 100000 35 100000 25 21 4 100000 24 4 100000 27 100000
82 42 8 2 31 5 29 8 31 32 28 8 21 17 5 13 9 32 16 27 25 18 5 2 20 4 19 6 20 20 18 6 14 11 4 10 6 21 10 19 17 13
83 100000 21 3 2 12 10 6 13 17 13 12 21 10 9 4 18 5 4 1 5 18 100000 2 2 8 7 4 9 11 8 9 14 7 6 3 12 4 3 1 4 12
84 46 3 9 21 33 25 3 28 11 5 12 8 29 25 8 9 25 2 13 17 4 2 6 13 21 16 2 20 8 4 9 6 19 17 6 7 17 2 9 11 3
85 86 57 26 29 60 38 50 18 10 44 60 27 14 1 23 26 8 60 62 61 2 39 18 20 40 25 35 13 7 30 38 17 10 1 16 16 5 40 44 38 2
86 78 39 54 23 28 41 43 24 44 57 4 43 37 46 44 53 35 41 10 16 26 26 35 14 19 28 29 16 27 37 3 28 24 28 27 37 22 26 7 10 17
87 195 138 12 84 146 73 137 75 24 37 22 2 140 38 9 74 94 5 20 68 55 89 8 52 93 48 87 46 17 24 15 2 88 25 7 46 57 4 13 43 36
88 55 10 9 2 11 16 31 1 10 34 32 2 10 26 18 14 36 16 39 19 32 7 6 2 8 11 20 1 7 23 20 2 7 17 13 10 23 11 26 12 22
89 31 17 13 7 4 22 15 24 4 5 11 19 12 15 24 22 9 14 2 14 15 12 10 5 3 16 11 17 3 4 7 12 8 10 17 15 7 10 2 9 10
90 162 55 47 55 72 31 2 17 50 14 73 90 110 27 123 42 100 63 87 116 34 37 31 36 51 21 2 11 31 9 46 58 73 17 84 27 70 40 54 80 24
91 32 13 10 6 14 3 13 8 22 23 2 1 8 25 2 8 24 3 10 6 12 9 7 4 9 2 9 5 14 14 2 1 6 16 2 6 17 2 7 5 8
92 153 3 106 13 106 75 111 114 34 93 98 16 4 112 75 99 84 71 88 18 39 2 72 9 67 49 67 79 21 58 61 11 3 75 47 66 52 46 57 12 25
93 139 79 75 95 62 25 72 35 65 68 10 68 93 98 9 76 24 30 51 64 39 52 47 65 41 17 45 22 43 46 7 44 61 60 6 48 16 19 36 40 26
94 73 30 11 16 14 30 40 35 32 13 36 23 14 13 28 26 39 8 39 31 31 19 7 11 10 19 26 24 23 9 24 16 10 9 17 17 28 6 28 21 22
<posture of tasks>
1 1
2 0
3 1
4 0
5 1
6 1
7 0
8 0
9 1
10 1
11 1
12 1
13 1
14 1
15 1
16 1
17 0
18 1
19 1
20 1
21 1
22 1
23 0
24 1
25 0
26 0
27 1
28 1
29 1
30 0
31 1
32 1
33 1
34 1
35 1
36 0
37 1
38 0
39 1
40 0
41 0
42 1
43 1
44 1
45 1
46 1
47 1
48 1
49 1
50 1
51 0
52 1
53 0
54 0
55 1
56 1
57 1
58 1
59 1
60 1
61 1
62 0
63 0
64 1
65 0
66 1
67 1
68 1
69 1
70 1
71 1
72 1
73 1
74 1
75 1
76 1
77 1
78 1
79 1
80 1
81 0
82 1
83 0
84 1
85 1
86 1
87 0
88 0
89 1
90 1
91 1
92 0
93 0
94 1
<max energy cosumption of alternatives>
1 100000.00
2 2.56
3 2.67
4 4.70
5 2.67
6 4.67
7 5.33
8 2.40
9 2.74
10 3.11
11 4.62
12 4.28
13 5.44
14 3.32
15 4.11
16 5.19
17 4.96
18 4.24
19 2.99
20 4.32
21 2.17
<energy cosumption of alternatives>
1 100000.00 0.82 1.46 3.73 3.06 1.68 3.63 0.91 1.07 2.94 1.84 0.64 2.10 1.03 4.69 2.16 3.49 3.13 2.52 3.49 4.00 0.31 0.34 100000.00 0.68 0.93 100000.00 0.56 0.53 1.49 1.06 100000.00 0.46 0.70 2.17 100000.00 100000.00 1.54 0.59 100000.00 100000.00
2 100000.00 0.24 0.17 0.33 0.71 0.54 0.65 0.26 0.47 0.22 0.10 1.07 0.77 0.80 1.03 0.40 0.35 0.84 0.08 0.26 0.31 0.17 0.11 100000.00 0.19 0.28 100000.00 0.16 0.12 100000.00 0.06 0.67 0.38 0.29 0.53 0.22 100000.00 0.32 0.02 0.05 100000.00
3 100000.00 0.12 0.18 0.24 0.37 0.30 0.39 0.27 0.12 0.40 0.41 0.51 0.51 0.27 0.42 0.45 0.42 0.17 0.06 0.45 0.42 0.04 0.04 0.12 0.24 0.13 0.14 0.18 0.03 0.25 0.09 0.30 0.20 0.15 0.22 0.24 0.14 0.04 0.03 0.16 0.09
4 100000.00 0.22 0.38 0.08 0.22 0.21 0.42 0.15 0.13 0.19 0.58 0.60 0.08 0.17 0.28 0.19 0.58 0.58 0.26 0.10 0.15 0.09 0.23 0.03 0.12 0.15 0.26 0.08 0.04 0.11 0.12 0.40 0.03 0.11 0.14 0.08 0.27 0.37 0.11 0.04 0.09
5 100000.00 1.32 1.60 2.38 0.05 0.26 0.65 0.54 1.01 0.57 0.20 2.19 0.38 0.48 0.56 0.41 0.10 2.22 1.54 1.18 0.45 0.57 1.00 1.51 0.01 0.09 0.21 0.22 0.36 0.36 0.07 0.97 0.23 0.12 0.26 0.22 0.03 1.10 0.90 0.71 0.14
6 100000.00 0.34 1.33 0.48 0.43 1.08 0.21 1.28 1.12 0.28 0.12 1.32 1.35 0.12 1.44 0.42 0.42 2.09 1.50 1.47 0.34 0.18 0.58 0.13 0.26 0.46 0.10 0.70 0.52 0.06 0.05 0.77 0.84 0.07 0.63 0.23 0.27 0.99 0.46 1.02 0.20
7 100000.00 0.60 0.51 0.37 0.33 0.44 0.89 0.83 0.17 0.19 0.99 0.07 0.30 0.30 0.46 0.78 0.05 0.37 0.94 0.39 0.53 0.19 0.30 0.25 0.16 0.28 0.19 0.25 0.11 0.07 0.37 0.03 0.14 0.19 0.24 0.47 0.02 0.07 0.48 0.24 0.29
8 100000.00 0.37 0.66 1.13 0.57 0.97 1.06 0.07 0.71 0.09 0.83 0.32 0.97 0.89 0.16 1.17 1.20 1.13 0.07 1.17 0.46 0.21 0.46 0.39 0.26 0.57 0.39 0.02 100000.00 0.06 100000.00 100000.00 100000.00 0.50 0.09 0.70 0.63 0.26 0.03 0.72 100000.00
9 100000.00 0.35 0.38 0.49 0.35 0.49 0.13 0.75 0.07 0.63 0.61 0.77 0.25 0.35 0.31 0.76 0.64 0.53 0.44 0.34 0.57 0.08 0.24 0.17 0.20 0.10 0.05 0.39 0.03 0.25 0.17 0.17 0.07 0.23 0.17 0.46 0.24 0.25 0.11 0.20 0.23
10 100000.00 0.60 0.82 0.53 0.39 0.62 0.56 0.14 0.20 0.76 0.35 0.59 0.44 0.41 0.10 0.96 0.23 0.89 0.32 0.74 0.33 0.17 100000.00 0.31 100000.00 0.26 0.21 0.06 0.07 0.52 0.08 0.31 0.13 100000.00 0.03 0.61 0.11 0.60 0.21 0.37 0.21
11 100000.00 1.86 1.74 1.16 0.14 0.23 2.30 0.27 1.71 2.37 1.04 1.37 0.26 0.83 3.50 3.74 3.20 3.53 2.53 3.17 2.74 1.12 100000.00 100000.00 100000.00 0.11 100000.00 100000.00 0.52 1.62 0.52 0.52 0.11 0.23 1.16 100000.00 2.00 2.33 100000.00 100000.00 1.91
12 100000.00 1.07 1.87 0.50 1.38 0.65 2.65 2.57 2.57 1.35 2.65 1.33 1.30 1.22 1.00 2.41 1.24 3.09 2.26 2.19 0.51 100000.00 1.31 0.12 0.28 100000.00 1.17 100000.00 1.65 0.77 1.55 0.85 0.70 0.38 100000.00 100000.00 0.80 0.77 100000.00 1.41 100000.00
13 100000.00 1.11 0.65 0.15 0.44 0.09 0.97 1.35 0.25 0.22 1.79 1.64 0.70 1.04 1.61 0.58 0.85 0.97 0.28 0.31 0.16 0.74 0.22 0.04 0.29 100000.00 0.20 0.45 0.12 0.07 0.86 0.79 0.23 100000.00 1.03 0.34 0.37 0.59 0.18 100000.00 0.09
14 100000.00 1.14 1.02 0.25 0.99 1.79 2.06 0.77 0.56 1.30 1.07 1.34 2.12 0.56 2.13 0.73 1.73 1.98 0.62 1.40 1.59 0.68 0.31 0.10 0.59 0.92 0.87 100000.00 0.21 0.42 0.26 0.76 1.36 0.16 100000.00 0.33 0.88 1.21 0.13 100000.00 100000.00
15 100000.00 0.32 0.35 0.40 0.20 0.25 0.13 0.14 0.13 0.29 0.38 0.22 0.25 0.17 0.49 0.43 0.35 0.41 0.14 0.49 0.38 0.18 0.22 0.22 0.12 0.16 0.08 0.07 0.03 0.19 0.22 0.07 0.17 0.09 0.25 0.26 0.11 0.12 0.08 0.17 0.15
16 100000.00 0.10 0.23 0.22 0.13 0.22 0.22 0.13 0.14 0.29 0.19 0.38 0.10 0.26 0.31 0.13 0.25 0.16 0.20 0.28 0.13 0.06 0.08 0.07 0.07 0.13 0.09 0.06 0.05 0.20 0.10 0.17 0.07 0.14 0.06 0.08 0.07 0.05 0.07 0.07 0.06
17 100000.00 0.07 0.19 0.09 0.21 0.21 0.16 0.21 0.05 0.19 0.18 0.11 0.23 0.21 0.07 0.27 0.09 0.23 0.10 0.27 0.07 0.03 0.07 0.06 0.13 0.12 0.05 0.11 0.01 0.13 0.09 0.03 0.12 0.09 0.04 0.15 0.05 0.08 0.05 0.08 0.04
18 100000.00 0.42 0.42 0.38 0.48 0.43 0.16 0.26 0.36 0.33 0.53 0.29 0.47 0.17 0.07 0.28 0.35 0.50 0.11 0.43 0.23 0.15 0.11 0.20 0.29 0.27 0.05 0.10 0.15 0.23 0.15 0.14 0.22 0.05 0.02 0.09 0.14 0.11 0.05 0.18 0.16
19 100000.00 0.04 0.07 0.06 0.04 0.06 0.12 0.17 0.17 0.10 0.16 0.13 0.13 0.16 0.15 0.22 0.16 0.22 0.07 0.22 0.13 0.02 0.03 0.04 100000.00 0.04 0.08 100000.00 0.07 0.06 100000.00 0.04 100000.00 0.11 0.06 100000.00 0.07 100000.00 100000.00 0.06 0.09
20 100000.00 0.31 0.47 0.40 0.29 0.13 0.49 0.35 0.04 0.41 0.25 0.09 0.28 0.22 0.55 0.52 0.09 0.37 0.23 0.37 0.35 0.21 0.27 0.25 0.19 0.03 0.19 0.19 0.01 0.09 0.07 0.05 0.14 0.08 0.14 0.26 0.06 0.26 0.13 0.23 0.12
21 100000.00 1.11 0.07 1.58 0.34 1.82 0.12 0.10 1.14 0.59 0.19 0.12 0.70 1.26 0.76 1.09 0.88 1.67 0.40 1.04 0.62 0.57 0.03 0.64 0.17 1.13 0.06 0.05 0.72 0.40 0.04 0.04 0.41 0.66 0.28 0.27 0.19 1.04 0.10 0.23 0.15
22 100000.00 0.97 0.35 0.25 0.44 0.85 1.03 0.44 0.35 0.32 1.09 0.55 1.34 0.90 0.22 1.31 0.83 0.79 0.29 0.28 0.93 0.47 0.18 0.07 0.15 0.55 0.54 100000.00 0.19 0.11 0.75 0.22 100000.00 0.26 0.07 0.58 100000.00 0.27 0.12 0.18 0.21
23 100000.00 0.12 0.09 0.11 0.30 0.27 0.18 0.25 0.05 0.12 0.39 0.27 0.46 0.23 0.20 0.09 0.30 0.41 0.14 0.46 0.19 0.04 0.05 0.06 0.20 0.14 0.04 0.16 0.02 0.07 0.27 0.09 0.28 0.16 0.14 0.06 0.10 0.19 0.09 0.18 0.06
24 100000.00 0.24 0.21 0.08 0.19 0.21 0.36 0.21 0.15 0.16 0.36 0.11 0.27 0.24 0.39 0.11 0.30 0.36 0.16 0.24 0.09 0.15 0.15 0.02 0.12 0.07 0.11 0.14 0.05 0.05 0.24 0.08 0.16 0.10 0.11 0.03 0.13 0.16 0.11 0.06 0.05
25 100000.00 0.09 0.25 0.36 0.11 0.06 0.17 0.04 0.29 0.13 0.38 0.06 0.33 0.04 0.40 0.13 0.29 0.33 0.32 0.15 0.09 0.04 0.16 0.23 0.03 0.02 100000.00 0.02 0.08 0.03 0.13 0.03 0.11 100000.00 0.12 100000.00 0.07 0.19 0.12 0.08 0.05
26 100000.00 0.12 0.29 0.56 0.10 0.49 0.24 0.35 0.19 0.10 0.05 0.08 0.40 0.03 0.47 0.12 0.65 0.31 0.17 0.28 0.33 0.03 0.17 0.21 0.05 0.21 0.09 0.13 0.04 0.03 0.02 0.02 0.24 0.01 0.17 0.06 0.15 0.08 0.12 0.07 0.08
27 100000.00 0.09 0.09 0.08 0.34 0.48 0.14 0.06 0.22 0.22 0.27 0.27 0.36 0.03 0.39 0.18 0.45 0.15 0.09 0.15 0.06 0.05 0.04 0.03 0.08 0.29 0.03 0.02 0.09 0.08 0.09 0.13 0.10 0.02 0.24 0.07 0.14 0.05 0.02 0.04 0.04
28 100000.00 0.13 0.17 0.53 0.32 0.46 0.19 0.32 0.29 0.29 0.59 0.47 0.52 0.20 0.10 0.40 0.62 0.38 0.33 0.32 0.14 0.07 100000.00 100000.00 0.17 0.15 0.05 0.18 0.12 100000.00 0.21 0.30 0.14 0.05 0.05 100000.00 0.27 100000.00 0.21 0.16 100000.00
29 100000.00 0.23 0.19 0.50 0.26 0.38 0.43 0.26 0.23 0.05 0.46 0.41 0.41 0.20 0.16 0.19 0.13 0.07 0.23 0.19 0.11 0.10 0.05 0.24 0.18 0.24 0.18 0.07 0.13 0.01 0.12 0.26 0.27 0.05 0.08 0.09 0.08 0.02 0.10 0.04 0.06
30 100000.00 0.13 0.15 0.08 0.33 0.43 0.15 0.27 0.26 0.26 0.06 0.36 0.17 0.17 0.33 0.38 0.45 0.13 0.24 0.33 0.24 0.06 0.09 0.02 0.22 0.20 0.07 0.16 0.08 0.16 0.03 0.19 0.06 0.09 0.08 0.19 0.19 0.09 0.16 0.11 0.12
31 100000.00 1.05 1.14 1.15 1.30 1.24 1.06 0.93 1.24 0.33 0.17 0.32 1.60 1.11 1.15 1.64 0.65 1.51 1.18 1.72 1.26 0.56 0.26 0.62 0.65 0.50 0.42 0.52 0.81 0.15 0.06 0.08 0.53 0.58 0.45 1.09 0.30 0.74 0.45 0.86 0.35
32 100000.00 0.35 0.35 0.28 0.41 0.19 0.15 0.35 0.25 0.16 0.16 0.19 0.37 0.28 0.40 0.52 0.55 0.58 0.10 0.55 0.34 0.18 0.11 0.15 0.22 0.13 0.08 0.24 0.07 0.10 0.05 0.05 0.12 0.14 0.14 0.25 0.35 0.30 0.02 0.19 0.13
33 100000.00 0.20 0.23 0.10 0.29 0.35 0.31 0.32 0.05 0.13 0.43 0.31 0.28 0.32 0.31 0.07 0.28 0.38 0.17 0.29 0.11 0.11 0.05 0.02 0.13 0.23 0.09 0.22 0.01 0.04 0.28 0.22 0.12 0.15 0.16 0.01 0.09 0.20 0.07 0.18 0.06
34 100000.00 0.09 0.06 0.30 0.18 0.57 0.20 0.52 0.52 0.18 0.24 0.66 0.57 0.46 0.11 0.08 0.21 0.66 0.31 0.66 0.28 0.04 0.03 0.15 0.04 0.35 0.04 0.23 0.28 0.11 0.12 0.24 0.36 0.15 0.04 0.04 0.07 0.39 0.11 0.25 0.06
35 100000.00 1.17 0.79 1.39 0.85 1.02 1.05 1.38 0.07 0.19 1.75 1.33 1.87 1.61 0.30 1.57 0.24 0.21 0.25 0.21 0.59 0.34 0.28 0.41 0.43 0.23 0.40 0.43 0.05 0.11 0.72 0.72 1.20 0.81 0.10 0.96 0.07 0.14 0.15 0.15 0.23
36 100000.00 0.08 0.18 0.06 0.04 0.13 0.20 0.11 0.08 0.18 0.20 0.20 0.13 0.06 0.15 0.15 0.15 0.15 0.11 0.08 0.13 0.04 0.11 0.02 0.01 0.06 0.08 0.06 0.04 0.10 0.04 0.13 0.06 0.02 0.05 0.06 0.04 0.05 0.07 0.04 0.07
37 100000.00 0.11 1.52 1.10 1.24 0.66 0.20 1.12 0.24 1.13 1.20 2.16 1.86 1.09 1.32 0.69 1.83 2.22 1.34 2.25 0.24 0.06 0.46 0.35 0.52 0.43 0.04 0.69 0.12 0.25 0.56 0.98 0.96 0.57 0.38 0.36 1.27 0.52 0.33 1.19 0.13
38 100000.00 0.13 0.10 0.24 0.15 0.26 0.17 0.22 0.19 0.08 0.15 0.14 0.26 0.20 0.07 0.24 0.10 0.12 0.17 0.10 0.20 0.04 0.06 0.10 0.04 0.16 0.05 0.10 0.10 0.04 100000.00 100000.00 100000.00 100000.00 0.03 0.12 0.07 100000.00 100000.00 0.03 0.09
39 100000.00 0.07 0.40 0.21 0.38 0.12 0.39 0.25 0.12 0.09 0.06 0.24 0.18 0.49 0.61 0.30 0.46 0.46 0.43 0.09 0.44 0.03 0.16 0.08 0.14 0.03 0.20 0.15 0.04 0.04 0.02 0.15 100000.00 0.24 0.42 0.20 0.21 0.09 0.11 0.04 0.25
40 100000.00 1.34 0.33 1.14 0.81 1.65 0.10 0.58 0.26 0.17 1.70 0.95 1.32 0.79 1.58 0.49 1.34 1.81 0.49 0.33 1.30 0.48 100000.00 100000.00 100000.00 0.80 0.04 0.25 100000.00 0.09 0.74 0.51 0.31 0.42 0.44 0.23 0.47 1.15 100000.00 0.10 0.30
41 100000.00 0.55 0.26 0.51 0.26 0.44 0.21 0.46 0.19 0.33 0.42 0.49 0.62 0.03 0.14 0.07 0.74 0.67 0.23 0.42 0.42 0.27 0.06 0.35 0.08 0.16 0.12 0.27 0.06 0.16 0.19 0.28 0.42 0.01 0.03 0.03 0.24 0.27 0.08 0.10 0.27
42 100000.00 0.64 0.83 0.87 0.90 2.39 1.96 1.59 0.18 1.30 2.09 0.62 2.06 0.36 0.50 0.29 1.99 0.47 0.58 0.47 0.18 0.21 0.48 0.22 0.19 0.99 1.29 0.50 0.04 0.75 1.09 0.43 1.31 0.10 0.32 0.11 0.55 0.27 0.39 0.21 0.08
43 100000.00 0.60 0.23 0.31 0.63 0.89 0.40 0.51 0.60 0.63 0.85 0.83 0.13 0.23 0.52 0.13 0.80 0.07 0.23 0.58 0.26 0.31 0.14 0.10 0.23 0.46 0.21 0.10 0.38 0.16 0.59 0.27 0.04 0.09 0.29 0.05 0.25 0.02 0.10 0.22 0.13
44 100000.00 0.25 0.18 0.23 0.09 0.27 0.26 0.15 0.15 0.15 0.08 0.17 0.27 0.06 0.08 0.32 0.14 0.30 0.24 0.30 0.21 0.06 0.12 0.05 0.06 0.14 0.08 0.10 0.07 0.04 0.02 0.12 0.10 0.04 0.03 0.14 0.07 0.11 0.16 0.19 0.08
45 100000.00 0.34 0.85 0.64 0.88 1.38 1.20 0.65 0.65 0.18 0.48 0.36 0.30 0.12 1.17 0.57 0.70 0.66 0.13 0.06 0.55 0.11 0.35 0.33 0.35 0.55 0.42 0.28 0.40 0.09 0.32 0.08 0.08 0.05 0.27 0.23 0.25 0.40 0.04 0.02 0.38
46 100000.00 0.78 1.09 0.75 0.06 0.27 1.29 0.52 0.58 0.85 0.17 0.45 1.14 0.61 1.23 0.23 1.05 0.11 0.55 0.93 0.18 0.31 0.71 0.17 0.03 0.16 0.81 0.20 0.18 0.43 0.08 0.31 0.59 0.31 0.41 0.14 0.56 0.03 0.22 0.45 0.10
47 100000.00 0.22 1.22 0.76 0.85 1.21 0.64 0.89 1.55 0.80 2.59 2.08 2.26 0.86 0.61 0.18 0.18 1.93 0.31 1.57 0.59 0.09 0.62 0.32 0.39 0.66 0.17 0.61 0.64 0.36 1.66 1.35 0.98 0.33 0.27 0.08 0.05 0.63 0.09 0.96 0.27
48 100000.00 0.61 0.64 0.32 0.52 0.26 0.53 0.40 0.37 0.64 1.08 1.05 0.53 0.36 0.75 0.41 0.48 0.14 0.34 0.90 0.61 0.28 0.22 0.14 0.23 0.18 0.13 0.26 0.12 0.25 0.39 0.58 0.18 0.22 0.46 0.14 0.33 0.05 0.20 0.56 0.13
49 100000.00 0.27 0.11 0.14 0.14 0.08 0.38 0.05 0.14 0.24 0.38 0.23 0.38 0.30 0.13 0.13 0.23 0.26 0.11 0.29 0.23 0.16 0.06 0.09 0.03 0.05 0.20 0.03 0.08 0.14 0.09 0.15 0.09 0.10 0.03 0.08 0.07 0.11 0.06 0.15 0.12
50 100000.00 0.38 0.32 0.65 0.04 0.22 0.67 0.13 0.41 0.13 0.10 0.28 0.64 0.29 0.79 0.46 0.58 0.82 0.60 0.61 0.53 0.10 0.20 0.35 0.02 0.12 0.18 0.07 0.16 0.06 0.06 0.09 0.37 0.18 0.31 0.28 0.15 0.33 0.15 0.38 0.27
51 100000.00 0.16 0.85 0.25 0.46 0.51 1.03 0.19 0.16 0.21 1.10 0.07 0.14 0.12 0.53 0.62 0.73 0.30 0.59 0.69 0.19 0.11 0.35 100000.00 0.20 100000.00 0.35 0.10 0.06 0.12 0.27 0.03 0.07 0.06 0.18 0.23 100000.00 0.19 100000.00 100000.00 0.12
52 100000.00 0.20 0.23 0.28 0.20 0.07 0.25 0.17 0.23 0.20 0.26 0.25 0.10 0.05 0.19 0.16 0.10 0.13 0.14 0.07 0.14 0.07 0.05 0.09 0.09 0.05 0.13 0.11 0.13 0.05 0.05 0.11 0.06 0.01 0.06 0.06 0.04 0.08 0.05 0.02 0.04
53 100000.00 0.09 0.30 3.28 1.93 3.61 3.34 0.68 2.98 2.47 3.47 3.95 2.17 2.12 2.80 1.52 3.19 1.26 1.24 3.43 3.45 100000.00 0.09 2.04 100000.00 1.73 100000.00 0.23 1.04 0.75 1.48 1.68 1.27 0.99 0.86 0.89 1.95 100000.00 0.39 100000.00 1.36
54 100000.00 0.59 0.27 0.41 0.84 1.17 1.00 0.59 0.64 0.25 0.20 1.14 0.94 0.66 0.57 0.36 0.36 1.12 0.64 1.19 0.96 0.32 0.09 0.26 0.19 0.45 0.56 0.36 0.22 0.06 0.05 0.50 0.26 0.42 0.17 0.09 0.09 0.68 0.24 0.73 0.27
55 100000.00 1.04 1.04 1.00 0.76 0.38 1.05 0.42 1.01 0.14 0.35 1.45 0.86 1.04 0.59 0.25 0.26 0.86 1.01 0.32 0.57 0.71 0.40 0.29 0.53 0.13 0.33 0.11 0.29 0.06 0.24 0.89 0.23 0.58 0.28 0.17 0.16 0.59 0.67 0.11 0.14
56 100000.00 0.35 0.23 0.22 0.17 0.53 0.50 0.36 0.32 0.29 0.56 0.56 0.62 0.29 0.44 0.50 0.41 0.44 0.14 0.47 0.30 0.14 0.09 0.07 0.05 0.17 0.18 0.24 0.08 0.17 0.22 0.26 0.33 0.10 0.14 0.29 0.16 0.17 0.09 0.14 0.20
57 100000.00 1.49 1.98 0.70 1.49 2.23 0.42 0.04 1.83 0.53 2.45 3.14 1.33 0.44 2.87 2.78 2.08 2.08 1.29 1.21 0.95 0.39 0.59 0.20 0.70 1.10 0.23 0.02 0.54 0.13 0.60 2.06 0.75 0.25 1.49 1.03 0.60 0.69 0.41 0.50 0.24
58 100000.00 0.22 0.10 0.12 0.07 0.31 0.09 0.14 0.07 0.17 0.10 0.19 0.06 0.25 0.09 0.06 0.25 0.06 0.13 0.13 0.26 0.06 100000.00 0.05 0.03 0.09 0.04 100000.00 0.03 0.08 100000.00 0.12 0.02 0.14 0.03 100000.00 0.10 100000.00 0.07 0.03 100000.00
59 100000.00 0.14 0.44 0.56 0.41 0.62 0.37 0.47 0.17 0.07 0.10 0.58 0.55 0.17 0.22 0.58 0.28 0.19 0.38 0.65 0.17 0.08 0.27 0.32 0.25 0.17 0.13 0.16 0.05 0.04 0.03 0.36 0.15 0.08 0.13 0.22 0.16 0.08 0.15 0.30 0.08
60 100000.00 0.05 0.38 0.25 0.42 0.19 0.50 0.14 0.32 0.48 0.16 0.80 0.35 0.16 0.71 0.19 0.52 0.38 0.26 0.43 0.35 0.02 0.09 0.06 0.14 0.06 0.28 0.03 0.20 0.19 0.05 0.27 0.09 0.09 0.31 0.11 0.20 0.25 0.17 0.14 0.14
61 100000.00 0.11 0.08 0.19 0.11 0.17 0.25 0.08 0.23 0.20 0.17 0.29 0.23 0.17 0.13 0.16 0.23 0.13 0.20 0.23 0.11 0.05 0.04 100000.00 0.02 0.09 0.18 0.05 0.15 100000.00 0.10 0.18 0.14 0.03 0.06 0.08 0.12 0.05 100000.00 0.15 0.05
62 100000.00 0.37 0.33 0.30 0.46 0.19 0.48 0.30 0.57 0.28 0.19 0.12 0.88 0.12 0.44 0.71 0.21 0.88 0.16 0.62 0.30 100000.00 100000.00 0.16 0.23 0.11 0.23 100000.00 0.13 0.14 0.10 100000.00 100000.00 100000.00 0.26 100000.00 0.06 0.56 0.08 0.39 0.19
63 100000.00 0.67 0.67 0.64 0.81 0.80 0.09 0.12 0.51 0.85 1.10 0.55 0.09 0.51 1.05 0.59 0.25 1.35 0.85 0.94 0.05 100000.00 0.38 100000.00 100000.00 100000.00 0.03 100000.00 0.15 0.22 0.55 0.35 100000.00 0.34 0.30 100000.00 0.11 100000.00 0.42 0.25 0.02
64 100000.00 0.24 0.35 0.23 0.14 0.44 0.07 0.20 0.11 0.27 0.29 0.41 0.17 0.08 0.19 0.28 0.23 0.10 0.17 0.10 0.26 0.10 100000.00 0.09 100000.00 0.16 100000.00 0.08 100000.00 0.16 100000.00 0.19 0.05 0.03 0.08 100000.00 0.14 0.07 100000.00 100000.00 0.12
65 100000.00 0.15 0.18 0.20 0.11 0.20 0.13 0.11 0.11 0.11 0.11 0.20 0.15 0.04 0.06 0.18 0.08 0.18 0.13 0.06 0.13 0.07 0.09 0.05 0.05 0.06 0.06 0.03 0.03 0.05 0.05 0.09 0.04 0.02 0.01 0.04 0.04 0.08 0.09 0.03 0.04
66 100000.00 0.24 1.31 0.69 0.24 1.50 1.20 0.09 0.09 0.30 0.44 0.45 0.78 0.12 0.84 0.78 0.08 0.87 0.65 1.11 0.18 0.07 0.66 0.40 0.11 0.72 0.66 0.05 0.06 0.15 0.27 0.23 0.35 0.03 0.32 0.45 0.02 0.27 0.31 0.67 0.06
67 100000.00 0.10 0.60 0.34 0.39 0.49 0.52 0.54 0.17 0.20 0.91 0.13 0.22 0.66 0.07 0.64 0.74 0.67 0.29 0.22 0.57 0.04 0.21 100000.00 100000.00 0.13 0.18 0.35 100000.00 0.06 0.39 0.04 100000.00 0.41 0.04 100000.00 0.20 0.23 0.18 0.10 100000.00
68 100000.00 0.24 0.33 0.57 0.43 0.57 0.35 0.06 0.28 0.25 0.27 0.14 0.33 0.06 0.14 0.51 0.33 0.14 0.30 0.54 0.18 0.06 0.18 0.13 100000.00 0.39 0.15 100000.00 0.09 0.08 0.18 0.05 0.10 0.04 0.10 100000.00 0.18 100000.00 0.08 100000.00 0.06
69 100000.00 1.31 0.63 1.14 0.44 0.07 0.07 0.47 1.03 0.48 0.55 1.08 1.02 0.63 1.47 0.31 1.32 0.56 0.48 1.56 0.32 0.34 0.30 0.25 0.20 0.05 0.03 0.31 0.71 0.12 0.24 0.31 0.34 0.35 0.89 0.08 0.27 0.25 0.12 0.72 0.12
70 100000.00 0.59 1.09 1.84 0.90 1.44 1.35 1.39 0.04 1.30 2.17 1.29 0.89 1.36 0.64 1.01 1.14 1.29 1.31 0.82 0.22 0.12 0.24 1.15 0.32 0.53 0.70 0.58 0.01 0.48 1.40 0.53 0.54 0.67 0.20 0.68 0.41 0.84 0.74 0.50 0.10
71 100000.00 1.11 1.38 2.39 1.04 0.82 2.15 0.38 1.29 1.05 1.15 2.30 2.03 0.83 1.00 1.03 0.58 1.67 0.83 0.70 1.29 0.32 0.58 1.65 0.54 0.19 1.31 0.19 100000.00 0.56 0.58 100000.00 100000.00 0.30 0.64 0.57 100000.00 0.44 0.42 0.48 0.67
72 100000.00 1.16 0.91 0.38 0.42 1.78 0.86 0.29 0.76 1.31 1.02 0.19 0.19 0.85 0.62 0.74 0.41 0.59 1.22 1.69 0.08 0.47 0.53 0.25 0.11 1.06 0.18 0.07 0.52 0.66 0.28 0.05 0.04 0.52 0.38 0.24 0.12 0.18 0.85 0.53 0.04
73 100000.00 0.68 0.68 0.33 0.98 1.57 1.99 0.37 0.98 1.22 1.84 1.23 0.63 0.31 0.48 0.32 0.87 1.02 0.37 0.11 1.65 0.19 0.33 0.15 0.55 100000.00 0.91 0.10 0.52 0.48 100000.00 100000.00 100000.00 0.13 0.17 0.16 0.31 0.24 100000.00 0.06 0.80
74 100000.00 0.54 0.44 1.59 1.30 1.43 0.28 0.14 1.27 0.66 1.67 0.25 1.16 0.78 0.43 0.80 1.58 0.50 0.91 1.83 0.16 0.30 100000.00 0.53 0.73 100000.00 100000.00 0.04 0.34 0.17 1.08 0.17 0.72 100000.00 0.18 0.42 100000.00 100000.00 0.42 0.66 0.07
75 100000.00 1.52 0.43 0.33 1.58 1.20 0.12 1.22 1.64 0.62 2.16 2.37 2.01 0.68 1.08 0.33 0.54 2.04 0.79 0.91 1.16 0.55 100000.00 0.12 100000.00 0.83 0.03 0.34 0.42 0.43 0.99 0.53 0.44 0.14 0.46 100000.00 0.37 0.77 100000.00 100000.00 0.26
76 100000.00 0.54 0.14 2.27 2.11 2.78 0.53 0.20 1.17 1.02 2.84 0.65 0.56 0.92 0.53 0.38 0.87 0.14 0.08 1.43 1.07 0.17 0.10 1.56 1.07 0.66 0.13 0.06 0.31 0.67 1.30 0.41 0.38 0.21 0.14 0.20 0.40 0.07 0.03 0.33 0.36
77 100000.00 1.00 2.14 1.04 1.22 2.32 0.31 0.60 0.29 1.10 1.08 1.11 0.89 1.06 1.50 0.62 1.44 0.77 0.29 1.11 0.60 0.68 1.05 0.33 0.72 0.78 0.08 0.13 0.17 0.47 0.60 0.45 0.19 0.27 0.80 0.28 0.54 0.44 0.19 0.61 0.41
78 100000.00 0.07 1.91 1.66 0.65 1.57 0.73 1.61 1.07 0.38 2.61 2.40 1.95 0.44 2.43 1.86 1.26 2.46 0.89 0.82 0.47 0.04 100000.00 100000.00 0.38 100000.00 0.28 0.53 0.40 0.11 100000.00 1.31 100000.00 0.15 100000.00 1.17 100000.00 0.96 0.25 0.48 0.19
79 100000.00 0.14 0.11 0.16 0.05 0.26 0.22 0.08 0.14 0.11 0.29 0.16 0.16 0.11 0.13 0.22 0.10 0.29 0.20 0.10 0.14 0.07 0.07 0.08 0.02 0.15 0.11 0.05 0.04 0.03 0.19 0.07 0.08 0.06 0.08 0.15 0.05 0.10 0.07 0.06 0.08
80 100000.00 0.25 0.18 0.18 0.34 0.24 0.24 0.22 0.13 0.21 0.09 0.09 0.12 0.37 0.12 0.39 0.12 0.21 0.12 0.48 0.28 0.17 100000.00 0.06 0.11 0.11 0.09 0.10 0.09 0.09 0.04 0.04 100000.00 0.12 0.06 0.24 100000.00 0.11 0.08 100000.00 0.13
81 100000.00 0.85 0.74 1.01 0.28 1.29 1.08 0.51 0.23 0.35 1.38 0.25 0.95 0.67 0.16 0.71 0.99 0.14 0.94 1.01 0.12 0.19 0.27 0.60 0.13 100000.00 0.39 100000.00 0.14 100000.00 0.66 100000.00 0.51 0.31 0.07 100000.00 0.67 0.10 100000.00 0.57 100000.00
82 100000.00 0.22 0.07 1.07 0.13 1.04 0.28 0.84 0.84 0.75 0.28 0.70 0.58 0.16 0.43 0.31 1.13 0.52 0.66 0.85 0.47 0.10 0.02 0.24 0.04 0.37 0.06 0.33 0.51 0.22 0.07 0.34 0.24 0.04 0.11 0.21 0.28 0.13 0.31 0.56 0.30
83 100000.00 0.39 0.09 0.09 0.25 0.27 0.18 0.28 0.35 0.25 0.34 0.55 0.27 0.21 0.13 0.46 0.16 0.13 0.05 0.16 0.37 100000.00 0.03 0.06 0.11 0.13 0.06 0.06 0.14 0.14 0.20 0.31 0.15 0.11 0.09 0.13 0.04 0.08 0.03 0.05 0.18
84 100000.00 0.10 0.25 0.67 0.87 0.85 0.12 0.74 0.28 0.13 0.43 0.28 1.01 0.65 0.28 0.31 0.82 0.09 0.32 0.58 0.13 0.03 0.06 0.22 0.47 0.28 0.04 0.51 0.15 0.06 0.18 0.06 0.44 0.39 0.07 0.19 0.50 0.02 0.14 0.16 0.07
85 100000.00 1.42 0.68 0.96 1.57 1.32 1.59 0.46 0.25 1.10 2.09 0.88 0.46 0.03 0.72 0.82 0.27 2.04 1.57 2.13 0.06 0.63 0.43 0.32 0.94 0.51 0.82 0.26 0.10 0.25 1.31 0.28 0.22 0.02 0.17 0.53 0.06 1.14 0.32 1.22 0.02
86 100000.00 0.98 1.47 0.73 0.74 1.42 1.39 0.59 1.11 1.47 0.15 1.46 1.27 1.20 1.42 1.70 1.21 1.39 0.25 0.55 0.68 0.56 0.47 0.42 0.15 0.55 0.40 0.31 0.45 0.75 0.07 0.63 0.53 0.48 0.86 0.46 0.53 0.97 0.15 0.26 0.19
87 100000.00 2.78 0.28 2.24 3.04 2.01 3.49 1.53 0.47 0.77 0.57 0.09 3.84 0.81 0.25 1.89 2.57 0.16 0.40 1.87 1.16 1.61 0.16 0.70 1.35 0.48 2.23 0.76 0.23 0.54 0.29 0.03 2.68 0.49 0.06 0.44 1.71 0.10 0.10 1.15 0.38
88 100000.00 0.22 0.22 0.10 0.24 0.44 0.85 0.05 0.22 0.73 0.92 0.10 0.28 0.51 0.46 0.37 1.01 0.42 0.80 0.51 0.74 0.14 0.10 0.03 0.07 0.12 0.36 0.02 0.13 0.51 0.45 0.03 0.14 0.18 0.25 0.26 0.57 0.27 0.18 0.34 0.44
89 100000.00 0.41 0.35 0.25 0.13 0.74 0.49 0.60 0.13 0.14 0.37 0.64 0.40 0.41 0.76 0.70 0.31 0.46 0.07 0.49 0.41 0.17 0.12 0.06 0.05 0.38 0.32 0.27 0.04 0.08 0.12 0.18 0.18 0.26 0.52 0.22 0.09 0.14 0.05 0.14 0.26
90 100000.00 1.38 1.29 1.82 1.87 1.09 0.09 0.44 1.26 0.35 2.54 3.11 3.78 0.69 3.99 1.36 3.42 2.15 2.24 4.05 0.92 0.65 0.44 0.89 0.64 0.64 0.03 0.28 0.49 0.19 1.70 1.05 2.16 0.47 1.01 0.67 1.05 0.59 1.38 1.21 0.62
91 100000.00 0.32 0.29 0.22 0.35 0.13 0.43 0.23 0.54 0.57 0.10 0.07 0.28 0.66 0.10 0.28 0.80 0.13 0.26 0.22 0.32 0.13 0.13 0.07 0.23 0.07 0.21 0.10 0.37 0.19 0.05 0.05 0.19 0.25 0.06 0.12 0.23 0.08 0.13 0.05 0.14
92 100000.00 0.08 2.26 0.34 2.14 2.05 2.88 2.35 0.70 1.86 2.70 0.43 0.13 2.35 1.91 2.53 2.31 1.89 1.77 0.48 0.82 0.02 0.60 0.22 1.49 1.23 1.46 0.48 0.44 1.07 1.16 0.14 0.05 1.30 1.00 1.21 1.12 0.99 0.61 0.10 0.41
93 100000.00 1.54 1.62 2.52 1.29 0.66 1.85 0.74 1.31 1.38 0.27 1.85 2.55 2.05 0.25 1.94 0.62 0.83 1.01 1.78 0.83 0.43 0.59 1.71 0.48 0.46 1.25 0.25 0.39 0.76 0.16 0.88 0.55 1.04 0.11 0.78 0.30 0.29 0.71 0.55 0.47
94 100000.00 0.78 0.31 0.52 0.35 1.07 1.31 0.93 0.84 0.32 1.28 0.76 0.46 0.35 0.95 0.82 1.34 0.28 1.00 1.10 0.87 0.24 0.11 0.28 0.09 0.40 0.59 0.36 0.28 0.18 0.81 0.47 0.13 0.22 0.59 0.45 0.65 0.13 0.55 0.34 0.24
<task rigidity>
1 5
2 6
3 9
4 3
5 5
6 5
7 3
8 4
9 5
10 9
11 1
12 2
13 10
14 3
15 8
16 9
17 6
18 10
19 1
20 6
21 5
22 2
23 1
24 6
25 2
26 5
27 2
28 4
29 2
30 4
31 4
32 5
33 5
34 4
35 2
36 3
37 9
38 5
39 3
40 6
41 10
42 4
43 3
44 7
45 6
46 2
47 3
48 10
49 8
50 8
51 5
52 3
53 2
54 5
55 3
56 8
57 5
58 3
59 3
60 8
61 2
62 8
63 7
64 3
65 8
66 3
67 4
68 9
69 2
70 3
71 7
72 10
73 1
74 9
75 9
76 6
77 2
78 5
79 5
80 2
81 8
82 1
83 5
84 3
85 5
86 4
87 9
88 4
89 1
90 10
91 9
92 2
93 7
94 4
<precedence relations>
1,2
1,3
1,4
1,5
1,6
1,7
1,8
1,9
1,10
2,11
2,17
3,12
4,11
4,16
5,11
5,13
5,16
5,18
6,11
6,13
6,15
6,19
7,42
8,29
9,11
10,19
10,37
10,48
10,50
11,14
12,20
12,52
12,61
13,82
14,21
14,22
14,23
14,24
14,25
14,26
14,27
14,28
14,29
14,30
14,31
14,32
15,81
16,75
17,82
18,75
19,75
20,78
21,39
21,40
21,41
21,53
21,60
21,71
22,38
22,49
22,58
22,72
23,34
23,35
24,37
24,44
25,33
25,56
25,57
25,60
25,63
25,65
25,73
26,41
26,43
27,54
27,55
27,56
27,58
27,62
28,33
28,35
28,40
28,43
28,49
28,51
28,52
28,54
29,75
30,36
30,42
30,59
31,74
32,36
32,44
32,45
32,46
32,47
32,48
32,50
32,60
32,69
33,78
34,78
35,78
36,82
37,61
37,62
37,64
37,66
37,67
37,68
37,69
37,70
37,71
37,72
37,73
38,82
39,82
40,78
41,78
42,74
43,78
44,75
45,75
46,75
46,76
47,75
48,75
49,78
50,75
51,78
52,78
53,76
53,77
54,78
55,77
56,77
57,76
57,77
58,77
59,82
60,77
61,77
62,77
63,77
64,74
65,74
66,75
66,76
67,74
68,82
69,75
69,77
70,76
70,77
71,76
72,76
73,77
74,82
75,82
76,82
77,78
78,79
78,80
79,81
80,81
81,82
82,83
83,84
83,85
84,86
85,86
86,87
87,88
88,89
88,90
89,92
90,91
90,93
92,94
<end>