<number of tasks>
94
<number of stations>
15
<number of workers>
15
<type of the robots>
1
<limit of the robots>
6
<task times>
1 205 129 145 39 109 135 40 10 145 97 105 101 48 145 77 100 79 93 26 72 87 25 7 90 62 65 71 33 98 48 62
2 100000 10 33 33 33 1 24 23 5 20 27 21 7 15 33 16 100000 22 22 100000 100000 17 100000 4 100000 19 100000 5 11 22 12
3 100000 11 11 9 14 17 12 13 11 13 1 13 6 12 11 1 8 8 7 9 100000 100000 9 7 100000 1 9 100000 8 8 1
4 33 5 1 10 18 23 15 15 4 11 5 23 8 20 14 7 4 1 7 12 15 10 10 3 7 4 15 6 14 10 5
5 99 20 65 19 10 5 65 17 68 3 52 49 51 24 44 28 13 41 13 7 4 41 11 47 2 37 34 33 16 27 18
6 92 22 43 23 36 25 43 28 13 65 13 10 65 11 31 26 15 27 16 23 17 27 18 10 46 9 7 45 7 21 19
7 100000 23 20 19 47 3 20 37 28 16 17 27 16 22 6 9 15 14 12 31 2 13 26 19 11 100000 17 11 14 4 6
8 76 46 36 47 32 2 51 10 4 11 21 50 23 46 22 34 30 25 29 20 2 34 7 3 7 13 34 15 32 16 23
9 40 6 9 19 24 20 14 11 20 11 10 26 30 4 15 9 5 7 13 16 14 10 8 14 8 7 18 20 3 11 6
10 100000 5 7 16 12 20 1 1 14 12 26 2 3 9 14 20 100000 5 11 8 14 100000 1 100000 9 17 100000 2 6 10 100000
11 156 60 58 58 9 75 28 18 52 79 38 60 71 43 82 41 37 38 39 6 48 18 13 32 49 26 40 49 30 51 26
12 157 26 21 88 45 76 15 92 90 105 97 68 78 76 104 16 16 14 56 28 50 10 58 58 70 66 48 49 48 65 11
13 79 43 15 55 34 11 14 2 41 50 12 42 11 47 17 24 29 10 38 23 7 10 2 27 35 8 27 7 32 12 16
14 100000 39 36 64 65 6 54 35 28 62 40 45 12 56 30 46 25 25 100000 45 100000 37 24 20 40 26 29 8 35 21 29
15 100000 14 14 14 10 7 13 3 8 5 9 12 12 9 12 8 100000 100000 10 7 100000 9 3 6 100000 100000 100000 100000 6 8 5
16 15 7 5 10 6 4 2 1 7 10 10 10 11 8 1 10 5 4 7 4 3 2 1 5 7 7 7 7 5 1 7
17 13 3 8 1 2 10 10 5 9 6 9 2 10 5 8 2 2 6 1 2 7 7 4 6 5 6 2 7 4 5 2
18 24 10 5 18 18 3 16 16 11 4 11 13 7 14 18 19 7 4 13 13 3 11 12 8 3 8 8 5 9 12 13
19 10 8 2 3 2 1 3 7 2 3 4 5 4 1 8 4 6 2 3 2 1 2 5 2 2 3 4 3 1 6 3
20 23 9 13 5 8 15 4 12 1 15 8 3 2 13 11 4 6 9 4 6 10 3 9 1 10 6 3 2 9 8 3
21 100000 10 41 7 54 50 57 7 7 39 42 53 18 12 36 26 7 100000 5 36 100000 100000 100000 5 100000 27 37 100000 8 100000 100000
22 55 8 35 16 21 22 16 29 18 10 36 24 20 21 13 6 6 24 11 13 14 10 19 12 7 23 15 13 15 9 5
23 23 15 5 3 3 2 1 15 15 1 11 7 3 10 12 7 10 4 3 2 2 1 10 10 1 8 5 2 7 8 5
24 15 8 5 2 7 6 10 2 11 4 1 8 9 2 7 10 6 4 2 5 4 7 2 8 3 1 6 6 2 5 7
25 100000 14 6 10 17 12 2 1 9 9 17 14 5 10 16 12 10 100000 7 11 8 2 1 7 6 11 9 4 7 100000 9
26 100000 7 16 5 21 8 2 5 21 6 9 22 21 23 23 17 5 11 4 100000 6 2 4 100000 5 7 100000 14 100000 15 12
27 100000 6 13 15 10 2 16 3 4 1 5 4 9 2 6 14 4 9 11 7 2 11 100000 3 1 100000 3 100000 100000 4 9
28 25 11 17 3 2 6 4 13 11 6 1 9 7 13 3 7 7 12 3 2 5 3 9 7 4 1 7 5 9 3 5
29 21 13 3 4 6 10 7 11 7 16 7 3 13 2 9 11 10 2 3 5 7 5 7 5 11 5 2 10 2 6 7
30 24 15 8 12 6 4 11 16 11 8 2 14 15 4 4 6 10 6 9 4 3 7 11 7 6 2 10 10 3 3 5
31 66 19 37 2 7 18 33 10 46 32 43 17 43 35 47 50 14 26 2 5 12 21 7 29 20 30 12 31 24 29 34
32 25 5 9 11 10 15 16 10 17 18 11 10 3 2 16 1 4 7 8 7 10 11 7 12 13 7 7 3 2 10 1
33 18 10 6 8 10 5 1 12 2 7 3 10 11 1 8 12 7 5 6 7 4 1 9 2 5 3 7 8 1 5 8
34 29 7 5 10 15 16 14 17 6 2 16 13 7 12 20 3 5 4 7 11 11 9 12 5 2 11 9 5 9 13 2
35 82 21 15 58 4 39 1 6 15 33 53 15 12 19 12 57 15 11 36 3 27 1 4 11 21 34 11 9 13 8 40
36 11 5 8 2 6 1 4 2 6 6 3 1 2 8 8 8 4 5 2 5 1 3 2 4 4 3 1 2 6 6 6
37 86 62 7 25 62 3 25 20 51 26 43 44 54 22 27 17 41 5 18 39 2 17 14 32 18 28 28 35 14 18 12
38 12 7 9 8 1 8 5 6 2 6 1 3 8 1 1 4 5 7 6 1 6 4 5 2 5 1 3 6 1 1 3
39 100000 12 12 18 15 4 1 18 4 5 17 1 18 7 11 5 9 8 100000 11 3 1 100000 100000 4 11 1 12 5 8 4
40 93 48 66 21 28 19 64 5 31 33 35 50 5 49 53 71 30 46 15 17 13 43 4 22 23 22 31 4 34 33 48
41 39 16 24 5 27 7 5 13 2 7 7 22 27 27 1 2 12 16 4 17 5 4 9 2 5 5 14 19 18 1 2
42 89 46 5 57 1 11 8 44 38 54 14 19 60 1 37 45 29 4 37 1 8 6 31 26 36 10 14 42 1 24 31
43 35 11 5 9 8 8 26 19 24 14 23 1 15 16 16 11 7 4 7 6 6 17 13 16 10 16 1 11 11 11 8
44 12 5 6 2 1 5 3 2 5 8 3 7 4 8 4 2 4 4 2 1 4 3 2 4 6 2 5 3 5 3 2
45 100000 32 38 36 23 35 7 14 10 6 25 25 13 31 30 18 22 100000 25 16 25 100000 10 7 5 100000 16 9 21 21 100000
46 100000 29 3 28 36 31 19 13 20 19 26 14 31 33 26 7 100000 3 18 24 21 14 9 13 14 100000 10 20 20 17 5
47 98 40 76 9 21 32 16 35 21 63 15 15 43 20 35 12 26 50 7 14 23 12 22 15 42 10 11 29 14 23 8
48 100000 24 21 2 31 21 13 13 8 22 8 21 15 5 10 16 15 14 2 20 15 9 8 6 100000 6 14 10 100000 7 11
49 100000 7 8 1 10 6 3 11 3 3 7 6 8 9 4 9 100000 100000 1 7 4 2 7 3 3 5 4 6 100000 100000 6
50 40 21 27 13 15 26 16 13 12 12 15 9 26 19 18 16 15 19 10 10 18 11 9 8 9 10 6 18 12 13 11
51 65 15 36 10 8 10 23 32 34 36 27 16 41 6 31 37 11 25 7 6 7 16 22 22 26 17 10 29 5 20 24
52 10 7 4 1 4 3 4 7 4 2 6 8 2 5 1 4 5 3 1 3 2 3 5 3 2 5 6 2 4 1 3
53 232 106 137 56 58 161 94 81 158 170 90 144 66 81 138 94 69 89 37 40 112 63 53 102 114 62 97 42 54 86 61
54 100000 7 38 1 30 43 32 8 48 35 13 9 41 26 8 42 5 100000 100000 100000 26 100000 100000 100000 22 9 6 27 100000 6 29
55 59 14 17 28 26 12 27 28 12 15 17 16 19 4 1 9 10 11 18 17 8 19 20 8 10 11 12 14 3 1 6
56 25 11 9 11 10 8 11 5 6 2 2 3 8 17 14 2 7 6 8 7 6 8 4 5 2 2 2 6 11 10 2
57 129 12 24 85 85 43 31 8 14 88 88 88 42 16 21 84 9 15 58 60 29 19 6 10 58 54 54 29 10 15 51
58 12 8 2 7 3 9 3 3 1 2 5 8 4 8 1 8 6 2 5 2 7 2 2 1 2 4 6 3 5 1 5
59 25 8 1 15 10 11 15 13 7 10 5 9 7 12 16 15 6 1 10 7 8 10 10 5 7 4 6 5 9 10 10
60 31 17 22 18 16 22 1 14 2 11 13 22 21 8 18 23 11 15 12 11 14 1 9 2 8 9 14 15 6 12 15
61 11 1 8 1 4 8 8 3 1 8 6 8 6 3 6 4 1 6 1 3 6 6 2 1 6 5 6 4 2 4 3
62 47 17 28 4 29 21 32 28 1 17 26 19 33 1 21 27 11 18 3 21 14 20 18 1 12 19 13 22 1 14 18
63 100000 10 46 49 52 28 52 1 16 3 14 57 20 17 56 54 7 28 32 36 19 32 1 11 2 10 37 13 100000 100000 36
64 100000 8 3 2 9 5 2 4 8 4 3 12 9 12 4 4 6 100000 100000 7 4 100000 3 6 3 2 9 6 8 100000 100000
65 10 2 7 5 4 4 1 5 8 8 3 5 3 4 6 7 2 5 4 3 3 1 4 6 5 3 4 3 3 4 5
66 64 38 41 20 1 16 1 8 29 27 42 28 2 40 41 33 25 29 13 1 12 1 6 19 18 28 18 2 26 26 22
67 100000 19 7 23 25 16 18 6 7 17 5 11 15 16 25 20 13 5 100000 16 100000 12 4 5 12 4 100000 10 11 17 13
68 25 18 6 2 11 1 11 16 11 14 11 5 12 7 2 2 12 4 2 8 1 8 10 7 10 8 4 8 5 2 2
69 100000 9 29 40 43 43 8 35 6 25 20 44 34 35 2 33 6 19 27 28 27 100000 24 5 100000 100000 100000 100000 23 100000 20
70 100000 12 9 4 46 30 12 45 47 45 48 4 23 6 5 16 8 7 100000 100000 21 8 31 33 100000 100000 3 100000 4 100000 10
71 100 68 52 17 30 58 35 47 6 64 50 29 72 65 6 6 43 37 12 20 41 22 29 5 43 33 20 47 43 4 4
72 70 11 30 15 31 37 26 3 25 7 3 23 12 33 28 8 8 20 11 22 23 18 2 16 5 2 16 9 24 20 6
73 81 36 6 42 41 39 34 28 19 38 11 32 20 4 58 5 22 4 26 28 25 23 20 13 24 8 20 14 3 35 4
74 74 32 49 53 3 49 44 33 16 11 52 15 6 29 13 53 22 33 34 2 32 31 23 11 8 34 11 5 18 9 34
75 101 73 25 67 68 48 34 28 67 34 58 16 76 15 66 1 49 17 45 45 31 23 19 47 24 38 12 46 10 43 1
76 123 84 49 83 84 56 70 53 65 37 91 78 33 5 69 57 55 34 55 53 34 49 36 42 23 64 50 22 4 44 36
77 100000 76 68 55 20 76 30 8 50 47 33 66 67 8 7 52 48 100000 34 13 100000 19 6 100000 100000 23 44 42 6 100000 33
78 100000 26 55 15 16 39 17 16 28 62 16 52 34 61 16 38 18 38 10 10 100000 12 11 20 38 100000 33 21 39 11 26
79 100000 6 8 8 9 5 3 7 7 3 8 1 5 9 3 1 100000 5 6 6 100000 100000 100000 5 2 6 100000 4 7 3 1
80 19 11 4 10 2 3 6 4 7 9 10 2 5 5 7 10 8 3 7 2 2 4 3 5 7 7 2 4 4 5 7
81 71 11 15 5 50 48 13 36 28 27 39 47 44 38 13 14 8 10 4 34 33 10 24 20 18 27 33 31 25 9 10
82 100000 15 20 28 5 4 31 30 5 8 21 17 5 20 2 15 100000 14 19 4 3 100000 19 4 6 14 100000 100000 14 100000 11
83 100000 6 2 15 6 21 4 21 18 12 14 15 16 19 1 14 4 100000 10 5 100000 3 15 100000 9 100000 10 100000 100000 1 10
84 100000 34 26 1 27 30 32 32 6 24 9 33 35 22 11 17 21 17 1 100000 100000 100000 23 100000 16 6 100000 22 14 7 11
85 82 31 45 35 35 41 17 46 19 16 62 61 57 44 59 20 21 31 25 22 25 12 32 14 12 42 39 36 30 40 14
86 100000 48 16 41 41 10 47 12 12 40 18 49 44 33 25 42 31 11 29 100000 100000 33 8 100000 26 13 30 100000 22 17 27
87 100000 132 18 111 124 126 130 36 18 143 100 49 140 145 1 147 81 12 100000 100000 100000 100000 100000 12 98 100000 31 86 100000 1 89
88 100000 27 15 26 7 37 36 16 31 30 39 3 17 13 14 37 100000 100000 17 5 23 100000 10 100000 20 100000 100000 12 100000 100000 24
89 33 22 15 12 9 6 10 23 21 19 18 17 16 17 17 15 14 10 8 7 5 7 15 14 12 12 11 12 12 12 10
90 162 105 79 60 115 15 66 44 41 81 50 97 63 52 86 117 66 55 42 76 10 45 27 27 57 32 62 39 34 53 77
91 100000 5 25 4 10 24 14 20 6 13 20 13 23 21 12 15 4 16 3 7 16 10 14 5 8 13 10 16 15 9 11
92 153 21 2 65 43 39 73 43 38 46 80 83 44 107 79 101 13 2 44 27 25 46 27 23 30 54 52 28 75 52 67
93 100000 84 1 100 17 33 83 74 76 50 32 54 26 12 56 22 53 1 63 12 21 55 100000 51 32 100000 100000 19 100000 100000 100000
94 72 38 2 27 44 28 1 24 13 34 39 31 20 31 34 48 26 2 18 30 18 1 15 9 22 24 19 13 19 21 31
<posture of tasks>
1 1
2 1
3 1
4 1
5 0
6 0
7 0
8 1
9 1
10 1
11 1
12 1
13 1
14 1
15 1
16 1
17 1
18 1
19 1
20 1
21 1
22 1
23 0
24 1
25 1
26 1
27 1
28 1
29 1
30 0
31 1
32 1
33 1
34 1
35 1
36 1
37 0
38 1
39 0
40 1
41 1
42 1
43 1
44 0
45 1
46 0
47 1
48 1
49 1
50 1
51 1
52 1
53 1
54 1
55 0
56 0
57 1
58 0
59 1
60 1
61 1
62 1
63 1
64 1
65 1
66 1
67 1
68 0
69 1
70 1
71 1
72 0
73 1
74 1
75 1
76 1
77 1
78 1
79 1
80 1
81 0
82 1
83 1
84 1
85 1
86 1
87 1
88 1
89 0
90 1
91 1
92 0
93 1
94 0
<max energy cosumption of alternatives>
1 100000.00
2 4.82
3 2.76
4 4.81
5 5.19
6 3.11
7 5.47
8 4.09
9 5.39
10 4.97
11 2.88
12 4.40
13 5.25
14 2.11
15 2.63
16 5.53
<energy cosumption of alternatives>
1 100000.00 4.35 4.14 1.42 3.74 3.80 1.42 0.36 5.05 3.46 2.91 3.44 1.60 3.92 2.00 3.61 2.26 2.15 0.53 1.60 1.43 0.52 0.24 1.67 0.85 0.67 1.56 0.38 0.92 1.12 2.10
2 100000.00 0.35 0.93 1.19 1.16 0.06 0.80 0.75 0.20 0.68 0.70 0.69 0.26 0.39 0.87 0.56 100000.00 0.31 0.62 100000.00 100000.00 0.48 100000.00 0.04 100000.00 0.36 100000.00 0.17 0.11 0.60 0.35
3 100000.00 0.38 0.30 0.32 0.47 0.46 0.41 0.44 0.38 0.45 0.06 0.44 0.23 0.33 0.30 0.08 0.25 0.15 0.13 0.31 100000.00 100000.00 0.31 0.14 100000.00 0.04 0.19 100000.00 0.22 0.16 0.04
4 100000.00 0.21 0.06 0.36 0.60 0.62 0.51 0.51 0.18 0.39 0.18 0.75 0.30 0.52 0.37 0.27 0.13 0.04 0.08 0.30 0.27 0.22 0.31 0.09 0.17 0.08 0.38 0.10 0.36 0.10 0.11
5 100000.00 0.50 1.41 0.50 0.27 0.14 1.77 0.43 1.81 0.11 1.06 1.25 1.29 0.46 0.88 0.81 0.11 0.55 0.20 0.08 0.08 0.71 0.25 1.06 0.05 0.41 0.37 0.85 0.29 0.56 0.32
6 100000.00 0.55 0.94 0.60 0.98 0.51 1.17 0.78 0.35 1.81 0.28 0.28 1.71 0.23 0.66 0.69 0.12 0.52 0.17 0.51 0.26 0.34 0.42 0.08 0.86 0.06 0.08 1.18 0.07 0.19 0.44
7 100000.00 0.56 0.40 0.49 1.18 0.08 0.51 0.95 0.72 0.42 0.33 0.65 0.39 0.40 0.12 0.23 0.15 0.10 0.11 0.75 0.03 0.20 0.60 0.34 0.22 100000.00 0.45 0.27 0.28 0.08 0.14
8 100000.00 1.53 1.03 1.66 1.14 0.09 1.75 0.35 0.17 0.39 0.55 1.66 0.75 1.22 0.55 1.23 0.85 0.42 0.99 0.24 0.02 0.89 0.19 0.07 0.19 0.27 0.36 0.20 0.52 0.21 0.55
9 100000.00 0.20 0.24 0.63 0.75 0.52 0.45 0.36 0.63 0.36 0.27 0.81 0.97 0.12 0.37 0.30 0.07 0.05 0.23 0.52 0.24 0.27 0.16 0.32 0.12 0.13 0.17 0.52 0.05 0.24 0.17
10 100000.00 0.20 0.21 0.56 0.41 0.54 0.08 0.08 0.47 0.41 0.67 0.11 0.14 0.24 0.36 0.69 100000.00 0.09 0.17 0.08 0.12 100000.00 0.03 100000.00 0.17 0.22 100000.00 0.04 0.11 0.07 100000.00
11 100000.00 1.97 1.60 2.03 0.31 2.03 0.97 0.58 1.70 2.70 1.02 2.00 2.31 1.09 2.04 1.43 1.02 1.08 0.83 0.19 0.77 0.39 0.38 0.44 0.55 0.66 0.72 1.61 0.28 1.29 0.85
12 100000.00 0.83 0.57 3.15 1.51 2.09 0.50 3.15 3.09 3.66 2.62 2.28 2.56 1.97 2.66 0.56 0.18 0.38 1.96 0.47 1.31 0.27 0.66 2.09 2.12 0.61 1.58 0.99 0.53 1.35 0.30
13 100000.00 1.42 0.41 1.95 1.18 0.30 0.47 0.10 1.40 1.73 0.33 1.40 0.38 1.23 0.42 0.83 0.78 0.23 1.25 0.58 0.17 0.17 0.03 0.76 0.69 0.09 0.40 0.16 0.38 0.22 0.48
14 100000.00 1.29 1.00 2.27 2.21 0.17 1.81 1.20 0.96 2.18 1.09 1.48 0.40 1.47 0.79 1.60 0.55 0.23 100000.00 0.57 100000.00 0.97 0.60 0.41 1.34 0.74 0.84 0.25 0.44 0.28 0.63
15 100000.00 0.46 0.38 0.49 0.34 0.20 0.43 0.13 0.28 0.19 0.25 0.40 0.40 0.23 0.32 0.28 100000.00 100000.00 0.16 0.17 100000.00 0.27 0.05 0.10 100000.00 100000.00 100000.00 100000.00 0.05 0.21 0.13
16 100000.00 0.24 0.16 0.34 0.21 0.13 0.09 0.06 0.24 0.34 0.28 0.34 0.36 0.22 0.04 0.34 0.12 0.08 0.18 0.11 0.09 0.05 0.02 0.05 0.19 0.16 0.18 0.20 0.12 0.01 0.17
17 100000.00 0.13 0.23 0.07 0.10 0.29 0.35 0.19 0.31 0.22 0.26 0.10 0.34 0.14 0.23 0.10 0.08 0.11 0.02 0.04 0.11 0.07 0.11 0.16 0.13 0.15 0.06 0.15 0.06 0.07 0.06
18 100000.00 0.35 0.18 0.63 0.60 0.12 0.54 0.54 0.39 0.17 0.31 0.45 0.26 0.37 0.46 0.66 0.09 0.11 0.34 0.40 0.05 0.26 0.13 0.18 0.09 0.20 0.22 0.06 0.13 0.21 0.35
19 100000.00 0.29 0.09 0.14 0.11 0.06 0.14 0.26 0.11 0.14 0.15 0.20 0.17 0.06 0.24 0.17 0.07 0.02 0.03 0.07 0.02 0.07 0.13 0.04 0.09 0.03 0.04 0.12 0.02 0.16 0.09
20 100000.00 0.32 0.36 0.20 0.29 0.42 0.17 0.41 0.08 0.53 0.24 0.14 0.11 0.34 0.30 0.17 0.08 0.21 0.13 0.19 0.24 0.06 0.14 0.05 0.18 0.12 0.03 0.03 0.20 0.20 0.10
21 100000.00 0.34 1.11 0.25 1.76 1.32 1.94 0.25 0.25 1.34 1.11 1.70 0.58 0.31 0.92 0.88 0.23 100000.00 0.16 0.45 100000.00 100000.00 100000.00 0.14 100000.00 0.66 0.70 100000.00 0.18 100000.00 100000.00
22 100000.00 0.28 0.98 0.56 0.68 0.57 0.53 1.00 0.59 0.35 0.98 0.77 0.65 0.54 0.33 0.23 0.10 0.32 0.39 0.36 0.36 0.31 0.60 0.21 0.23 0.41 0.42 0.35 0.18 0.23 0.08
23 100000.00 0.39 0.14 0.11 0.11 0.07 0.07 0.39 0.39 0.07 0.23 0.21 0.11 0.21 0.25 0.21 0.17 0.04 0.04 0.04 0.04 0.04 0.13 0.15 0.05 0.06 0.07 0.08 0.14 0.17 0.14
24 100000.00 0.28 0.16 0.10 0.25 0.17 0.34 0.10 0.37 0.16 0.04 0.28 0.31 0.07 0.19 0.35 0.19 0.05 0.06 0.09 0.08 0.12 0.06 0.08 0.04 0.02 0.16 0.13 0.04 0.14 0.23
25 100000.00 0.47 0.17 0.35 0.56 0.33 0.10 0.07 0.32 0.32 0.45 0.47 0.19 0.27 0.42 0.43 0.12 100000.00 0.20 0.23 0.15 0.04 0.05 0.08 0.18 0.22 0.19 0.08 0.11 100000.00 0.27
26 100000.00 0.25 0.44 0.19 0.68 0.23 0.10 0.19 0.68 0.22 0.26 0.71 0.68 0.57 0.57 0.59 0.11 0.21 0.07 100000.00 0.08 0.02 0.09 100000.00 0.14 0.08 100000.00 0.34 100000.00 0.33 0.16
27 100000.00 0.22 0.36 0.53 0.35 0.08 0.53 0.13 0.16 0.07 0.17 0.16 0.31 0.08 0.17 0.50 0.10 0.10 0.15 0.24 0.03 0.34 100000.00 0.05 0.03 100000.00 0.08 100000.00 100000.00 0.05 0.34
28 100000.00 0.37 0.45 0.13 0.10 0.17 0.16 0.43 0.37 0.22 0.05 0.31 0.25 0.33 0.11 0.25 0.08 0.18 0.08 0.03 0.06 0.10 0.10 0.18 0.15 0.03 0.16 0.16 0.18 0.06 0.17
29 100000.00 0.44 0.12 0.17 0.23 0.30 0.26 0.39 0.26 0.56 0.21 0.14 0.44 0.09 0.24 0.39 0.16 0.04 0.04 0.13 0.08 0.07 0.09 0.06 0.20 0.13 0.03 0.13 0.02 0.09 0.10
30 100000.00 0.38 0.18 0.34 0.17 0.11 0.29 0.40 0.29 0.22 0.06 0.36 0.38 0.11 0.11 0.18 0.15 0.06 0.13 0.04 0.04 0.16 0.24 0.08 0.13 0.04 0.19 0.25 0.06 0.05 0.10
31 100000.00 0.61 1.01 0.09 0.24 0.47 1.12 0.34 1.51 1.11 1.13 0.55 1.39 0.89 1.17 1.72 0.36 0.70 0.02 0.17 0.30 0.71 0.21 0.78 0.38 0.79 0.27 0.87 0.49 0.37 0.50
32 100000.00 0.19 0.26 0.38 0.34 0.41 0.53 0.34 0.56 0.61 0.29 0.34 0.13 0.07 0.41 0.07 0.11 0.08 0.25 0.13 0.28 0.31 0.17 0.20 0.24 0.11 0.11 0.08 0.02 0.22 0.02
33 100000.00 0.35 0.18 0.29 0.35 0.17 0.08 0.41 0.11 0.26 0.11 0.35 0.38 0.05 0.23 0.44 0.15 0.09 0.16 0.20 0.04 0.04 0.13 0.04 0.14 0.04 0.08 0.11 0.03 0.06 0.14
34 100000.00 0.25 0.16 0.34 0.49 0.44 0.46 0.55 0.22 0.10 0.41 0.43 0.25 0.32 0.50 0.13 0.11 0.04 0.19 0.26 0.16 0.12 0.15 0.13 0.06 0.10 0.15 0.06 0.15 0.27 0.06
35 100000.00 0.67 0.40 2.03 0.15 1.05 0.06 0.21 0.49 1.15 1.38 0.49 0.40 0.47 0.31 2.00 0.32 0.12 1.06 0.08 0.46 0.02 0.14 0.12 0.56 0.38 0.18 0.15 0.14 0.14 0.57
36 100000.00 0.18 0.22 0.09 0.21 0.03 0.15 0.09 0.21 0.21 0.09 0.06 0.09 0.21 0.21 0.27 0.11 0.09 0.03 0.15 0.02 0.09 0.04 0.07 0.05 0.04 0.04 0.04 0.14 0.08 0.08
37 100000.00 1.63 0.16 0.67 1.68 0.09 0.64 0.50 1.32 0.67 0.90 1.14 1.36 0.41 0.51 0.46 0.41 0.04 0.17 0.35 0.05 0.44 0.18 0.91 0.41 0.47 0.61 0.45 0.10 0.29 0.23
38 100000.00 0.25 0.25 0.28 0.07 0.22 0.19 0.22 0.10 0.22 0.04 0.13 0.28 0.04 0.04 0.16 0.14 0.08 0.19 0.02 0.15 0.12 0.09 0.06 0.10 0.02 0.04 0.17 0.02 0.02 0.11
39 100000.00 0.32 0.26 0.48 0.39 0.12 0.07 0.46 0.14 0.16 0.35 0.07 0.46 0.16 0.23 0.16 0.10 0.18 100000.00 0.19 0.08 0.02 100000.00 100000.00 0.10 0.13 0.04 0.26 0.07 0.05 0.07
40 100000.00 1.57 1.83 0.71 0.97 0.52 2.22 0.20 1.09 1.18 0.98 1.64 0.20 1.27 1.33 2.49 0.44 1.28 0.44 0.38 0.27 1.10 0.10 0.38 0.43 0.31 0.75 0.07 0.27 0.39 0.84
41 100000.00 0.52 0.63 0.19 0.86 0.20 0.19 0.43 0.09 0.25 0.20 0.70 0.85 0.66 0.04 0.10 0.26 0.16 0.08 0.41 0.09 0.12 0.22 0.02 0.12 0.08 0.44 0.45 0.20 0.02 0.06
42 100000.00 1.53 0.18 2.08 0.08 0.31 0.30 1.51 1.32 1.87 0.40 0.63 2.05 0.06 0.98 1.60 0.52 0.12 1.21 0.04 0.11 0.12 1.00 0.79 0.97 0.09 0.20 0.66 0.02 0.46 0.80
43 100000.00 0.36 0.15 0.30 0.27 0.21 0.84 0.60 0.76 0.45 0.58 0.05 0.48 0.40 0.40 0.36 0.15 0.05 0.20 0.16 0.07 0.53 0.32 0.35 0.14 0.24 0.04 0.28 0.13 0.27 0.08
44 100000.00 0.15 0.13 0.08 0.06 0.13 0.11 0.08 0.15 0.22 0.09 0.20 0.13 0.18 0.11 0.08 0.06 0.06 0.02 0.02 0.08 0.06 0.04 0.03 0.05 0.02 0.11 0.03 0.08 0.02 0.02
45 100000.00 1.08 1.06 1.29 0.74 0.97 0.25 0.47 0.34 0.22 0.66 0.80 0.43 0.82 0.79 0.62 0.54 100000.00 0.39 0.34 0.52 100000.00 0.30 0.08 0.10 100000.00 0.54 0.17 0.52 0.32 100000.00
46 100000.00 0.79 0.10 0.82 0.98 0.70 0.48 0.35 0.51 0.51 0.51 0.37 0.84 0.70 0.49 0.21 100000.00 0.06 0.20 0.54 0.31 0.27 0.07 0.21 0.27 100000.00 0.21 0.50 0.43 0.12 0.04
47 100000.00 1.32 2.09 0.32 0.68 0.91 0.53 1.20 0.68 2.21 0.42 0.50 1.41 0.51 0.92 0.43 0.86 1.34 0.17 0.34 0.52 0.32 0.66 0.34 0.77 0.11 0.11 0.34 0.31 0.27 0.18
48 100000.00 0.77 0.58 0.11 1.09 0.58 0.44 0.44 0.29 0.74 0.24 0.68 0.50 0.15 0.27 0.56 0.32 0.20 0.06 0.26 0.35 0.19 0.30 0.19 100000.00 0.10 0.47 0.15 100000.00 0.08 0.32
49 100000.00 0.24 0.22 0.06 0.33 0.16 0.12 0.36 0.12 0.12 0.19 0.21 0.27 0.22 0.12 0.30 100000.00 100000.00 0.01 0.16 0.04 0.05 0.20 0.07 0.04 0.12 0.09 0.13 100000.00 100000.00 0.12
50 100000.00 0.68 0.72 0.46 0.50 0.69 0.53 0.44 0.40 0.41 0.41 0.31 0.83 0.48 0.45 0.55 0.21 0.21 0.11 0.32 0.14 0.11 0.23 0.14 0.10 0.13 0.19 0.34 0.31 0.23 0.15
51 100000.00 0.49 1.00 0.35 0.28 0.29 0.77 1.10 1.16 1.25 0.69 0.52 1.34 0.17 0.82 1.31 0.15 0.25 0.23 0.16 0.11 0.35 0.28 0.42 0.52 0.41 0.35 0.77 0.08 0.41 0.74
52 100000.00 0.25 0.14 0.07 0.16 0.11 0.16 0.26 0.16 0.10 0.18 0.29 0.10 0.15 0.05 0.17 0.14 0.06 0.02 0.04 0.07 0.03 0.17 0.08 0.03 0.07 0.07 0.07 0.05 0.01 0.08
53 100000.00 3.48 3.75 2.01 1.98 4.43 3.24 2.71 5.35 5.97 2.47 4.84 2.19 2.10 3.58 3.33 0.79 2.17 1.36 0.80 1.30 1.19 1.19 2.23 1.97 0.53 2.06 0.80 0.43 2.43 2.23
54 100000.00 0.25 1.06 0.07 1.04 1.18 1.11 0.28 1.59 1.22 0.35 0.31 1.35 0.64 0.23 1.47 0.17 100000.00 100000.00 100000.00 0.27 100000.00 100000.00 100000.00 0.82 0.24 0.09 0.39 100000.00 0.13 0.53
55 100000.00 0.37 0.35 0.82 0.64 0.26 0.69 0.77 0.32 0.41 0.35 0.41 0.48 0.12 0.05 0.25 0.20 0.23 0.34 0.15 0.06 0.46 0.27 0.09 0.22 0.08 0.15 0.20 0.08 0.02 0.15
56 100000.00 0.29 0.20 0.29 0.27 0.18 0.29 0.15 0.18 0.08 0.07 0.11 0.22 0.34 0.27 0.08 0.12 0.14 0.19 0.10 0.10 0.18 0.11 0.11 0.04 0.03 0.03 0.08 0.11 0.17 0.05
57 100000.00 0.41 0.63 3.06 2.91 1.19 1.09 0.29 0.47 3.09 2.41 2.97 1.39 0.42 0.51 3.03 0.10 0.42 1.41 0.71 0.48 0.49 0.12 0.19 1.34 0.53 2.06 0.28 0.17 0.34 1.44
58 100000.00 0.22 0.07 0.20 0.11 0.21 0.11 0.11 0.06 0.09 0.14 0.22 0.13 0.18 0.04 0.22 0.15 0.01 0.09 0.05 0.09 0.04 0.07 0.04 0.03 0.08 0.07 0.03 0.08 0.01 0.15
59 100000.00 0.28 0.05 0.53 0.34 0.29 0.50 0.44 0.25 0.35 0.16 0.31 0.25 0.32 0.41 0.53 0.15 0.01 0.35 0.21 0.17 0.26 0.25 0.13 0.21 0.06 0.17 0.07 0.22 0.26 0.16
60 100000.00 0.56 0.58 0.62 0.53 0.58 0.07 0.47 0.10 0.38 0.36 0.71 0.68 0.23 0.45 0.77 0.18 0.22 0.23 0.13 0.20 0.04 0.11 0.06 0.25 0.08 0.38 0.21 0.08 0.26 0.46
61 100000.00 0.05 0.22 0.06 0.15 0.22 0.27 0.12 0.06 0.27 0.16 0.27 0.21 0.09 0.15 0.15 0.03 0.09 0.03 0.08 0.05 0.11 0.04 0.03 0.13 0.08 0.08 0.07 0.05 0.04 0.08
62 100000.00 0.55 0.76 0.15 0.97 0.56 1.08 0.94 0.06 0.58 0.65 0.61 1.08 0.04 0.50 0.91 0.36 0.48 0.06 0.55 0.13 0.67 0.54 0.03 0.38 0.29 0.34 0.53 0.02 0.22 0.59
63 100000.00 0.34 1.23 1.69 1.70 0.77 1.73 0.06 0.52 0.12 0.38 1.88 0.64 0.44 1.44 1.85 0.09 0.62 0.93 0.80 0.33 0.80 0.03 0.23 0.06 0.10 0.72 0.44 100000.00 100000.00 1.01
64 100000.00 0.29 0.11 0.11 0.32 0.17 0.11 0.17 0.29 0.17 0.11 0.41 0.32 0.33 0.14 0.17 0.08 100000.00 100000.00 0.12 0.07 100000.00 0.10 0.07 0.12 0.08 0.13 0.09 0.16 100000.00 100000.00
65 100000.00 0.10 0.20 0.19 0.16 0.13 0.07 0.19 0.28 0.29 0.10 0.19 0.13 0.13 0.17 0.26 0.04 0.12 0.07 0.06 0.07 0.04 0.06 0.07 0.16 0.03 0.04 0.07 0.07 0.05 0.12
66 100000.00 1.30 1.16 0.69 0.08 0.46 0.08 0.30 1.03 0.90 1.16 1.00 0.11 1.07 1.07 1.21 0.69 0.47 0.22 0.02 0.15 0.04 0.19 0.46 0.49 0.66 0.36 0.04 0.60 0.39 0.72
67 100000.00 0.62 0.21 0.77 0.80 0.45 0.59 0.22 0.25 0.59 0.17 0.38 0.50 0.42 0.61 0.68 0.19 0.06 100000.00 0.41 100000.00 0.30 0.13 0.07 0.26 0.08 100000.00 0.20 0.28 0.22 0.30
68 100000.00 0.46 0.14 0.09 0.30 0.05 0.30 0.41 0.30 0.37 0.23 0.16 0.32 0.16 0.07 0.09 0.09 0.04 0.05 0.17 0.02 0.18 0.29 0.14 0.15 0.08 0.04 0.20 0.05 0.05 0.03
69 100000.00 0.31 0.81 1.40 1.44 1.17 0.28 1.19 0.22 0.83 0.53 1.44 1.13 0.90 0.07 1.16 0.17 0.37 0.50 0.75 0.48 100000.00 0.78 0.11 100000.00 100000.00 100000.00 100000.00 0.42 100000.00 0.38
70 100000.00 0.41 0.26 0.17 1.55 0.86 0.41 1.52 1.58 1.58 1.29 0.17 0.74 0.17 0.14 0.56 0.12 0.15 100000.00 100000.00 0.43 0.14 0.35 0.82 100000.00 100000.00 0.07 100000.00 0.08 100000.00 0.26
71 100000.00 2.24 1.40 0.59 1.05 1.62 1.20 1.57 0.22 2.24 1.34 0.99 2.36 1.69 0.17 0.22 0.92 0.88 0.18 0.35 0.38 0.75 0.75 0.06 0.65 0.78 0.22 1.04 0.68 0.08 0.05
72 100000.00 0.29 0.67 0.41 0.85 0.81 0.66 0.11 0.62 0.20 0.09 0.57 0.32 0.69 0.60 0.23 0.08 0.37 0.27 0.25 0.17 0.37 0.07 0.41 0.11 0.04 0.16 0.12 0.34 0.14 0.14
73 100000.00 1.22 0.18 1.50 1.41 1.09 1.20 0.99 0.63 1.35 0.30 1.10 0.65 0.14 1.54 0.20 0.30 0.08 1.03 0.72 0.30 0.40 0.65 0.42 0.29 0.07 0.61 0.24 0.09 0.46 0.08
74 100000.00 1.09 1.35 1.85 0.14 1.35 1.52 1.15 0.53 0.38 1.39 0.50 0.23 0.80 0.33 1.85 0.50 0.36 0.96 0.05 0.40 0.51 0.35 0.22 0.26 0.36 0.13 0.08 0.30 0.07 0.43
75 100000.00 2.42 0.67 2.39 2.33 1.33 1.19 0.98 2.30 1.22 1.63 0.53 2.51 0.39 1.72 0.08 0.89 0.33 1.42 1.41 0.50 0.58 0.59 1.00 0.27 0.72 0.18 1.12 0.10 0.48 0.02
76 100000.00 2.76 1.32 2.91 2.82 1.53 2.36 1.73 2.18 1.27 2.42 2.55 1.09 0.13 1.72 2.00 1.86 0.30 0.67 1.85 0.96 1.33 0.50 1.07 0.80 1.41 1.14 0.46 0.06 0.48 0.83
77 100000.00 2.45 1.83 1.91 0.64 2.04 1.03 0.27 1.64 1.60 0.89 2.18 2.18 0.22 0.19 1.79 1.08 100000.00 1.11 0.35 100000.00 0.36 0.16 100000.00 100000.00 0.42 1.34 0.83 0.07 100000.00 0.58
78 100000.00 0.82 1.45 0.51 0.51 1.03 0.55 0.51 0.93 2.12 0.40 1.66 1.10 1.54 0.40 1.31 0.44 0.49 0.30 0.26 100000.00 0.21 0.36 0.32 1.09 100000.00 0.72 0.71 0.47 0.20 0.43
79 100000.00 0.21 0.22 0.28 0.31 0.16 0.12 0.25 0.25 0.13 0.22 0.06 0.18 0.23 0.10 0.06 100000.00 0.14 0.10 0.19 100000.00 100000.00 100000.00 0.09 0.06 0.12 100000.00 0.06 0.12 0.05 0.03
80 100000.00 0.37 0.13 0.34 0.09 0.10 0.22 0.15 0.25 0.31 0.28 0.09 0.18 0.13 0.19 0.34 0.24 0.06 0.17 0.04 0.04 0.05 0.10 0.06 0.06 0.19 0.03 0.05 0.08 0.09 0.23
81 100000.00 0.30 0.33 0.16 1.30 1.03 0.35 0.98 0.78 0.69 0.84 1.21 1.14 0.79 0.26 0.39 0.17 0.15 0.07 0.66 0.49 0.09 0.54 0.29 0.32 0.49 0.60 0.59 0.33 0.05 0.13
82 100000.00 0.51 0.55 1.05 0.20 0.15 1.11 1.08 0.20 0.30 0.55 0.57 0.20 0.52 0.09 0.54 100000.00 0.26 0.41 0.06 0.04 100000.00 0.72 0.13 0.13 0.18 100000.00 100000.00 0.16 100000.00 0.29
83 100000.00 0.22 0.08 0.53 0.22 0.57 0.16 0.68 0.59 0.41 0.38 0.50 0.53 0.48 0.05 0.50 0.07 100000.00 0.22 0.11 100000.00 0.04 0.38 100000.00 0.14 100000.00 0.15 100000.00 100000.00 0.02 0.31
84 100000.00 1.12 0.68 0.06 0.86 0.83 1.10 1.09 0.22 0.79 0.25 1.10 1.15 0.53 0.28 0.58 0.56 0.16 0.03 100000.00 100000.00 100000.00 0.30 100000.00 0.16 0.13 100000.00 0.56 0.15 0.08 0.40
85 100000.00 1.03 1.21 1.22 1.19 1.11 0.55 1.52 0.61 0.55 1.66 2.03 1.88 1.12 1.51 0.67 0.56 0.47 0.79 0.45 0.61 0.27 0.61 0.35 0.30 0.48 0.60 1.24 0.23 0.97 0.47
86 100000.00 1.58 0.45 1.45 1.39 0.29 1.61 0.41 0.41 1.39 0.48 1.61 1.45 0.89 0.61 1.48 0.54 0.16 0.70 100000.00 100000.00 0.60 0.17 100000.00 0.66 0.28 1.01 100000.00 0.42 0.19 0.60
87 100000.00 4.41 0.49 4.05 4.29 3.54 4.53 1.26 0.60 5.11 2.77 1.63 4.75 3.90 0.06 5.32 1.58 0.31 100000.00 100000.00 100000.00 100000.00 100000.00 0.17 1.61 100000.00 0.95 2.47 100000.00 0.03 2.27
88 100000.00 0.86 0.41 0.88 0.25 1.02 1.23 0.52 1.07 1.07 1.06 0.13 0.55 0.32 0.35 1.31 100000.00 100000.00 0.31 0.06 0.28 100000.00 0.19 100000.00 0.53 100000.00 100000.00 0.13 100000.00 100000.00 0.75
89 100000.00 0.54 0.31 0.33 0.24 0.13 0.26 0.56 0.52 0.49 0.36 0.42 0.40 0.33 0.31 0.40 0.16 0.17 0.11 0.10 0.08 0.16 0.29 0.28 0.26 0.09 0.27 0.08 0.19 0.20 0.12
90 100000.00 3.48 2.18 2.18 3.96 0.42 2.30 1.49 1.40 2.82 1.36 3.27 2.12 1.34 2.26 4.19 1.62 0.49 1.38 1.14 0.10 0.95 0.55 0.72 1.48 0.44 0.87 0.66 0.47 1.50 1.55
91 100000.00 0.18 0.65 0.15 0.33 0.62 0.45 0.64 0.21 0.42 0.52 0.42 0.72 0.52 0.31 0.51 0.09 0.26 0.07 0.22 0.23 0.21 0.30 0.06 0.23 0.17 0.17 0.34 0.18 0.11 0.29
92 100000.00 0.52 0.07 1.79 1.12 0.82 1.93 1.12 1.01 1.24 1.65 2.18 1.12 2.12 1.53 2.76 0.36 0.03 0.62 0.45 0.18 0.75 0.76 0.48 0.71 0.65 1.37 0.32 1.43 0.70 1.51
93 100000.00 2.79 0.05 3.51 0.56 0.92 2.88 2.48 2.54 1.71 0.89 1.75 0.83 0.33 1.48 0.74 1.03 0.02 1.84 0.31 0.28 1.31 100000.00 0.69 0.98 100000.00 100000.00 0.28 100000.00 100000.00 100000.00
94 100000.00 0.96 0.06 0.70 1.12 0.60 0.06 0.58 0.33 0.92 0.80 0.80 0.49 0.62 0.66 1.28 0.48 0.04 0.32 0.38 0.33 0.02 0.14 0.08 0.28 0.27 0.30 0.16 0.37 0.46 0.65
<task rigidity>
1 2
2 1
3 3
4 10
5 4
6 5
7 9
8 9
9 1
10 1
11 7
12 2
13 6
14 4
15 5
16 8
17 1
18 3
19 9
20 6
21 1
22 8
23 6
24 10
25 2
26 5
27 1
28 5
29 7
30 4
31 9
32 3
33 1
34 4
35 4
36 3
37 9
38 5
39 9
40 8
41 5
42 2
43 10
44 9
45 5
46 2
47 10
48 8
49 6
50 6
51 6
52 4
53 8
54 9
55 8
56 8
57 3
58 8
59 1
60 1
61 3
62 5
63 9
64 4
65 1
66 8
67 2
68 6
69 7
70 10
71 4
72 2
73 10
74 9
75 2
76 5
77 5
78 7
79 9
80 2
81 3
82 6
83 7
84 1
85 2
86 2
87 7
88 10
89 8
90 4
91 7
92 10
93 9
94 4
<precedence relations>
1,2
1,3
1,4
1,5
1,6
1,7
1,8
1,9
1,10
2,11
2,17
3,12
4,11
4,16
5,11
5,13
5,16
5,18
6,11
6,13
6,15
6,19
7,42
8,29
9,11
10,19
10,37
10,48
10,50
11,14
12,20
12,52
12,61
13,82
14,21
14,22
14,23
14,24
14,25
14,26
14,27
14,28
14,29
14,30
14,31
14,32
15,81
16,75
17,82
18,75
19,75
20,78
21,39
21,40
21,41
21,53
21,60
21,71
22,38
22,49
22,58
22,72
23,34
23,35
24,37
24,44
25,33
25,56
25,57
25,60
25,63
25,65
25,73
26,41
26,43
27,54
27,55
27,56
27,58
27,62
28,33
28,35
28,40
28,43
28,49
28,51
28,52
28,54
29,75
30,36
30,42
30,59
31,74
32,36
32,44
32,45
32,46
32,47
32,48
32,50
32,60
32,69
33,78
34,78
35,78
36,82
37,61
37,62
37,64
37,66
37,67
37,68
37,69
37,70
37,71
37,72
37,73
38,82
39,82
40,78
41,78
42,74
43,78
44,75
45,75
46,75
46,76
47,75
48,75
49,78
50,75
51,78
52,78
53,76
53,77
54,78
55,77
56,77
57,76
57,77
58,77
59,82
60,77
61,77
62,77
63,77
64,74
65,74
66,75
66,76
67,74
68,82
69,75
69,77
70,76
70,77
71,76
72,76
73,77
74,82
75,82
76,82
77,78
78,79
78,80
79,81
80,81
81,82
82,83
83,84
83,85
84,86
85,86
86,87
87,88
88,89
88,90
89,92
90,91
90,93
92,94
<end>