<number of tasks>
94
<number of stations>
25
<number of workers>
25
<type of the robots>
1
<limit of the robots>
8
<task times>
1 100000 2 155 35 98 102 150 114 24 6 42 126 17 141 18 5 91 32 98 90 33 14 130 75 35 4 2 100000 25 62 65 100000 79 16 5 27 81 12 96 12 4 100000 100000 64 100000 21 100000 100000 51 100000 3
2 100000 9 20 17 29 18 18 14 38 29 24 37 7 19 34 34 24 7 26 6 19 23 16 14 36 4 6 100000 11 100000 12 100000 100000 100000 100000 100000 100000 5 12 21 24 16 5 100000 100000 100000 17 11 10 100000 3
3 22 8 13 2 3 12 9 11 12 7 14 10 13 14 9 1 13 1 4 16 14 12 16 5 9 17 6 9 2 2 8 6 7 9 5 9 7 10 10 6 1 9 1 3 10 10 8 10 4 7 11
4 100000 20 21 21 1 2 1 12 10 16 2 21 15 22 14 19 21 9 22 24 11 12 21 12 1 9 14 14 14 1 2 1 9 7 10 2 13 100000 15 9 13 15 7 16 16 8 9 100000 9 1 100000
5 99 6 18 10 66 26 41 22 39 50 39 45 10 46 40 9 19 56 4 62 8 25 38 38 63 26 4 13 7 42 18 26 15 25 35 24 29 7 32 25 6 13 38 3 39 6 17 25 25 41 18
6 86 31 57 55 28 1 20 40 31 2 49 52 23 39 44 29 51 38 29 54 48 42 21 30 5 42 20 39 36 18 1 14 25 20 2 32 34 16 26 27 19 34 25 21 36 32 26 14 19 4 28
7 100000 16 12 38 11 34 38 28 9 36 23 22 42 32 43 13 9 4 9 48 10 15 30 17 4 19 11 100000 100000 7 22 24 100000 100000 25 17 16 30 100000 30 100000 6 100000 6 100000 7 11 19 11 3 12
8 72 3 52 55 28 55 9 9 41 48 6 31 14 13 45 23 40 36 12 19 12 28 30 29 34 2 2 35 34 19 34 6 6 29 32 4 22 9 8 29 16 25 23 9 13 9 20 19 18 24 2
9 100000 26 18 7 25 19 21 12 5 2 4 10 20 26 25 8 21 25 3 13 29 8 6 2 30 24 100000 12 5 17 13 14 100000 4 2 3 7 100000 100000 17 6 14 17 100000 9 19 6 4 100000 21 17
10 100000 12 5 1 16 16 23 21 4 26 3 5 27 25 20 9 25 9 10 2 20 15 16 12 23 16 100000 4 100000 100000 10 14 100000 100000 17 100000 100000 17 16 14 100000 17 6 100000 100000 14 100000 11 9 16 100000
11 100000 12 4 90 42 27 66 73 18 45 21 89 99 22 35 11 91 78 96 93 66 30 74 83 77 28 100000 3 63 27 17 44 47 100000 100000 14 100000 100000 16 22 100000 59 50 65 63 44 19 48 51 52 100000
12 100000 72 74 3 97 102 45 14 68 23 95 89 54 18 111 108 112 96 31 9 25 42 44 93 45 98 46 100000 2 68 100000 100000 10 100000 100000 67 60 34 13 100000 100000 72 100000 20 6 100000 28 100000 61 29 60
13 78 14 44 14 39 13 18 42 31 35 54 3 8 4 39 7 7 29 36 17 23 55 44 55 41 27 9 31 9 27 9 11 28 19 25 33 2 6 3 24 5 5 19 22 11 16 35 30 37 25 18
14 84 56 8 8 10 16 53 31 63 53 7 8 16 19 20 48 40 31 11 34 39 21 37 14 5 63 39 6 5 7 12 36 21 44 37 5 5 11 14 14 33 25 19 8 21 28 15 24 10 4 44
15 100000 5 8 10 8 9 13 15 14 14 6 6 15 10 4 10 1 5 1 6 6 5 3 14 2 15 4 100000 7 6 6 9 11 100000 10 4 4 10 7 3 100000 1 4 1 4 4 100000 100000 10 2 10
16 100000 5 7 7 10 9 5 6 3 4 11 7 9 3 5 5 10 5 6 4 5 9 4 8 4 6 4 5 5 100000 6 4 5 2 3 8 5 7 2 4 100000 7 4 4 3 4 7 3 6 3 4
17 100000 7 10 2 3 9 9 2 2 4 4 4 5 6 3 9 8 9 1 9 2 1 5 10 1 4 100000 7 2 100000 6 7 100000 100000 3 100000 3 4 4 2 7 100000 100000 100000 7 2 100000 100000 100000 1 3
18 26 5 2 7 12 11 1 1 19 19 6 2 1 19 18 10 5 3 19 14 6 11 17 1 8 7 4 2 5 9 8 1 1 13 13 4 2 1 13 11 7 4 2 13 9 4 7 12 1 5 5
19 100000 4 2 3 3 5 6 1 1 7 8 1 7 6 1 1 8 6 8 5 8 2 2 6 6 1 3 2 3 2 4 4 1 1 100000 6 100000 5 100000 1 1 6 4 6 4 6 2 2 5 100000 100000
20 22 11 6 2 4 16 1 15 6 11 11 2 10 3 5 15 2 1 7 16 16 4 12 14 10 2 8 4 2 3 11 1 11 5 8 7 2 7 2 4 10 2 1 5 11 11 3 9 9 7 2
21 78 47 36 22 34 38 57 22 43 52 45 33 35 44 40 54 57 1 38 22 20 19 55 41 45 9 33 23 15 24 27 39 15 28 36 30 20 25 28 27 37 36 1 23 14 14 13 34 26 28 6
22 100000 26 18 35 33 25 1 11 24 8 23 40 10 7 3 30 36 36 1 29 26 27 12 6 6 40 16 12 25 20 17 1 8 16 5 15 25 7 100000 2 21 100000 22 1 20 17 19 8 5 4 27
23 100000 7 14 14 11 8 2 12 17 5 1 17 14 12 1 10 8 5 2 1 15 17 5 14 10 8 100000 100000 9 8 100000 2 8 12 4 1 100000 10 8 100000 100000 6 100000 100000 1 11 11 100000 10 7 100000
24 100000 6 2 10 6 10 1 6 8 6 7 9 9 4 10 2 3 1 4 4 8 7 2 7 9 11 5 100000 7 4 7 1 4 100000 5 5 7 7 100000 100000 100000 2 1 100000 3 6 5 100000 5 7 8
25 100000 8 1 1 9 3 11 15 16 1 14 6 17 13 2 13 5 4 9 12 16 12 11 4 1 14 5 1 1 100000 2 8 10 12 1 10 4 100000 9 100000 100000 100000 100000 6 8 100000 100000 8 3 1 10
26 35 7 11 13 4 4 18 18 6 7 3 24 2 24 20 5 7 2 15 8 27 19 24 24 17 10 5 8 9 3 3 13 13 4 5 3 16 2 17 13 4 5 2 10 6 19 13 15 17 11 7
27 100000 12 2 14 14 16 12 3 1 2 17 2 3 5 2 2 5 5 13 4 12 16 15 5 3 6 100000 2 9 10 100000 9 2 100000 2 100000 100000 3 100000 100000 2 4 4 9 3 100000 10 100000 100000 100000 4
28 100000 9 11 6 18 12 14 16 9 5 8 15 10 18 18 10 10 5 3 12 18 7 10 7 10 5 7 100000 4 11 8 9 12 7 4 100000 10 100000 11 100000 7 100000 4 100000 8 13 5 100000 5 7 4
29 100000 15 5 13 9 6 14 11 3 8 9 1 13 5 2 11 4 4 14 15 15 15 16 2 11 12 100000 4 100000 100000 100000 100000 100000 2 6 6 1 8 4 100000 7 100000 3 100000 10 11 10 11 100000 100000 8
30 24 16 3 5 11 7 9 5 7 15 12 13 3 14 6 6 8 2 7 16 15 8 6 7 14 18 11 3 4 7 5 7 4 5 10 9 9 3 10 4 4 5 2 5 11 10 6 4 5 10 12
31 100000 35 1 41 26 44 49 6 20 41 33 25 24 3 33 33 50 15 38 21 19 31 26 15 31 25 100000 100000 27 18 28 100000 4 100000 29 21 18 17 2 23 21 100000 11 100000 100000 14 100000 18 11 19 18
32 24 11 10 7 7 4 18 5 16 7 2 16 14 12 12 7 10 13 3 13 11 14 16 5 13 1 7 7 5 5 3 13 4 11 5 2 12 10 9 9 5 7 9 2 8 8 10 11 4 9 1
33 16 11 7 2 11 11 5 10 2 2 2 12 9 7 7 3 6 6 4 9 4 6 8 7 1 1 8 5 2 8 8 4 7 2 2 2 8 7 5 5 2 4 5 3 6 3 5 5 5 1 1
34 27 19 1 7 10 1 18 11 15 3 6 13 4 14 1 16 10 21 2 1 21 12 13 4 9 5 13 1 5 7 1 12 8 10 2 4 9 3 9 1 10 7 14 2 1 15 8 8 3 6 4
35 86 7 62 33 20 2 58 37 2 39 23 45 49 20 47 9 33 57 54 25 3 34 9 32 23 5 5 42 21 14 2 40 26 2 26 15 28 35 14 32 7 23 36 36 16 2 23 7 22 16 4
36 10 2 8 1 1 7 8 3 3 5 4 2 8 4 7 6 6 1 3 7 6 7 3 6 8 1 2 5 1 1 5 6 2 3 4 3 2 5 3 5 5 5 1 2 5 4 5 3 4 6 1
37 85 54 56 13 32 6 33 22 51 53 46 13 46 43 33 15 8 57 37 46 34 54 48 8 31 29 35 37 9 20 4 21 15 36 34 31 9 31 30 21 10 6 37 24 32 22 38 31 6 21 19
38 11 6 7 7 4 5 1 7 5 8 1 5 3 9 5 9 5 2 9 7 7 9 3 6 9 1 5 5 5 3 4 1 5 4 6 1 4 2 7 4 6 4 2 7 5 5 6 2 4 6 1
39 27 18 6 2 11 8 7 13 16 7 4 2 16 8 15 19 1 12 7 8 1 3 12 11 12 12 12 4 2 8 6 5 10 10 5 3 2 11 6 10 13 1 8 5 6 1 2 8 7 9 8
40 93 35 27 27 26 24 42 33 55 14 11 64 70 8 2 70 20 37 47 71 12 70 54 53 54 59 22 17 17 18 17 27 22 38 10 8 42 47 6 2 49 14 26 30 43 8 44 33 34 37 39
41 100000 23 22 23 4 18 12 10 2 6 8 5 24 12 8 22 21 23 4 6 19 27 23 10 4 22 100000 15 100000 3 12 8 7 2 4 6 4 16 8 6 14 100000 15 3 4 100000 100000 100000 7 3 100000
42 96 54 37 41 60 39 5 64 55 21 27 50 25 22 21 18 18 13 29 50 58 63 49 17 25 3 36 24 27 41 25 4 45 39 15 19 32 17 15 14 13 12 9 19 31 40 43 30 12 17 2
43 35 8 9 24 5 23 1 5 3 27 11 16 12 10 17 4 16 16 11 27 20 6 7 9 23 7 5 6 17 4 16 1 4 2 19 8 10 9 7 12 3 11 11 8 19 14 4 5 6 15 5
44 100000 8 7 5 2 2 8 6 5 9 2 2 6 3 9 4 8 8 8 9 7 7 5 7 6 8 100000 100000 4 2 100000 100000 5 100000 100000 2 2 100000 100000 100000 3 100000 100000 100000 7 100000 100000 100000 5 5 100000
45 53 14 11 5 25 32 8 18 6 19 14 33 20 21 35 10 9 3 32 41 32 18 14 2 18 34 10 8 4 18 21 6 13 4 13 9 23 14 13 22 7 7 2 23 25 21 13 10 2 12 24
46 49 36 19 31 29 22 27 17 6 8 14 14 24 17 30 35 20 9 17 6 3 37 2 32 29 4 24 13 20 19 15 19 11 4 5 10 10 17 12 21 24 13 7 12 4 2 23 2 20 20 3
47 100000 67 62 72 6 9 57 44 43 73 23 42 3 55 68 52 57 25 46 9 61 61 24 33 6 59 100000 38 48 4 100000 39 31 100000 100000 100000 26 3 100000 44 35 36 16 30 6 37 39 16 23 100000 100000
48 100000 6 28 9 18 23 14 11 26 10 22 17 15 13 22 11 6 11 11 27 24 28 29 5 29 18 4 19 6 12 14 10 100000 17 7 14 11 100000 100000 16 8 100000 100000 8 19 16 18 19 4 19 12
49 100000 11 3 9 8 8 2 10 1 10 3 4 3 10 1 9 4 7 9 11 7 7 1 2 4 5 8 2 6 6 6 2 100000 1 7 2 100000 3 7 100000 100000 3 5 100000 8 5 5 1 100000 3 100000
50 38 13 1 6 28 28 2 15 13 10 16 21 14 18 8 16 11 16 28 3 14 17 4 6 29 25 9 1 4 18 19 2 11 9 7 11 15 9 12 6 11 8 11 18 3 10 11 3 4 18 16
51 62 47 9 12 41 29 28 13 21 26 21 8 43 3 28 37 21 48 19 9 39 4 16 16 5 22 30 6 8 28 18 20 9 14 18 15 6 28 3 19 23 14 33 12 6 25 3 12 11 4 15
52 100000 1 3 5 2 8 4 2 7 3 6 6 7 5 5 7 7 5 4 6 6 8 8 5 4 1 100000 2 100000 100000 6 3 100000 5 100000 4 4 5 100000 4 100000 5 4 3 100000 5 6 6 4 3 100000
53 100000 123 51 75 61 34 153 161 102 82 120 167 72 168 98 105 156 30 118 157 83 119 88 25 121 152 85 35 50 100000 100000 95 100000 100000 51 81 106 45 108 63 100000 101 20 80 100 100000 76 59 17 81 100
54 66 3 23 43 30 24 17 47 30 30 12 42 30 21 31 30 47 18 2 48 26 24 6 37 22 15 2 15 27 20 17 12 29 21 19 8 26 19 13 22 19 31 12 2 32 17 16 4 26 14 10
55 100000 29 30 31 12 32 16 7 24 3 39 3 30 12 12 12 13 11 10 26 6 35 19 26 16 11 18 19 21 8 22 100000 5 16 2 25 2 100000 9 100000 8 9 100000 100000 100000 4 25 100000 17 11 100000
56 25 16 1 12 6 6 18 14 15 1 15 13 11 11 17 13 2 15 4 18 11 3 18 1 17 5 12 1 8 4 4 11 10 10 1 10 9 7 8 12 9 2 11 3 13 8 3 12 1 12 4
57 129 92 93 11 87 36 16 92 80 29 82 1 8 6 25 91 68 66 12 76 38 20 41 15 16 68 58 64 7 55 23 11 64 50 19 57 1 6 4 17 58 44 43 8 48 26 13 29 11 11 44
58 11 2 6 1 8 5 7 5 8 3 2 4 6 3 7 2 3 9 8 3 8 2 7 1 5 8 2 4 1 6 4 5 4 5 2 2 3 4 2 5 2 3 6 6 3 6 2 5 1 4 6
59 25 11 18 18 1 6 5 14 3 11 3 7 16 4 9 18 3 8 19 15 10 13 19 4 12 17 7 12 12 1 5 4 9 2 8 2 5 12 3 6 12 2 6 13 10 7 9 13 3 8 11
60 33 18 9 5 24 6 17 5 15 13 10 9 18 21 5 18 16 14 17 20 22 9 17 4 21 4 12 6 4 16 4 11 4 10 8 7 6 11 14 4 12 11 10 11 13 14 7 12 3 13 3
61 10 3 5 5 2 4 8 4 4 8 7 4 8 8 7 7 2 1 4 6 4 6 8 5 1 4 3 4 4 2 3 5 3 3 6 5 3 6 6 5 5 2 1 3 5 3 4 6 4 1 3
62 100000 9 27 14 21 4 29 13 25 33 12 32 5 25 10 5 26 13 23 4 4 28 5 13 26 3 6 100000 10 13 3 21 100000 17 22 8 100000 4 100000 7 4 100000 9 100000 100000 100000 100000 4 9 16 2
63 100000 46 10 37 18 50 8 40 4 14 9 6 9 18 3 35 36 11 12 15 33 23 13 24 13 4 100000 7 23 100000 33 6 25 3 10 6 4 6 100000 3 24 24 100000 9 10 100000 15 100000 100000 9 100000
64 16 2 6 1 10 2 1 3 5 7 3 2 6 1 7 5 4 7 7 1 9 1 1 11 4 11 2 4 1 7 2 1 3 4 5 2 2 4 1 5 4 3 5 5 1 7 1 1 7 3 7
65 100000 2 2 3 3 1 7 6 3 4 6 4 3 8 2 2 8 1 4 1 2 3 7 2 1 6 2 100000 3 3 100000 5 4 2 100000 5 3 2 100000 2 2 6 1 100000 1 2 3 100000 2 100000 4
66 61 28 25 20 36 29 15 15 4 9 6 3 42 26 23 15 28 7 17 44 22 37 20 40 6 36 18 18 14 23 19 11 10 3 6 4 2 30 16 15 10 20 5 11 30 15 24 13 27 4 23
67 100000 24 20 14 14 25 11 11 8 8 5 25 27 24 25 4 21 9 3 16 20 9 4 26 25 9 17 13 9 10 100000 100000 8 100000 6 4 16 18 100000 16 100000 100000 100000 2 11 14 6 3 100000 18 100000
68 24 12 8 9 6 11 3 15 4 5 1 2 3 18 10 4 4 17 6 16 10 1 3 1 16 14 9 6 7 4 7 3 10 3 4 1 2 2 13 7 3 3 11 4 11 7 1 3 1 11 10
69 67 32 42 27 6 8 25 1 34 22 4 49 32 28 12 31 5 51 44 12 34 4 7 9 4 11 20 27 18 4 6 17 1 23 14 3 32 20 20 8 20 4 36 30 9 23 3 5 6 3 8
70 100000 50 54 3 42 51 64 65 7 39 16 8 17 12 48 5 53 63 11 59 51 32 54 17 44 53 31 33 100000 28 33 45 100000 100000 100000 11 100000 11 100000 31 4 33 41 8 100000 33 21 100000 12 27 33
71 95 13 56 42 65 66 5 71 41 9 63 26 4 42 49 64 23 57 11 12 41 61 62 24 40 53 9 37 27 46 45 4 46 27 6 42 16 3 28 35 42 16 37 8 9 28 37 41 15 26 36
72 100000 14 10 7 23 22 18 19 20 18 6 25 38 33 31 31 41 42 31 51 5 35 2 33 23 37 9 100000 100000 16 100000 13 100000 14 13 100000 16 25 100000 22 19 27 26 100000 34 4 100000 2 22 16 26
73 100000 4 52 55 45 33 24 30 12 26 3 26 7 27 25 18 53 47 36 3 13 13 42 53 58 38 3 33 35 100000 23 16 20 8 16 100000 17 100000 17 17 13 100000 100000 100000 100000 9 100000 27 34 100000 100000
74 73 31 33 24 48 23 9 36 10 20 28 22 8 23 52 6 6 12 12 37 33 51 28 14 5 51 22 21 17 30 15 6 23 7 14 19 14 5 15 36 5 4 9 8 25 21 33 18 9 4 36
75 100000 47 14 4 27 11 42 13 76 51 36 59 44 32 22 44 27 3 4 66 27 2 75 55 50 31 100000 10 3 100000 8 28 10 54 32 25 37 31 22 100000 30 17 2 3 46 18 2 100000 35 33 19
76 122 41 11 17 92 61 90 81 6 40 43 19 53 26 65 73 79 31 34 30 88 60 51 79 7 73 28 7 11 64 40 61 50 4 28 27 13 35 18 45 49 51 21 21 20 57 37 31 55 5 46
77 119 46 14 55 55 15 61 37 21 52 35 3 22 62 43 29 51 70 53 6 5 19 73 19 67 75 30 9 38 38 10 42 24 15 36 22 2 14 41 27 18 35 49 36 4 4 13 48 13 45 48
78 100000 32 63 24 44 38 8 46 46 3 29 46 9 3 45 24 64 21 62 59 30 54 72 32 13 22 100000 100000 100000 100000 26 6 33 31 2 18 32 6 100000 100000 15 100000 15 100000 40 19 36 100000 20 9 15
79 12 5 9 5 7 6 7 8 6 4 4 3 3 5 8 9 2 8 8 8 9 9 7 6 1 7 4 6 4 5 4 5 6 4 3 3 2 2 4 6 6 2 6 6 5 6 6 5 5 1 5
80 100000 7 1 4 7 6 3 8 6 9 10 11 5 2 2 1 8 9 8 10 7 9 13 11 6 6 5 1 3 5 100000 2 5 4 6 100000 100000 4 2 2 1 5 6 100000 7 5 100000 8 8 4 4
81 71 33 33 5 53 49 37 2 46 28 38 5 16 19 28 24 17 29 40 54 12 24 10 53 31 3 22 23 4 33 30 23 2 32 20 26 4 10 12 19 15 11 21 27 36 8 17 7 35 21 2
82 100000 28 14 4 14 7 3 27 12 21 6 1 13 8 11 22 21 10 11 22 24 20 32 27 5 5 19 100000 100000 100000 5 100000 19 8 14 4 100000 8 5 8 14 15 7 100000 15 16 100000 23 100000 4 100000
83 29 17 6 2 4 18 16 4 21 16 14 9 8 13 21 12 3 22 4 1 14 21 17 15 20 3 12 5 2 3 13 10 3 15 11 9 7 5 9 13 9 2 15 3 1 9 14 12 10 13 2
84 49 19 18 7 28 16 7 10 34 9 17 30 1 12 19 5 11 28 6 19 15 22 5 9 15 31 13 13 5 19 11 5 7 23 6 12 19 1 8 13 4 8 19 5 13 10 14 4 6 11 22
85 88 21 59 1 42 19 2 57 58 24 45 31 38 44 47 51 46 20 34 52 3 51 30 23 27 46 14 38 1 27 14 2 37 37 17 28 21 27 30 32 33 30 14 21 35 3 34 21 16 19 28
86 100000 40 37 55 21 9 39 23 39 57 37 43 35 12 43 21 36 53 26 6 22 28 13 13 15 31 26 24 38 15 6 28 100000 100000 36 25 100000 100000 100000 100000 100000 23 37 18 5 14 19 9 100000 10 21
87 100000 78 114 109 89 111 115 109 103 125 100 81 126 92 14 115 74 98 70 14 149 92 8 113 47 119 100000 78 73 100000 70 74 71 69 85 67 100000 100000 64 10 75 47 100000 100000 100000 100000 100000 100000 100000 100000 100000
88 100000 4 37 25 20 36 11 32 7 20 35 18 38 7 30 27 4 8 18 6 7 28 25 38 16 38 100000 24 17 100000 23 100000 100000 5 14 23 13 24 5 21 19 3 100000 100000 4 100000 18 100000 24 100000 24
89 32 2 13 12 15 15 15 22 24 19 11 17 24 10 7 8 8 3 1 9 6 3 11 12 1 21 2 9 9 11 10 11 15 16 12 8 12 15 7 5 5 6 2 1 7 4 2 8 9 1 14
90 171 4 55 59 22 99 36 26 8 81 89 8 91 108 114 27 75 55 93 17 79 87 18 6 75 57 3 37 38 15 68 24 17 6 50 54 6 56 71 75 18 47 38 63 12 50 54 12 4 50 38
91 34 20 2 12 5 23 16 1 12 6 3 4 1 2 5 8 20 6 15 10 13 8 12 20 1 8 13 2 8 4 14 11 1 9 4 2 3 1 2 4 5 13 4 11 7 9 6 8 14 1 5
92 100000 54 91 10 49 57 71 91 23 57 12 5 36 88 54 71 105 95 30 7 64 5 99 100 73 44 33 55 7 31 36 50 100000 100000 100000 9 4 25 56 100000 49 65 100000 19 5 39 4 68 100000 47 27
93 100000 93 79 96 95 7 87 70 48 40 69 6 29 67 100 55 1 63 48 26 74 99 82 17 49 82 58 48 61 63 5 53 100000 31 28 100000 100000 18 45 69 39 100000 44 100000 18 46 61 53 11 35 52
94 75 8 5 21 6 47 47 19 29 32 28 48 47 39 41 49 7 50 42 46 54 25 24 24 36 34 6 4 14 4 30 33 12 19 22 19 32 31 27 28 31 5 31 28 33 34 17 17 17 24 24
<posture of tasks>
1 0
2 1
3 1
4 1
5 1
6 1
7 0
8 1
9 0
10 1
11 0
12 1
13 0
14 1
15 1
16 0
17 1
18 1
19 1
20 1
21 1
22 0
23 1
24 1
25 0
26 1
27 1
28 1
29 1
30 1
31 0
32 1
33 0
34 1
35 1
36 0
37 0
38 0
39 1
40 1
41 0
42 0
43 0
44 1
45 1
46 1
47 1
48 1
49 1
50 1
51 1
52 1
53 1
54 1
55 1
56 0
57 1
58 1
59 1
60 1
61 1
62 1
63 1
64 1
65 0
66 0
67 0
68 0
69 1
70 0
71 0
72 1
73 1
74 1
75 0
76 1
77 1
78 0
79 0
80 1
81 1
82 1
83 1
84 1
85 0
86 1
87 0
88 0
89 1
90 1
91 1
92 1
93 0
94 1
<max energy cosumption of alternatives>
1 100000.00
2 2.54
3 2.83
4 2.58
5 5.43
6 4.35
7 2.63
8 2.74
9 2.83
10 5.03
11 2.94
12 2.62
13 2.95
14 4.35
15 2.26
16 2.88
17 4.53
18 2.37
19 3.18
20 4.61
21 4.96
22 3.13
23 3.01
24 2.78
25 5.07
26 5.40
<energy cosumption of alternatives>
1 100000.00 0.07 3.10 0.72 2.69 2.64 3.20 2.36 0.46 0.18 0.93 2.71 0.32 3.92 0.35 0.12 2.49 0.70 2.03 2.46 0.89 0.28 2.75 1.63 0.96 0.14 0.02 100000.00 0.42 0.65 0.63 100000.00 0.52 0.10 0.06 0.43 1.40 0.20 1.86 0.08 0.03 100000.00 100000.00 0.93 100000.00 0.21 100000.00 100000.00 0.43 100000.00 0.07
2 100000.00 0.26 0.51 0.45 1.04 0.59 0.48 0.36 1.01 1.01 0.66 1.04 0.20 0.65 0.89 0.89 0.80 0.20 0.66 0.23 0.62 0.60 0.42 0.39 1.25 0.17 0.12 100000.00 0.21 100000.00 0.19 100000.00 100000.00 100000.00 100000.00 100000.00 100000.00 0.06 0.13 0.60 0.21 0.45 0.06 100000.00 100000.00 100000.00 0.24 0.17 0.21 100000.00 0.04
3 100000.00 0.23 0.33 0.08 0.13 0.41 0.26 0.29 0.32 0.26 0.39 0.29 0.33 0.47 0.23 0.05 0.44 0.05 0.14 0.53 0.47 0.32 0.42 0.17 0.32 0.56 0.09 0.23 0.05 0.09 0.11 0.08 0.14 0.08 0.09 0.25 0.17 0.20 0.28 0.11 0.03 0.24 0.03 0.06 0.32 0.31 0.16 0.25 0.11 0.12 0.12
4 100000.00 0.54 0.51 0.54 0.07 0.10 0.05 0.32 0.26 0.53 0.08 0.57 0.39 0.74 0.36 0.48 0.71 0.26 0.57 0.80 0.37 0.32 0.54 0.35 0.07 0.31 0.15 0.19 0.14 0.02 0.05 0.02 0.17 0.18 0.29 0.04 0.35 100000.00 0.35 0.24 0.15 0.49 0.13 0.15 0.43 0.25 0.11 100000.00 0.13 0.02 100000.00
5 100000.00 0.17 0.45 0.27 2.29 0.83 1.10 0.55 1.01 1.66 1.10 1.22 0.26 1.59 1.04 0.24 0.62 1.53 0.14 2.14 0.28 0.63 1.04 1.07 2.17 0.86 0.12 0.25 0.15 0.69 0.37 0.66 0.19 0.57 1.06 0.38 0.41 0.09 1.10 0.40 0.15 0.14 0.45 0.09 1.01 0.17 0.13 0.56 0.67 1.12 0.28
6 100000.00 0.87 1.46 1.41 0.98 0.07 0.53 1.03 0.81 0.10 1.33 1.39 0.57 1.34 1.12 0.75 1.71 1.02 0.78 1.80 1.56 1.09 0.54 0.87 0.19 1.43 0.31 0.46 0.85 0.23 0.03 0.33 0.34 0.47 0.06 0.72 0.29 0.21 0.27 0.25 0.39 0.67 0.48 0.27 1.23 0.75 0.24 0.32 0.43 0.11 0.34
7 100000.00 0.33 0.23 0.73 0.28 0.85 0.76 0.55 0.16 0.92 0.46 0.42 0.78 0.85 0.80 0.23 0.23 0.10 0.19 1.22 0.25 0.28 0.62 0.35 0.12 0.46 0.21 100000.00 100000.00 0.06 0.19 0.34 100000.00 100000.00 0.32 0.24 0.20 0.33 100000.00 0.37 100000.00 0.15 100000.00 0.11 100000.00 0.05 0.14 0.26 0.21 0.08 0.18
8 100000.00 0.12 1.34 1.46 1.03 1.85 0.27 0.25 1.10 1.63 0.21 0.91 0.37 0.45 1.16 0.58 1.41 1.01 0.33 0.63 0.42 0.79 0.88 0.88 1.21 0.11 0.07 0.32 0.43 0.39 0.96 0.15 0.12 0.46 0.78 0.10 0.41 0.15 0.27 0.74 0.20 0.80 0.22 0.08 0.41 0.26 0.16 0.24 0.53 0.70 0.02
9 100000.00 0.52 0.34 0.16 0.64 0.48 0.41 0.25 0.11 0.09 0.11 0.23 0.39 0.66 0.45 0.18 0.55 0.50 0.09 0.34 0.78 0.18 0.13 0.06 0.83 0.61 100000.00 0.14 0.09 0.25 0.26 0.28 100000.00 0.07 0.05 0.04 0.12 100000.00 100000.00 0.10 0.12 0.20 0.31 100000.00 0.17 0.32 0.08 0.08 100000.00 0.33 0.24
10 100000.00 0.33 0.15 0.06 0.56 0.53 0.61 0.55 0.14 0.84 0.12 0.17 0.67 0.84 0.51 0.24 0.84 0.27 0.27 0.11 0.65 0.40 0.43 0.36 0.77 0.54 100000.00 0.04 100000.00 100000.00 0.30 0.27 100000.00 100000.00 0.25 100000.00 100000.00 0.27 0.57 0.13 100000.00 0.50 0.08 100000.00 100000.00 0.33 100000.00 0.23 0.20 0.37 100000.00
11 100000.00 0.24 0.11 1.81 1.12 0.66 1.36 1.42 0.34 1.16 0.43 1.88 1.92 0.57 0.69 0.22 2.43 1.59 1.95 2.48 1.71 0.63 1.52 1.81 2.02 0.77 100000.00 0.05 0.39 0.29 0.19 0.61 0.60 100000.00 100000.00 0.15 100000.00 100000.00 0.12 0.37 100000.00 1.48 0.88 0.76 1.23 0.41 0.42 0.93 0.97 0.84 100000.00
12 100000.00 2.01 1.92 0.12 3.44 3.41 1.24 0.37 1.82 0.75 2.73 2.52 1.37 0.63 2.95 2.80 3.95 2.65 0.88 0.32 0.81 1.13 1.22 2.67 1.56 3.41 0.72 100000.00 0.03 0.81 100000.00 100000.00 0.12 100000.00 100000.00 1.84 1.15 0.79 0.13 100000.00 100000.00 1.51 100000.00 0.51 0.07 100000.00 0.59 100000.00 0.82 0.58 1.25
13 100000.00 0.30 0.87 0.27 1.05 0.34 0.37 0.84 0.64 0.93 1.14 0.09 0.18 0.13 0.77 0.16 0.20 0.64 0.75 0.43 0.57 1.12 0.91 1.16 1.09 0.68 0.17 0.34 0.15 0.50 0.15 0.19 0.42 0.28 0.36 0.67 0.03 0.06 0.09 0.51 0.08 0.12 0.44 0.30 0.10 0.30 0.36 0.54 0.81 0.33 0.38
14 100000.00 1.60 0.24 0.24 0.35 0.53 1.42 0.84 1.69 1.77 0.21 0.24 0.42 0.65 0.51 1.24 1.40 0.87 0.30 1.19 1.31 0.55 1.03 0.39 0.20 2.21 0.95 0.10 0.05 0.16 0.33 0.61 0.41 0.81 1.22 0.06 0.11 0.24 0.26 0.34 0.66 0.47 0.38 0.12 0.51 0.32 0.20 0.52 0.19 0.10 1.47
15 100000.00 0.17 0.23 0.27 0.29 0.32 0.36 0.39 0.36 0.47 0.20 0.18 0.39 0.35 0.14 0.27 0.08 0.17 0.05 0.23 0.23 0.15 0.11 0.39 0.11 0.50 0.09 100000.00 0.10 0.08 0.16 0.24 0.23 100000.00 0.28 0.11 0.11 0.23 0.10 0.06 100000.00 0.04 0.11 0.02 0.07 0.05 100000.00 100000.00 0.10 0.04 0.28
16 100000.00 0.14 0.16 0.16 0.27 0.25 0.14 0.14 0.10 0.14 0.26 0.16 0.19 0.11 0.12 0.12 0.27 0.14 0.14 0.14 0.16 0.21 0.12 0.19 0.14 0.18 0.09 0.09 0.09 100000.00 0.07 0.03 0.09 0.05 0.09 0.16 0.10 0.07 0.06 0.07 100000.00 0.09 0.04 0.06 0.08 0.06 0.12 0.05 0.05 0.05 0.09
17 100000.00 0.20 0.26 0.08 0.13 0.31 0.26 0.08 0.08 0.16 0.14 0.14 0.14 0.23 0.11 0.23 0.29 0.26 0.05 0.32 0.10 0.05 0.17 0.29 0.07 0.16 100000.00 0.16 0.04 100000.00 0.07 0.10 100000.00 100000.00 0.09 100000.00 0.06 0.06 0.14 0.03 0.16 100000.00 100000.00 100000.00 0.08 0.06 100000.00 100000.00 100000.00 0.04 0.07
18 100000.00 0.15 0.06 0.19 0.40 0.36 0.03 0.03 0.47 0.61 0.18 0.06 0.03 0.64 0.43 0.25 0.18 0.09 0.47 0.46 0.21 0.28 0.43 0.04 0.27 0.24 0.10 0.02 0.08 0.10 0.09 0.02 0.01 0.14 0.16 0.05 0.04 0.02 0.37 0.13 0.05 0.11 0.02 0.28 0.22 0.05 0.17 0.18 0.02 0.12 0.13
19 100000.00 0.12 0.06 0.09 0.12 0.18 0.16 0.03 0.03 0.24 0.22 0.03 0.18 0.21 0.03 0.03 0.27 0.16 0.21 0.18 0.27 0.06 0.06 0.18 0.21 0.06 0.03 0.02 0.02 0.06 0.04 0.07 0.02 0.01 100000.00 0.13 100000.00 0.12 100000.00 0.02 0.02 0.10 0.10 0.07 0.11 0.18 0.02 0.02 0.07 100000.00 100000.00
20 100000.00 0.29 0.17 0.07 0.16 0.52 0.05 0.38 0.17 0.37 0.32 0.07 0.26 0.13 0.14 0.38 0.10 0.05 0.20 0.53 0.52 0.13 0.32 0.38 0.34 0.10 0.11 0.07 0.02 0.03 0.15 0.02 0.15 0.09 0.08 0.13 0.02 0.14 0.06 0.08 0.13 0.05 0.03 0.11 0.13 0.17 0.03 0.14 0.10 0.16 0.04
21 100000.00 1.24 0.90 0.53 1.16 1.22 1.50 0.53 1.06 1.68 1.21 0.87 0.87 1.47 0.99 1.31 1.90 0.03 0.97 0.72 0.63 0.46 1.44 1.11 1.49 0.30 0.56 0.51 0.28 0.30 0.70 0.81 0.36 0.52 0.78 0.53 0.22 0.35 0.64 0.69 0.39 0.64 0.02 0.51 0.29 0.14 0.19 0.97 0.23 0.87 0.06
22 100000.00 0.52 0.34 0.70 0.91 0.61 0.04 0.22 0.45 0.22 0.48 0.84 0.20 0.20 0.08 0.60 0.96 0.74 0.04 0.80 0.63 0.52 0.24 0.15 0.17 1.07 0.30 0.15 0.42 0.33 0.19 0.02 0.07 0.09 0.09 0.25 0.35 0.12 100000.00 0.04 0.29 100000.00 0.25 0.01 0.53 0.18 0.18 0.05 0.06 0.09 0.24
23 100000.00 0.20 0.35 0.36 0.38 0.28 0.08 0.32 0.44 0.19 0.05 0.45 0.35 0.41 0.05 0.26 0.29 0.17 0.08 0.07 0.50 0.45 0.17 0.38 0.35 0.29 100000.00 100000.00 0.23 0.24 100000.00 0.03 0.13 0.23 0.13 0.03 100000.00 0.21 0.26 100000.00 100000.00 0.12 100000.00 100000.00 0.03 0.11 0.27 100000.00 0.23 0.16 100000.00
24 100000.00 0.18 0.09 0.27 0.23 0.35 0.06 0.18 0.24 0.23 0.21 0.27 0.24 0.17 0.27 0.09 0.14 0.06 0.15 0.17 0.29 0.21 0.09 0.21 0.32 0.39 0.07 100000.00 0.06 0.13 0.09 0.02 0.07 100000.00 0.06 0.04 0.13 0.15 100000.00 100000.00 100000.00 0.03 0.02 100000.00 0.06 0.20 0.10 100000.00 0.06 0.16 0.12
25 100000.00 0.17 0.03 0.03 0.24 0.10 0.22 0.29 0.31 0.06 0.29 0.13 0.31 0.33 0.06 0.24 0.15 0.10 0.20 0.31 0.40 0.24 0.22 0.10 0.06 0.36 0.07 0.02 0.01 100000.00 0.05 0.04 0.11 0.21 0.01 0.18 0.03 100000.00 0.22 100000.00 100000.00 100000.00 100000.00 0.13 0.06 100000.00 100000.00 0.08 0.04 0.04 0.08
26 100000.00 0.20 0.29 0.32 0.16 0.16 0.47 0.44 0.16 0.25 0.10 0.62 0.07 0.79 0.50 0.13 0.25 0.07 0.38 0.28 0.86 0.47 0.62 0.65 0.55 0.34 0.08 0.08 0.22 0.07 0.05 0.19 0.09 0.08 0.17 0.02 0.19 0.02 0.50 0.31 0.09 0.17 0.03 0.17 0.13 0.60 0.11 0.43 0.41 0.25 0.18
27 100000.00 0.31 0.07 0.35 0.46 0.52 0.31 0.10 0.04 0.09 0.46 0.07 0.10 0.18 0.07 0.07 0.18 0.16 0.34 0.15 0.40 0.41 0.40 0.16 0.12 0.21 100000.00 0.02 0.19 0.27 100000.00 0.10 0.02 100000.00 0.06 100000.00 100000.00 0.03 100000.00 100000.00 0.02 0.12 0.03 0.08 0.09 100000.00 0.11 100000.00 100000.00 100000.00 0.11
28 100000.00 0.27 0.30 0.18 0.63 0.41 0.39 0.43 0.24 0.20 0.24 0.42 0.27 0.63 0.46 0.27 0.36 0.18 0.12 0.42 0.60 0.21 0.30 0.21 0.36 0.20 0.12 100000.00 0.11 0.38 0.09 0.10 0.29 0.09 0.14 100000.00 0.13 100000.00 0.14 100000.00 0.16 100000.00 0.12 100000.00 0.24 0.36 0.10 100000.00 0.06 0.15 0.05
29 100000.00 0.40 0.13 0.32 0.31 0.21 0.37 0.28 0.09 0.27 0.25 0.04 0.31 0.18 0.06 0.28 0.15 0.12 0.35 0.49 0.49 0.37 0.41 0.07 0.37 0.40 100000.00 0.04 100000.00 100000.00 100000.00 100000.00 100000.00 0.05 0.09 0.14 0.02 0.17 0.09 100000.00 0.12 100000.00 0.05 100000.00 0.22 0.34 0.24 0.16 100000.00 100000.00 0.27
30 100000.00 0.45 0.12 0.15 0.39 0.26 0.27 0.15 0.21 0.51 0.36 0.36 0.12 0.48 0.18 0.18 0.29 0.09 0.21 0.54 0.50 0.24 0.18 0.21 0.48 0.60 0.13 0.06 0.07 0.26 0.17 0.13 0.04 0.07 0.31 0.13 0.19 0.06 0.25 0.10 0.05 0.08 0.03 0.13 0.31 0.14 0.10 0.11 0.06 0.22 0.23
31 100000.00 0.71 0.02 0.77 0.64 1.07 0.96 0.12 0.37 1.03 0.68 0.48 0.44 0.09 0.61 0.61 1.26 0.30 0.73 0.53 0.46 0.61 0.48 0.30 0.80 0.62 100000.00 100000.00 0.20 0.33 0.70 100000.00 0.03 100000.00 0.55 0.26 0.15 0.29 0.04 0.32 0.23 100000.00 0.15 100000.00 100000.00 0.22 100000.00 0.25 0.13 0.33 0.21
32 100000.00 0.29 0.26 0.20 0.25 0.16 0.47 0.14 0.41 0.25 0.08 0.44 0.35 0.41 0.32 0.20 0.34 0.35 0.10 0.44 0.37 0.36 0.42 0.16 0.44 0.07 0.12 0.07 0.08 0.13 0.09 0.30 0.06 0.28 0.09 0.04 0.17 0.18 0.10 0.11 0.10 0.21 0.15 0.06 0.19 0.14 0.18 0.10 0.08 0.16 0.05
33 100000.00 0.23 0.16 0.06 0.29 0.29 0.13 0.20 0.06 0.08 0.06 0.25 0.18 0.20 0.16 0.09 0.18 0.13 0.11 0.25 0.13 0.13 0.18 0.16 0.06 0.06 0.05 0.09 0.03 0.12 0.13 0.06 0.13 0.03 0.04 0.04 0.05 0.07 0.09 0.10 0.03 0.08 0.08 0.03 0.14 0.08 0.05 0.09 0.08 0.04 0.02
34 100000.00 0.51 0.05 0.20 0.35 0.07 0.48 0.30 0.39 0.13 0.20 0.36 0.14 0.47 0.05 0.42 0.35 0.54 0.08 0.07 0.68 0.33 0.36 0.14 0.32 0.20 0.35 0.03 0.11 0.18 0.02 0.11 0.13 0.26 0.06 0.08 0.13 0.04 0.31 0.03 0.21 0.21 0.31 0.03 0.04 0.34 0.19 0.18 0.06 0.09 0.07
35 100000.00 0.21 1.63 0.90 0.68 0.11 1.63 0.99 0.08 1.34 0.64 1.24 1.25 0.68 1.21 0.24 1.16 1.60 1.42 0.84 0.14 0.93 0.27 0.93 0.77 0.20 0.06 0.52 0.50 0.43 0.07 0.85 0.38 0.03 0.85 0.17 0.32 0.31 0.45 0.48 0.14 0.62 0.47 0.33 0.19 0.07 0.43 0.17 0.34 0.53 0.11
36 100000.00 0.08 0.19 0.05 0.07 0.21 0.19 0.10 0.10 0.16 0.12 0.08 0.19 0.14 0.17 0.14 0.19 0.05 0.10 0.21 0.19 0.17 0.10 0.17 0.23 0.07 0.04 0.08 0.02 0.03 0.07 0.10 0.06 0.06 0.06 0.08 0.03 0.05 0.03 0.04 0.09 0.06 0.01 0.06 0.13 0.06 0.08 0.03 0.05 0.05 0.03
37 100000.00 1.14 1.16 0.26 0.91 0.18 0.72 0.42 1.02 1.37 1.00 0.28 0.91 1.16 0.68 0.30 0.23 1.24 0.77 1.23 0.91 1.09 1.00 0.19 0.87 0.82 0.62 0.67 0.15 0.36 0.09 0.20 0.13 0.70 0.51 0.24 0.13 0.58 0.70 0.14 0.13 0.07 0.66 0.52 0.72 0.46 0.24 0.23 0.13 0.21 0.19
38 100000.00 0.15 0.17 0.17 0.14 0.16 0.05 0.17 0.12 0.23 0.05 0.15 0.10 0.26 0.12 0.19 0.16 0.08 0.22 0.21 0.21 0.22 0.10 0.17 0.26 0.07 0.08 0.04 0.09 0.09 0.11 0.04 0.08 0.06 0.06 0.02 0.08 0.04 0.08 0.07 0.08 0.09 0.04 0.09 0.10 0.09 0.10 0.06 0.04 0.13 0.02
39 100000.00 0.49 0.18 0.09 0.39 0.29 0.21 0.34 0.43 0.26 0.15 0.09 0.42 0.30 0.40 0.49 0.08 0.34 0.21 0.29 0.08 0.12 0.34 0.33 0.42 0.42 0.12 0.12 0.02 0.10 0.11 0.13 0.23 0.21 0.12 0.07 0.05 0.21 0.07 0.16 0.23 0.05 0.20 0.07 0.19 0.02 0.04 0.15 0.14 0.09 0.28
40 100000.00 0.96 0.66 0.66 0.86 0.76 1.11 0.86 1.41 0.46 0.31 1.75 1.76 0.28 0.07 1.76 0.67 0.99 1.21 2.40 0.40 1.82 1.42 1.44 1.79 2.00 0.55 0.35 0.33 0.29 0.17 0.45 0.37 0.75 0.22 0.10 0.49 1.17 0.15 0.04 1.12 0.42 0.38 0.78 1.06 0.19 1.18 0.30 0.79 0.75 0.92
41 100000.00 0.45 0.41 0.43 0.13 0.45 0.25 0.20 0.06 0.18 0.18 0.13 0.45 0.31 0.18 0.41 0.54 0.45 0.11 0.18 0.47 0.52 0.45 0.22 0.13 0.57 100000.00 0.23 100000.00 0.04 0.21 0.13 0.10 0.02 0.10 0.09 0.07 0.27 0.17 0.11 0.15 100000.00 0.23 0.05 0.12 100000.00 100000.00 100000.00 0.05 0.03 100000.00
42 100000.00 1.14 0.75 0.84 1.67 1.02 0.14 1.33 1.12 0.53 0.56 1.05 0.47 0.58 0.40 0.35 0.46 0.28 0.63 1.32 1.53 1.33 1.03 0.37 0.64 0.12 0.63 0.23 0.47 0.43 0.41 0.04 0.63 0.58 0.28 0.36 0.41 0.23 0.21 0.21 0.14 0.14 0.19 0.35 0.88 1.02 0.69 0.61 0.20 0.22 0.07
43 100000.00 0.17 0.17 0.45 0.15 0.56 0.04 0.10 0.08 0.66 0.24 0.34 0.24 0.27 0.31 0.10 0.40 0.31 0.22 0.68 0.50 0.13 0.15 0.20 0.59 0.20 0.09 0.07 0.20 0.09 0.13 0.02 0.04 0.03 0.38 0.17 0.09 0.12 0.13 0.19 0.06 0.26 0.16 0.07 0.15 0.27 0.04 0.10 0.08 0.24 0.10
44 100000.00 0.23 0.20 0.14 0.10 0.10 0.23 0.17 0.14 0.32 0.08 0.08 0.17 0.13 0.23 0.14 0.29 0.23 0.23 0.32 0.25 0.20 0.17 0.20 0.22 0.29 100000.00 100000.00 0.07 0.07 100000.00 100000.00 0.09 100000.00 100000.00 0.02 0.04 100000.00 100000.00 100000.00 0.04 100000.00 100000.00 100000.00 0.16 100000.00 100000.00 100000.00 0.04 0.13 100000.00
45 100000.00 0.38 0.29 0.14 0.82 1.06 0.23 0.44 0.17 0.61 0.38 0.90 0.50 0.70 0.90 0.26 0.31 0.10 0.86 1.39 1.06 0.47 0.38 0.07 0.58 1.16 0.24 0.11 0.09 0.23 0.53 0.05 0.11 0.09 0.22 0.26 0.57 0.34 0.39 0.19 0.15 0.12 0.05 0.20 0.53 0.53 0.22 0.09 0.04 0.32 0.55
46 100000.00 1.01 0.48 0.83 1.02 0.71 0.70 0.45 0.17 0.28 0.39 0.39 0.60 0.59 0.79 0.92 0.68 0.26 0.45 0.22 0.13 0.98 0.08 0.91 1.02 0.16 0.33 0.19 0.22 0.32 0.23 0.34 0.14 0.09 0.13 0.12 0.10 0.13 0.23 0.38 0.33 0.15 0.16 0.11 0.13 0.07 0.25 0.02 0.39 0.35 0.06
47 100000.00 1.80 1.56 1.83 0.21 0.30 1.52 1.11 1.08 2.41 0.62 1.13 0.10 1.86 1.71 1.29 1.92 0.65 1.19 0.31 2.01 1.59 0.62 0.92 0.21 1.98 100000.00 0.85 0.45 0.09 100000.00 0.48 0.38 100000.00 100000.00 100000.00 0.46 0.03 100000.00 0.48 0.82 1.12 0.38 0.38 0.09 0.55 1.04 0.29 0.23 100000.00 100000.00
48 100000.00 0.18 0.77 0.24 0.62 0.74 0.39 0.30 0.64 0.35 0.60 0.46 0.39 0.44 0.55 0.30 0.23 0.30 0.30 0.89 0.77 0.77 0.83 0.17 1.02 0.59 0.07 0.44 0.07 0.37 0.20 0.21 100000.00 0.43 0.07 0.36 0.29 100000.00 100000.00 0.12 0.15 100000.00 100000.00 0.21 0.57 0.47 0.20 0.29 0.12 0.58 0.29
49 100000.00 0.29 0.10 0.22 0.28 0.28 0.07 0.25 0.04 0.34 0.10 0.13 0.10 0.34 0.04 0.22 0.16 0.19 0.25 0.37 0.25 0.19 0.04 0.07 0.16 0.19 0.18 0.03 0.11 0.18 0.13 0.02 100000.00 0.01 0.07 0.07 100000.00 0.03 0.16 100000.00 100000.00 0.05 0.08 100000.00 0.11 0.09 0.07 0.01 100000.00 0.08 100000.00
50 100000.00 0.35 0.05 0.17 0.99 0.96 0.08 0.38 0.33 0.34 0.44 0.57 0.35 0.62 0.23 0.41 0.38 0.42 0.76 0.13 0.46 0.44 0.14 0.20 1.02 0.83 0.24 0.02 0.12 0.65 0.47 0.05 0.25 0.14 0.22 0.27 0.14 0.14 0.19 0.06 0.16 0.26 0.24 0.16 0.04 0.19 0.23 0.08 0.11 0.70 0.26
51 100000.00 1.30 0.24 0.33 1.43 1.01 0.80 0.33 0.54 0.84 0.57 0.24 1.11 0.14 0.77 0.96 0.71 1.30 0.49 0.32 1.31 0.14 0.42 0.45 0.20 0.74 0.53 0.15 0.08 0.30 0.38 0.46 0.16 0.17 0.41 0.26 0.08 0.46 0.09 0.42 0.36 0.48 0.82 0.20 0.09 0.74 0.04 0.17 0.22 0.05 0.20
52 100000.00 0.05 0.11 0.15 0.10 0.29 0.14 0.08 0.21 0.13 0.20 0.18 0.21 0.20 0.15 0.21 0.26 0.17 0.14 0.23 0.23 0.24 0.24 0.17 0.16 0.07 100000.00 0.07 100000.00 100000.00 0.13 0.07 100000.00 0.09 100000.00 0.11 0.04 0.14 100000.00 0.07 100000.00 0.16 0.05 0.04 100000.00 0.05 0.11 0.11 0.06 0.09 100000.00
53 100000.00 3.30 1.25 1.89 2.10 1.11 4.02 4.06 2.58 2.68 3.29 4.50 1.79 5.75 2.43 2.59 5.22 0.82 3.06 5.25 2.73 3.09 2.33 0.65 4.08 5.10 1.88 0.49 0.59 100000.00 100000.00 1.71 100000.00 100000.00 1.74 1.85 1.40 0.45 3.06 0.53 100000.00 1.75 0.33 1.53 1.19 100000.00 1.12 1.38 0.25 2.53 1.35
54 100000.00 0.10 0.56 1.09 1.07 0.76 0.44 1.21 0.81 1.04 0.35 1.15 0.78 0.70 0.81 0.78 1.59 0.47 0.07 1.62 0.83 0.60 0.17 1.03 0.73 0.49 0.06 0.18 0.28 0.58 0.36 0.24 0.80 0.46 0.58 0.14 0.80 0.32 0.45 0.45 0.49 0.63 0.32 0.04 0.97 0.20 0.18 0.05 0.39 0.39 0.27
55 100000.00 0.82 0.79 0.82 0.41 1.07 0.42 0.20 0.60 0.13 1.09 0.11 0.79 0.41 0.32 0.32 0.44 0.29 0.26 0.86 0.22 0.94 0.51 0.69 0.53 0.37 0.32 0.32 0.49 0.18 0.73 100000.00 0.10 0.33 0.08 0.67 0.05 100000.00 0.18 100000.00 0.18 0.28 100000.00 100000.00 100000.00 0.05 0.63 100000.00 0.37 0.21 100000.00
56 100000.00 0.34 0.04 0.25 0.17 0.17 0.36 0.27 0.29 0.06 0.32 0.27 0.22 0.29 0.32 0.25 0.08 0.32 0.11 0.45 0.29 0.09 0.36 0.04 0.43 0.15 0.17 0.02 0.05 0.05 0.06 0.19 0.12 0.13 0.04 0.11 0.13 0.16 0.15 0.17 0.11 0.04 0.20 0.05 0.14 0.09 0.04 0.19 0.01 0.18 0.06
57 100000.00 2.51 2.34 0.29 2.99 1.18 0.41 2.37 2.03 0.98 2.24 0.04 0.22 0.22 0.60 2.30 2.30 1.75 0.32 2.55 1.25 0.50 1.08 0.41 0.52 2.30 1.71 1.54 0.19 0.88 0.79 0.20 0.90 0.45 0.58 0.81 0.03 0.11 0.08 0.18 1.46 1.32 0.44 0.18 0.86 0.29 0.20 0.37 0.15 0.26 0.55
58 100000.00 0.07 0.16 0.04 0.28 0.18 0.19 0.14 0.22 0.12 0.07 0.13 0.16 0.12 0.19 0.07 0.12 0.25 0.22 0.12 0.28 0.07 0.19 0.04 0.19 0.28 0.03 0.09 0.02 0.14 0.12 0.05 0.06 0.08 0.04 0.03 0.03 0.03 0.06 0.11 0.04 0.03 0.07 0.10 0.05 0.16 0.02 0.07 0.02 0.08 0.09
59 100000.00 0.30 0.45 0.46 0.08 0.23 0.17 0.36 0.11 0.38 0.11 0.21 0.42 0.17 0.24 0.45 0.14 0.24 0.49 0.51 0.35 0.36 0.51 0.14 0.41 0.57 0.20 0.14 0.24 0.04 0.08 0.12 0.20 0.07 0.26 0.06 0.09 0.13 0.05 0.09 0.19 0.10 0.07 0.18 0.26 0.12 0.20 0.18 0.06 0.09 0.37
60 100000.00 0.47 0.22 0.13 0.79 0.21 0.44 0.13 0.38 0.43 0.28 0.25 0.44 0.70 0.13 0.44 0.52 0.37 0.44 0.67 0.70 0.25 0.44 0.13 0.70 0.15 0.14 0.09 0.05 0.21 0.04 0.29 0.03 0.11 0.23 0.06 0.10 0.20 0.28 0.08 0.24 0.29 0.17 0.28 0.15 0.46 0.06 0.10 0.04 0.47 0.03
61 100000.00 0.10 0.14 0.14 0.10 0.16 0.23 0.13 0.13 0.28 0.20 0.13 0.22 0.28 0.19 0.19 0.10 0.04 0.13 0.22 0.16 0.17 0.23 0.16 0.07 0.16 0.05 0.04 0.05 0.04 0.03 0.11 0.03 0.06 0.14 0.05 0.08 0.06 0.19 0.05 0.07 0.06 0.03 0.04 0.10 0.09 0.06 0.12 0.06 0.04 0.10
62 100000.00 0.25 0.65 0.34 0.70 0.15 0.78 0.31 0.62 1.10 0.34 0.88 0.13 0.82 0.25 0.13 0.85 0.34 0.59 0.15 0.15 0.73 0.15 0.34 0.85 0.12 0.09 100000.00 0.10 0.16 0.05 0.26 100000.00 0.25 0.44 0.17 100000.00 0.08 100000.00 0.07 0.08 100000.00 0.21 100000.00 100000.00 100000.00 100000.00 0.06 0.07 0.34 0.07
63 100000.00 1.22 0.25 0.94 0.60 1.60 0.22 1.01 0.12 0.46 0.25 0.16 0.22 0.60 0.09 0.88 1.21 0.28 0.31 0.49 1.08 0.59 0.34 0.64 0.43 0.15 100000.00 0.15 0.35 100000.00 0.75 0.08 0.25 0.07 0.11 0.11 0.04 0.11 100000.00 0.05 0.54 0.70 100000.00 0.12 0.32 100000.00 0.33 100000.00 100000.00 0.19 100000.00
64 100000.00 0.07 0.16 0.04 0.34 0.09 0.04 0.09 0.13 0.24 0.10 0.07 0.16 0.06 0.19 0.13 0.15 0.19 0.19 0.06 0.30 0.04 0.04 0.31 0.15 0.37 0.03 0.06 0.01 0.09 0.05 0.01 0.05 0.04 0.14 0.06 0.03 0.07 0.01 0.10 0.07 0.06 0.13 0.08 0.03 0.12 0.01 0.02 0.20 0.05 0.23
65 100000.00 0.05 0.05 0.07 0.09 0.05 0.14 0.12 0.07 0.12 0.14 0.10 0.07 0.21 0.05 0.05 0.21 0.03 0.10 0.05 0.07 0.07 0.14 0.05 0.05 0.16 0.03 100000.00 0.02 0.05 100000.00 0.08 0.04 0.03 100000.00 0.09 0.02 0.03 100000.00 0.03 0.02 0.14 0.01 100000.00 0.01 0.03 0.02 100000.00 0.03 100000.00 0.05
66 100000.00 0.63 0.46 0.39 1.00 0.79 0.32 0.30 0.11 0.25 0.16 0.09 0.83 0.66 0.44 0.30 0.79 0.16 0.34 1.18 0.55 0.76 0.41 0.88 0.18 0.97 0.36 0.26 0.27 0.33 0.37 0.22 0.13 0.04 0.11 0.09 0.02 0.23 0.33 0.20 0.15 0.47 0.06 0.15 0.58 0.32 0.16 0.22 0.39 0.10 0.31
67 100000.00 0.48 0.38 0.27 0.36 0.61 0.22 0.22 0.18 0.22 0.13 0.50 0.50 0.61 0.45 0.11 0.54 0.20 0.09 0.40 0.50 0.20 0.11 0.52 0.63 0.24 0.23 0.10 0.09 0.08 100000.00 100000.00 0.13 100000.00 0.11 0.08 0.13 0.16 100000.00 0.19 100000.00 100000.00 100000.00 0.05 0.20 0.22 0.13 0.04 100000.00 0.24 100000.00
68 100000.00 0.26 0.19 0.19 0.18 0.30 0.10 0.30 0.12 0.16 0.05 0.07 0.10 0.48 0.21 0.12 0.14 0.35 0.14 0.41 0.28 0.05 0.10 0.05 0.41 0.37 0.12 0.12 0.07 0.12 0.20 0.04 0.19 0.07 0.08 0.02 0.03 0.04 0.11 0.15 0.05 0.04 0.09 0.07 0.18 0.19 0.03 0.02 0.02 0.25 0.22
69 100000.00 0.90 1.06 0.66 0.22 0.28 0.66 0.05 0.90 0.71 0.13 1.33 0.84 0.99 0.32 0.81 0.19 1.34 1.15 0.40 1.14 0.13 0.20 0.26 0.16 0.37 0.60 0.51 0.36 0.10 0.07 0.18 0.02 0.46 0.22 0.09 0.55 0.50 0.26 0.17 0.49 0.07 0.34 0.47 0.26 0.76 0.07 0.10 0.14 0.07 0.20
70 100000.00 1.05 1.04 0.10 1.14 1.30 1.37 1.33 0.17 1.04 0.35 0.19 0.33 0.32 0.95 0.12 1.39 1.35 0.23 1.61 1.30 0.70 1.12 0.37 1.18 1.39 0.54 0.23 100000.00 0.77 0.35 0.58 100000.00 100000.00 100000.00 0.12 100000.00 0.11 100000.00 0.64 0.07 0.90 0.58 0.07 100000.00 0.88 0.47 100000.00 0.08 0.39 0.52
71 100000.00 0.28 1.15 0.85 1.78 1.71 0.14 1.43 0.83 0.25 1.39 0.53 0.12 1.13 0.95 1.29 0.60 1.23 0.23 0.32 1.06 1.27 1.32 0.51 1.09 1.38 0.09 0.74 0.28 0.54 0.91 0.04 0.47 0.42 0.14 0.38 0.36 0.07 0.79 0.38 0.32 0.16 0.50 0.09 0.22 0.30 0.57 0.92 0.29 0.30 0.59
72 100000.00 0.38 0.26 0.20 0.77 0.70 0.47 0.48 0.51 0.59 0.19 0.66 0.97 1.16 0.81 0.81 1.40 1.12 0.84 1.71 0.19 0.94 0.08 0.94 0.77 1.26 0.14 100000.00 100000.00 0.17 100000.00 0.28 100000.00 0.11 0.34 100000.00 0.27 0.34 100000.00 0.49 0.19 0.43 0.57 100000.00 0.68 0.13 100000.00 0.03 0.37 0.42 0.85
73 100000.00 0.14 1.32 1.44 1.58 1.12 0.63 0.83 0.32 0.84 0.11 0.69 0.20 0.90 0.61 0.45 1.79 1.26 0.98 0.14 0.44 0.35 1.14 1.47 2.03 1.31 0.04 0.65 0.67 100000.00 0.23 0.14 0.56 0.08 0.26 100000.00 0.22 100000.00 0.39 0.32 0.18 100000.00 100000.00 100000.00 100000.00 0.19 100000.00 0.37 0.71 100000.00 100000.00
74 100000.00 0.88 0.86 0.60 1.65 0.74 0.26 0.95 0.26 0.65 0.82 0.57 0.23 0.77 1.31 0.17 0.22 0.32 0.32 1.27 1.11 1.32 0.79 0.39 0.19 1.72 0.28 0.17 0.18 0.93 0.28 0.10 0.41 0.16 0.37 0.30 0.27 0.08 0.26 0.70 0.08 0.14 0.13 0.12 0.84 0.29 0.63 0.39 0.25 0.06 0.74
75 100000.00 0.99 0.27 0.11 0.68 0.29 0.87 0.25 1.51 1.31 0.80 1.28 0.87 0.89 0.41 0.87 0.68 0.09 0.11 1.77 0.66 0.07 1.56 1.17 1.31 0.85 100000.00 0.18 0.07 100000.00 0.09 0.19 0.14 0.54 0.34 0.49 0.59 0.43 0.58 100000.00 0.18 0.28 0.06 0.08 0.90 0.15 0.05 100000.00 0.50 0.54 0.45
76 100000.00 1.16 0.30 0.46 3.29 2.08 2.53 2.14 0.18 1.39 1.22 0.52 1.35 0.87 1.71 1.90 2.72 0.89 0.95 1.08 3.02 1.67 1.38 2.23 0.27 2.54 0.73 0.12 0.26 2.16 0.48 0.78 1.24 0.05 0.29 0.25 0.33 0.39 0.52 1.00 0.39 1.90 0.43 0.63 0.31 1.12 0.54 0.90 0.93 0.17 1.22
77 100000.00 1.26 0.36 1.44 1.92 0.50 1.67 0.98 0.54 1.73 1.01 0.11 0.54 2.20 1.11 0.77 1.73 1.91 1.38 0.23 0.19 0.48 1.98 0.51 2.33 2.57 0.32 0.10 0.76 0.56 0.20 0.56 0.39 0.38 1.11 0.68 0.05 0.13 0.84 0.68 0.22 0.80 1.02 0.44 0.15 0.13 0.14 0.83 0.27 1.37 0.68
78 100000.00 0.71 1.25 0.46 1.16 0.98 0.18 0.91 0.91 0.11 0.66 0.96 0.18 0.11 0.87 0.46 1.71 0.41 1.27 1.57 0.79 1.07 1.48 0.71 0.34 0.57 100000.00 100000.00 100000.00 100000.00 0.28 0.07 0.54 0.26 0.03 0.29 0.40 0.11 100000.00 100000.00 0.21 100000.00 0.13 100000.00 0.44 0.19 0.43 100000.00 0.17 0.15 0.32
79 100000.00 0.14 0.19 0.12 0.21 0.18 0.17 0.19 0.14 0.14 0.12 0.10 0.10 0.16 0.19 0.19 0.09 0.19 0.19 0.23 0.25 0.21 0.17 0.17 0.07 0.21 0.09 0.05 0.07 0.04 0.04 0.06 0.06 0.07 0.05 0.07 0.04 0.05 0.09 0.10 0.09 0.03 0.09 0.07 0.09 0.09 0.13 0.05 0.11 0.02 0.07
80 100000.00 0.19 0.04 0.13 0.25 0.21 0.10 0.22 0.16 0.31 0.28 0.29 0.13 0.09 0.07 0.04 0.28 0.25 0.22 0.34 0.24 0.25 0.35 0.31 0.22 0.22 0.08 0.01 0.08 0.05 100000.00 0.07 0.08 0.07 0.12 100000.00 100000.00 0.05 0.03 0.03 0.02 0.09 0.13 100000.00 0.07 0.15 100000.00 0.13 0.13 0.07 0.08
81 100000.00 0.89 0.83 0.13 1.79 1.57 0.98 0.07 1.17 0.94 1.04 0.16 0.40 0.64 0.73 0.59 0.55 0.80 1.04 1.79 0.40 0.59 0.28 1.44 1.06 0.12 0.24 0.29 0.04 0.71 0.81 0.68 0.03 0.57 0.55 0.58 0.05 0.25 0.18 0.22 0.32 0.24 0.19 0.29 1.13 0.17 0.24 0.14 0.43 0.22 0.08
82 100000.00 0.79 0.35 0.13 0.47 0.25 0.11 0.66 0.32 0.68 0.20 0.05 0.32 0.28 0.29 0.54 0.71 0.29 0.29 0.74 0.77 0.51 0.88 0.72 0.19 0.19 0.31 100000.00 100000.00 100000.00 0.09 100000.00 0.20 0.17 0.21 0.12 100000.00 0.13 0.13 0.09 0.34 0.18 0.10 100000.00 0.21 0.49 100000.00 0.54 100000.00 0.05 100000.00
83 100000.00 0.44 0.16 0.07 0.16 0.58 0.41 0.13 0.53 0.52 0.38 0.25 0.22 0.43 0.50 0.31 0.13 0.56 0.13 0.06 0.46 0.53 0.44 0.41 0.67 0.13 0.19 0.06 0.05 0.09 0.21 0.20 0.08 0.34 0.27 0.18 0.06 0.14 0.26 0.15 0.13 0.05 0.17 0.08 0.01 0.17 0.30 0.30 0.19 0.14 0.08
84 100000.00 0.50 0.44 0.19 0.98 0.52 0.19 0.25 0.89 0.31 0.46 0.83 0.04 0.40 0.47 0.13 0.37 0.77 0.16 0.61 0.49 0.56 0.16 0.25 0.49 1.06 0.21 0.23 0.08 0.24 0.20 0.13 0.06 0.45 0.07 0.28 0.51 0.03 0.24 0.31 0.06 0.08 0.37 0.07 0.17 0.19 0.29 0.05 0.15 0.22 0.56
85 100000.00 0.45 1.22 0.05 1.15 0.49 0.08 1.20 1.23 0.60 0.99 0.71 0.78 1.19 0.94 1.01 1.24 0.42 0.73 1.38 0.12 1.03 0.69 0.49 0.69 1.24 0.23 0.77 0.02 0.46 0.16 0.02 0.73 0.77 0.40 0.21 0.40 0.46 0.54 0.51 0.55 0.47 0.29 0.26 0.84 0.04 0.24 0.25 0.13 0.29 0.57
86 100000.00 1.10 0.94 1.43 0.71 0.31 1.06 0.57 1.01 1.94 1.03 1.18 0.91 0.41 1.10 0.51 1.24 1.40 0.66 0.22 0.71 0.76 0.35 0.35 0.50 1.08 0.48 0.61 0.87 0.28 0.08 0.46 100000.00 100000.00 1.25 0.36 100000.00 100000.00 100000.00 100000.00 100000.00 0.32 0.34 0.41 0.06 0.44 0.50 0.23 100000.00 0.17 0.61
87 100000.00 1.67 2.34 2.21 2.49 2.96 2.51 2.21 2.10 3.38 2.22 1.74 2.55 2.58 0.28 2.36 2.00 2.10 1.46 0.37 3.97 1.96 0.19 2.56 1.27 3.26 100000.00 1.42 0.54 100000.00 1.65 1.66 0.70 0.82 1.42 1.07 100000.00 100000.00 1.44 0.10 1.55 1.32 100000.00 100000.00 100000.00 100000.00 100000.00 100000.00 100000.00 100000.00 100000.00
88 100000.00 0.10 0.71 0.47 0.52 0.93 0.22 0.65 0.15 0.49 0.76 0.36 0.74 0.20 0.60 0.49 0.13 0.17 0.36 0.17 0.20 0.58 0.49 0.81 0.40 1.00 100000.00 0.25 0.13 100000.00 0.29 100000.00 100000.00 0.05 0.24 0.29 0.20 0.24 0.13 0.41 0.24 0.08 100000.00 100000.00 0.06 100000.00 0.17 100000.00 0.45 100000.00 0.24
89 100000.00 0.08 0.33 0.32 0.53 0.50 0.42 0.55 0.60 0.62 0.32 0.45 0.60 0.35 0.20 0.23 0.29 0.11 0.05 0.32 0.23 0.11 0.30 0.35 0.07 0.71 0.03 0.07 0.17 0.35 0.21 0.15 0.35 0.15 0.39 0.07 0.27 0.23 0.19 0.11 0.12 0.10 0.02 0.03 0.11 0.05 0.04 0.10 0.17 0.04 0.39
90 100000.00 0.13 1.38 1.53 0.73 3.21 0.96 0.63 0.22 2.67 2.47 0.22 2.30 3.69 2.88 0.65 2.52 1.46 2.42 0.55 2.58 2.29 0.47 0.19 2.52 1.94 0.07 0.84 0.36 0.28 0.91 0.22 0.31 0.07 1.53 1.21 0.13 1.37 2.42 1.35 0.26 1.20 0.71 1.38 0.38 1.40 0.60 0.29 0.05 0.95 1.15
91 100000.00 0.55 0.09 0.33 0.20 0.74 0.43 0.06 0.33 0.23 0.12 0.15 0.06 0.11 0.15 0.24 0.68 0.18 0.40 0.35 0.44 0.24 0.33 0.55 0.08 0.29 0.32 0.02 0.13 0.06 0.25 0.27 0.02 0.15 0.11 0.04 0.06 0.02 0.03 0.06 0.11 0.41 0.09 0.16 0.11 0.13 0.09 0.15 0.26 0.02 0.15
92 100000.00 1.44 2.29 0.25 1.66 1.87 1.87 2.32 0.56 1.91 0.34 0.16 0.92 3.02 1.32 1.78 3.53 2.53 0.80 0.25 2.11 0.13 2.62 2.74 2.45 1.48 0.63 0.76 0.11 0.62 0.82 1.14 100000.00 100000.00 100000.00 0.12 0.05 0.37 1.18 100000.00 0.91 1.13 100000.00 0.34 0.09 0.71 0.06 1.44 100000.00 1.44 0.59
93 100000.00 1.90 1.48 1.85 2.50 0.19 1.76 1.34 0.90 1.02 1.44 0.12 0.56 1.76 1.89 1.03 0.05 1.27 0.93 0.65 1.85 1.94 1.62 0.35 1.25 2.11 0.65 0.56 1.11 1.33 0.06 0.71 100000.00 0.57 0.23 100000.00 100000.00 0.30 0.92 1.01 0.53 100000.00 0.58 100000.00 0.26 1.01 0.97 0.77 0.24 0.35 0.90
94 100000.00 0.22 0.13 0.53 0.21 1.51 1.23 0.47 0.76 1.09 0.79 1.28 1.16 1.33 1.01 1.20 0.24 1.31 1.07 1.54 1.73 0.62 0.62 0.65 1.21 1.15 0.14 0.05 0.17 0.06 0.37 0.79 0.22 0.45 0.40 0.18 0.80 0.62 0.36 0.34 0.53 0.16 0.35 0.23 0.41 0.63 0.14 0.13 0.42 0.64 0.42
<task rigidity>
1 6
2 3
3 9
4 9
5 6
6 9
7 2
8 2
9 10
10 6
11 3
12 4
13 4
14 3
15 3
16 7
17 2
18 3
19 8
20 1
21 10
22 5
23 8
24 1
25 3
26 5
27 8
28 10
29 9
30 1
31 4
32 2
33 1
34 2
35 3
36 5
37 3
38 7
39 2
40 6
41 10
42 5
43 10
44 4
45 6
46 4
47 9
48 9
49 2
50 4
51 6
52 5
53 6
54 8
55 2
56 10
57 4
58 5
59 10
60 9
61 5
62 7
63 2
64 10
65 5
66 8
67 2
68 1
69 10
70 4
71 3
72 2
73 4
74 8
75 4
76 5
77 3
78 8
79 10
80 2
81 3
82 5
83 1
84 7
85 8
86 4
87 1
88 9
89 2
90 7
91 6
92 6
93 8
94 7
<precedence relations>
1,2
1,3
1,4
1,5
1,6
1,7
1,8
1,9
1,10
2,11
2,17
3,12
4,11
4,16
5,11
5,13
5,16
5,18
6,11
6,13
6,15
6,19
7,42
8,29
9,11
10,19
10,37
10,48
10,50
11,14
12,20
12,52
12,61
13,82
14,21
14,22
14,23
14,24
14,25
14,26
14,27
14,28
14,29
14,30
14,31
14,32
15,81
16,75
17,82
18,75
19,75
20,78
21,39
21,40
21,41
21,53
21,60
21,71
22,38
22,49
22,58
22,72
23,34
23,35
24,37
24,44
25,33
25,56
25,57
25,60
25,63
25,65
25,73
26,41
26,43
27,54
27,55
27,56
27,58
27,62
28,33
28,35
28,40
28,43
28,49
28,51
28,52
28,54
29,75
30,36
30,42
30,59
31,74
32,36
32,44
32,45
32,46
32,47
32,48
32,50
32,60
32,69
33,78
34,78
35,78
36,82
37,61
37,62
37,64
37,66
37,67
37,68
37,69
37,70
37,71
37,72
37,73
38,82
39,82
40,78
41,78
42,74
43,78
44,75
45,75
46,75
46,76
47,75
48,75
49,78
50,75
51,78
52,78
53,76
53,77
54,78
55,77
56,77
57,76
57,77
58,77
59,82
60,77
61,77
62,77
63,77
64,74
65,74
66,75
66,76
67,74
68,82
69,75
69,77
70,76
70,77
71,76
72,76
73,77
74,82
75,82
76,82
77,78
78,79
78,80
79,81
80,81
81,82
82,83
83,84
83,85
84,86
85,86
86,87
87,88
88,89
88,90
89,92
90,91
90,93
92,94
<end>