<number of tasks>
94
<number of stations>
10
<number of workers>
10
<type of the robots>
1
<limit of the robots>
4
<task times>
1 215 111 3 62 126 40 51 62 65 58 149 75 2 42 83 26 35 44 45 36 98
2 55 40 29 4 18 24 37 28 5 39 18 28 18 3 12 15 24 18 4 24 13
3 22 8 11 13 15 9 16 16 1 10 7 6 8 8 11 7 11 11 1 7 5
4 100000 8 8 1 15 1 19 16 14 6 19 100000 6 1 100000 1 13 11 10 100000 13
5 100000 40 70 34 21 71 21 6 59 21 34 100000 100000 23 14 44 14 100000 41 14 100000
6 100000 30 13 9 6 47 26 10 20 13 9 100000 10 7 100000 31 18 100000 13 100000 6
7 100000 24 10 45 32 3 6 22 10 24 37 15 7 32 100000 100000 4 100000 100000 16 100000
8 73 55 37 25 33 40 12 21 25 51 25 36 24 17 23 25 8 15 16 33 16
9 39 7 25 16 6 12 4 24 3 25 26 5 16 11 4 9 3 16 3 16 18
10 36 12 3 7 3 24 4 2 3 1 9 9 3 5 3 16 3 2 2 1 6
11 100000 86 102 70 13 46 25 103 51 37 27 52 67 45 9 100000 16 70 34 25 18
12 157 87 77 81 26 24 108 9 49 91 10 55 52 55 17 16 67 7 32 62 7
13 100000 1 9 55 14 51 41 50 48 29 7 1 7 36 100000 32 27 35 32 20 5
14 100000 29 56 52 18 65 43 2 38 42 32 100000 37 100000 13 40 27 2 100000 29 21
15 21 5 3 1 8 10 7 5 9 7 13 4 2 1 5 7 5 4 6 5 9
16 100000 4 11 1 6 11 7 4 1 3 2 100000 7 100000 5 100000 5 3 100000 100000 2
17 13 6 4 8 2 7 2 5 5 9 5 4 3 6 2 5 2 4 4 6 4
18 26 16 3 9 14 16 12 6 11 15 9 11 2 7 9 10 8 5 8 11 7
19 100000 4 7 5 6 7 5 4 3 4 7 100000 100000 4 4 100000 4 3 2 100000 5
20 100000 13 17 8 12 3 3 16 10 8 2 8 100000 6 8 100000 2 11 100000 6 2
21 78 5 5 32 12 14 3 19 55 29 32 4 4 21 9 9 2 13 36 18 22
22 55 27 37 1 12 40 17 5 21 2 8 18 25 1 9 26 11 4 15 2 6
23 23 3 17 13 12 14 14 3 2 3 15 3 11 9 9 10 10 2 2 2 10
24 15 1 10 2 1 9 10 1 11 7 3 1 7 2 1 6 7 1 8 5 2
25 22 14 16 14 3 10 8 16 2 16 5 10 11 9 3 7 6 11 2 11 4
26 100000 22 15 4 20 17 15 20 23 27 6 16 10 3 14 11 10 14 15 100000 4
27 22 3 13 2 11 16 12 13 11 17 8 3 10 2 8 11 9 9 7 11 6
28 100000 4 5 3 4 12 2 17 15 17 11 100000 4 2 100000 8 2 11 100000 12 7
29 22 14 14 10 10 1 2 11 12 13 12 10 10 7 7 1 2 8 9 9 8
30 23 15 5 9 16 11 15 14 1 4 6 11 4 7 11 7 11 10 1 3 4
31 100000 15 5 50 21 30 12 28 16 28 50 10 4 34 15 21 9 19 100000 19 33
32 100000 15 18 16 8 8 2 5 14 6 16 10 12 12 5 100000 2 4 9 4 11
33 100000 9 10 7 1 13 1 12 10 9 3 7 7 5 1 10 100000 8 7 6 2
34 100000 3 4 16 16 12 5 6 8 15 13 100000 3 10 11 8 4 100000 100000 11 9
35 81 14 26 31 41 7 59 25 19 21 13 9 18 21 26 5 38 16 12 15 8
36 11 5 7 5 7 7 1 1 1 1 8 4 5 4 5 5 1 1 1 1 5
37 100000 47 21 15 10 45 60 55 31 27 16 31 100000 10 7 100000 39 37 22 19 11
38 12 8 8 2 3 3 4 9 1 3 2 6 6 2 3 3 3 7 1 3 2
39 28 16 4 13 18 4 1 12 15 10 5 11 3 9 12 3 1 8 10 7 4
40 95 63 68 15 14 60 8 25 15 11 56 39 46 10 10 41 6 16 10 8 36
41 100000 26 9 25 3 28 25 19 13 4 4 100000 6 16 100000 100000 100000 13 9 100000 3
42 93 69 17 25 39 6 50 55 50 36 32 49 11 16 27 4 35 34 34 25 20
43 36 25 7 20 1 27 20 24 22 15 5 18 5 14 1 19 13 15 16 10 4
44 100000 3 1 2 5 7 9 5 5 9 2 3 1 2 4 5 7 4 100000 100000 2
45 55 11 23 17 37 7 5 34 4 33 13 8 15 12 23 5 4 22 3 22 9
46 50 34 9 24 36 32 22 22 19 4 12 23 6 17 25 20 14 14 13 3 9
47 104 4 21 66 59 47 47 72 33 68 58 3 13 45 41 32 29 50 23 47 37
48 40 27 8 10 26 16 19 14 28 30 7 18 5 7 17 12 14 9 18 20 5
49 100000 8 3 5 1 11 1 1 2 1 6 6 2 4 1 7 100000 1 100000 1 4
50 39 13 3 13 4 1 18 8 4 24 21 9 2 9 3 1 13 6 3 16 14
51 67 14 22 44 30 39 23 13 2 16 26 9 15 28 20 26 16 8 2 10 17
52 10 5 5 5 8 2 4 5 6 1 8 4 4 4 6 2 3 4 4 1 5
53 236 19 149 88 63 73 152 18 64 106 57 12 95 56 42 46 105 12 44 73 36
54 100000 2 38 18 11 28 38 2 46 10 9 2 100000 11 8 20 27 2 100000 100000 6
55 100000 36 42 11 34 20 1 43 7 9 26 25 27 100000 22 13 1 29 5 6 100000
56 25 7 16 12 12 3 8 14 8 14 15 5 10 8 8 3 5 10 6 10 10
57 131 32 48 48 54 51 42 87 85 29 11 20 33 32 34 33 27 58 56 20 8
58 100000 8 8 8 2 9 4 2 5 8 1 100000 6 6 2 100000 3 2 100000 100000 1
59 26 12 6 11 13 17 2 7 15 17 18 9 4 8 9 11 2 5 11 11 13
60 100000 20 8 7 3 18 18 22 9 19 11 100000 100000 5 2 100000 12 14 7 13 100000
61 11 5 4 2 4 1 2 8 1 8 7 4 3 2 3 1 2 6 1 6 5
62 100000 24 34 8 22 30 7 13 23 21 6 17 23 6 15 100000 5 9 17 100000 100000
63 100000 49 32 21 62 27 32 5 61 50 4 100000 21 14 40 18 100000 4 100000 31 3
64 16 8 12 11 6 6 12 6 3 2 1 6 8 8 5 5 8 4 3 2 1
65 10 4 5 2 7 6 8 1 6 3 1 3 4 2 5 4 6 1 5 2 1
66 100000 7 29 2 7 40 26 26 31 46 36 5 100000 2 5 27 100000 18 100000 31 23
67 36 23 27 13 20 17 17 27 21 5 20 15 18 9 13 12 12 19 15 4 14
68 24 5 17 2 6 2 9 16 13 5 16 4 12 2 4 2 6 11 9 4 10
69 100000 25 1 17 46 13 28 6 3 7 2 17 1 11 33 8 100000 4 3 5 100000
70 88 45 10 36 1 35 2 24 46 18 40 32 7 25 1 23 2 16 30 12 27
71 100000 70 11 48 49 21 30 29 71 71 29 48 7 34 33 13 100000 19 49 44 18
72 71 22 48 7 37 47 1 39 44 48 37 16 30 5 25 32 1 25 28 33 25
73 100000 2 44 7 19 29 45 3 37 28 58 2 100000 100000 100000 18 30 100000 100000 19 100000
74 70 52 30 18 17 39 7 45 9 36 46 37 20 13 12 25 5 31 7 23 32
75 102 44 30 75 36 45 7 15 70 56 43 28 20 50 25 29 5 11 45 39 27
76 100000 50 74 16 60 36 42 76 84 70 41 34 51 11 41 24 100000 100000 53 45 28
77 115 43 34 13 5 2 49 72 34 16 26 30 23 9 4 2 33 48 22 10 19
78 106 35 52 15 21 49 45 62 35 26 63 22 36 11 14 32 28 39 25 18 41
79 100000 8 1 6 7 7 5 4 3 1 8 6 1 5 5 5 4 3 2 100000 5
80 100000 2 3 11 3 6 2 2 6 1 3 100000 2 100000 2 4 2 2 5 1 3
81 77 29 26 40 6 11 24 10 37 38 19 19 18 26 5 8 16 7 26 26 12
82 42 25 1 7 10 31 15 27 22 18 30 16 1 5 7 20 10 19 14 13 19
83 28 12 12 13 15 6 17 16 20 16 14 8 9 9 10 5 12 11 13 11 10
84 49 10 33 33 34 35 14 4 20 24 32 7 20 21 22 23 10 3 13 16 23
85 81 17 10 27 56 49 50 54 31 5 58 12 7 18 39 30 35 35 20 4 38
86 82 26 30 35 46 59 48 57 35 5 49 17 20 24 31 42 30 36 22 4 34
87 199 98 49 50 11 134 78 30 78 121 126 65 34 33 8 88 51 20 52 74 84
88 56 25 15 12 17 25 32 19 11 31 25 16 10 8 11 16 21 13 7 20 17
89 100000 12 5 24 24 23 21 23 18 13 6 100000 4 100000 100000 17 14 16 13 100000 4
90 166 2 66 89 19 76 62 67 39 83 70 2 42 61 14 53 43 47 28 56 43
91 32 19 3 25 8 5 4 17 17 23 21 13 3 16 5 4 3 11 11 15 15
92 157 55 50 104 84 39 47 60 26 66 96 35 31 67 56 25 32 37 18 42 59
93 100000 22 76 52 64 18 28 30 37 103 29 16 100000 32 100000 12 18 21 24 63 100000
94 70 49 21 53 13 10 9 53 12 16 50 32 14 34 9 7 7 36 8 10 33
<posture of tasks>
1 1
2 0
3 1
4 1
5 1
6 1
7 0
8 1
9 0
10 1
11 1
12 1
13 0
14 1
15 0
16 1
17 0
18 1
19 1
20 1
21 1
22 1
23 1
24 0
25 1
26 1
27 1
28 0
29 0
30 1
31 1
32 1
33 0
34 0
35 1
36 0
37 0
38 0
39 0
40 0
41 1
42 1
43 1
44 1
45 1
46 0
47 0
48 1
49 1
50 0
51 1
52 1
53 1
54 1
55 1
56 1
57 1
58 1
59 1
60 0
61 1
62 0
63 0
64 1
65 1
66 0
67 1
68 0
69 1
70 0
71 1
72 1
73 1
74 1
75 0
76 1
77 0
78 1
79 0
80 1
81 1
82 1
83 1
84 1
85 1
86 1
87 1
88 1
89 1
90 1
91 0
92 1
93 1
94 1
<max energy cosumption of alternatives>
1 100000.00
2 2.22
3 4.62
4 5.23
5 3.09
6 5.05
7 2.52
8 2.70
9 2.75
10 4.88
11 2.82
<energy cosumption of alternatives>
1 100000.00 3.01 0.12 2.02 3.33 1.37 1.27 1.68 1.65 1.87 4.03 1.61 0.03 1.18 1.96 0.82 0.52 0.57 0.78 0.43 1.55
2 100000.00 0.85 0.76 0.13 0.36 0.63 0.74 0.62 0.10 0.99 0.38 0.42 0.36 0.03 0.19 0.31 0.38 0.30 0.07 0.33 0.08
3 100000.00 0.22 0.36 0.42 0.40 0.31 0.41 0.43 0.04 0.33 0.19 0.06 0.20 0.13 0.09 0.07 0.25 0.29 0.02 0.23 0.08
4 100000.00 0.23 0.28 0.07 0.41 0.07 0.48 0.44 0.36 0.22 0.51 100000.00 0.08 0.03 100000.00 0.04 0.18 0.09 0.17 100000.00 0.24
5 100000.00 1.09 2.32 1.12 0.55 2.44 0.53 0.18 1.55 0.67 0.94 100000.00 100000.00 0.71 0.35 1.32 0.31 100000.00 0.43 0.35 100000.00
6 100000.00 0.91 0.45 0.32 0.18 1.65 0.67 0.30 0.52 0.44 0.27 100000.00 0.22 0.09 100000.00 1.14 0.23 100000.00 0.23 100000.00 0.12
7 100000.00 0.51 0.28 1.17 0.73 0.12 0.15 0.47 0.22 0.60 0.83 0.22 0.16 0.40 100000.00 100000.00 0.07 100000.00 100000.00 0.21 100000.00
8 100000.00 1.53 1.27 0.80 0.92 1.42 0.33 0.57 0.64 1.67 0.67 0.76 0.58 0.51 0.53 0.58 0.10 0.37 0.19 0.88 0.40
9 100000.00 0.15 0.61 0.40 0.13 0.33 0.11 0.50 0.08 0.61 0.52 0.10 0.29 0.15 0.04 0.17 0.04 0.14 0.03 0.16 0.30
10 100000.00 0.34 0.12 0.25 0.10 0.82 0.13 0.07 0.10 0.06 0.25 0.17 0.03 0.15 0.03 0.32 0.07 0.03 0.03 0.04 0.17
11 100000.00 2.42 3.43 2.33 0.35 1.59 0.63 2.85 1.32 1.23 0.72 1.62 2.21 0.82 0.18 100000.00 0.35 1.81 0.46 0.35 0.20
12 100000.00 2.42 2.55 2.64 0.68 0.82 2.79 0.25 1.26 2.97 0.28 0.67 1.33 0.74 0.46 0.31 1.40 0.07 0.32 1.29 0.06
13 100000.00 0.03 0.23 1.35 0.28 1.34 0.81 1.01 0.92 0.74 0.14 0.01 0.15 0.73 100000.00 0.57 0.42 0.45 0.41 0.32 0.10
14 100000.00 0.84 1.90 1.68 0.48 2.28 1.13 0.08 1.01 1.38 0.91 100000.00 0.98 100000.00 0.29 1.31 0.75 0.02 100000.00 0.68 0.51
15 100000.00 0.13 0.11 0.06 0.18 0.27 0.15 0.13 0.20 0.20 0.27 0.08 0.04 0.02 0.05 0.06 0.05 0.04 0.12 0.13 0.11
16 100000.00 0.13 0.37 0.06 0.17 0.37 0.19 0.13 0.04 0.12 0.07 100000.00 0.18 100000.00 0.04 100000.00 0.08 0.06 100000.00 100000.00 0.02
17 100000.00 0.15 0.13 0.22 0.06 0.20 0.06 0.13 0.11 0.24 0.13 0.04 0.06 0.10 0.01 0.09 0.02 0.05 0.04 0.05 0.06
18 100000.00 0.45 0.13 0.31 0.39 0.56 0.32 0.20 0.29 0.50 0.26 0.30 0.04 0.07 0.08 0.31 0.12 0.14 0.16 0.16 0.18
19 100000.00 0.14 0.25 0.19 0.17 0.25 0.14 0.14 0.11 0.16 0.20 100000.00 100000.00 0.04 0.08 100000.00 0.05 0.03 0.04 100000.00 0.13
20 100000.00 0.35 0.56 0.28 0.32 0.13 0.11 0.44 0.26 0.28 0.08 0.08 100000.00 0.12 0.10 100000.00 0.03 0.30 100000.00 0.13 0.04
21 100000.00 0.16 0.19 1.07 0.32 0.49 0.10 0.51 1.44 0.98 0.90 0.09 0.11 0.48 0.21 0.21 0.06 0.30 0.79 0.66 0.39
22 100000.00 0.72 1.27 0.07 0.33 1.42 0.45 0.17 0.54 0.10 0.23 0.43 0.61 0.04 0.07 0.84 0.27 0.11 0.28 0.03 0.06
23 100000.00 0.10 0.55 0.43 0.32 0.49 0.35 0.10 0.07 0.12 0.41 0.05 0.26 0.09 0.19 0.16 0.21 0.04 0.05 0.06 0.22
24 100000.00 0.04 0.27 0.09 0.04 0.25 0.20 0.04 0.23 0.20 0.09 0.02 0.19 0.03 0.01 0.05 0.06 0.01 0.13 0.11 0.05
25 100000.00 0.39 0.53 0.47 0.11 0.35 0.23 0.45 0.08 0.53 0.17 0.15 0.30 0.20 0.07 0.20 0.15 0.20 0.05 0.16 0.06
26 100000.00 0.60 0.50 0.16 0.54 0.59 0.39 0.54 0.60 0.86 0.20 0.23 0.35 0.07 0.20 0.39 0.26 0.22 0.27 100000.00 0.13
27 100000.00 0.12 0.44 0.11 0.31 0.56 0.33 0.37 0.30 0.56 0.24 0.08 0.16 0.05 0.20 0.22 0.13 0.14 0.09 0.12 0.13
28 100000.00 0.10 0.14 0.10 0.10 0.33 0.05 0.35 0.28 0.42 0.24 100000.00 0.05 0.03 100000.00 0.15 0.03 0.15 100000.00 0.13 0.15
29 100000.00 0.29 0.35 0.26 0.22 0.05 0.06 0.24 0.24 0.33 0.26 0.17 0.23 0.05 0.11 0.03 0.03 0.11 0.13 0.22 0.06
30 100000.00 0.42 0.20 0.32 0.45 0.38 0.39 0.39 0.05 0.17 0.20 0.20 0.06 0.10 0.18 0.25 0.23 0.10 0.02 0.06 0.12
31 100000.00 0.43 0.20 1.66 0.58 1.11 0.34 0.85 0.43 0.99 1.40 0.25 0.09 0.80 0.26 0.57 0.18 0.56 100000.00 0.58 0.52
32 100000.00 0.41 0.58 0.52 0.22 0.28 0.07 0.16 0.35 0.21 0.44 0.18 0.35 0.34 0.12 100000.00 0.05 0.10 0.12 0.08 0.25
33 100000.00 0.21 0.27 0.20 0.05 0.36 0.05 0.28 0.21 0.25 0.09 0.08 0.16 0.09 0.03 0.20 100000.00 0.13 0.06 0.15 0.05
34 100000.00 0.09 0.14 0.41 0.35 0.34 0.12 0.16 0.19 0.39 0.28 100000.00 0.08 0.20 0.11 0.15 0.03 100000.00 100000.00 0.18 0.16
35 100000.00 0.37 0.82 1.03 1.10 0.25 1.55 0.65 0.47 0.67 0.34 0.08 0.38 0.34 0.27 0.16 0.41 0.37 0.16 0.24 0.17
36 100000.00 0.14 0.20 0.16 0.16 0.20 0.04 0.04 0.04 0.06 0.18 0.06 0.06 0.07 0.07 0.12 0.03 0.02 0.02 0.02 0.09
37 100000.00 0.97 0.51 0.37 0.21 1.18 1.20 1.12 0.62 0.65 0.33 0.46 100000.00 0.17 0.14 100000.00 0.75 0.65 0.28 0.41 0.08
38 100000.00 0.17 0.21 0.08 0.08 0.10 0.10 0.19 0.03 0.10 0.06 0.05 0.05 0.02 0.02 0.04 0.03 0.12 0.01 0.04 0.03
39 100000.00 0.34 0.13 0.34 0.37 0.14 0.05 0.28 0.30 0.27 0.14 0.08 0.05 0.08 0.09 0.06 0.02 0.12 0.09 0.12 0.08
40 100000.00 1.30 1.72 0.37 0.28 1.60 0.17 0.49 0.28 0.28 1.17 0.75 0.63 0.10 0.11 1.12 0.11 0.30 0.19 0.10 0.42
41 100000.00 0.70 0.32 0.80 0.11 1.02 0.64 0.51 0.36 0.16 0.14 100000.00 0.20 0.20 100000.00 100000.00 100000.00 0.25 0.18 100000.00 0.06
42 100000.00 1.90 0.55 0.79 1.05 0.22 1.29 1.50 1.29 1.18 0.89 0.72 0.33 0.55 0.54 0.04 0.34 0.54 0.89 0.65 0.40
43 100000.00 0.67 0.26 0.66 0.06 0.93 0.52 0.67 0.58 0.50 0.18 0.36 0.13 0.26 0.02 0.35 0.27 0.15 0.12 0.25 0.12
44 100000.00 0.10 0.06 0.09 0.16 0.25 0.25 0.16 0.14 0.31 0.07 0.02 0.03 0.03 0.11 0.16 0.14 0.07 100000.00 100000.00 0.05
45 100000.00 0.31 0.73 0.54 1.00 0.24 0.13 0.94 0.12 1.08 0.34 0.11 0.16 0.17 0.44 0.13 0.06 0.33 0.06 0.35 0.22
46 100000.00 0.79 0.26 0.60 0.81 0.93 0.45 0.47 0.38 0.14 0.29 0.24 0.13 0.38 0.53 0.30 0.31 0.30 0.22 0.10 0.13
47 100000.00 0.10 0.51 1.67 1.23 1.23 0.91 1.51 0.65 1.70 1.23 0.03 0.32 1.05 0.68 0.82 0.37 0.56 0.37 0.42 0.32
48 100000.00 0.72 0.28 0.34 0.69 0.56 0.48 0.38 0.76 1.02 0.20 0.38 0.09 0.15 0.37 0.34 0.12 0.08 0.16 0.30 0.13
49 100000.00 0.25 0.14 0.20 0.06 0.39 0.06 0.06 0.09 0.08 0.21 0.11 0.06 0.11 0.04 0.10 100000.00 0.04 100000.00 0.04 0.08
50 100000.00 0.27 0.11 0.34 0.11 0.06 0.37 0.18 0.11 0.59 0.43 0.13 0.03 0.13 0.02 0.02 0.12 0.10 0.08 0.21 0.23
51 100000.00 0.39 0.71 1.45 0.85 1.39 0.60 0.36 0.08 0.53 0.69 0.13 0.23 0.49 0.24 0.32 0.37 0.18 0.04 0.28 0.33
52 100000.00 0.17 0.20 0.20 0.24 0.11 0.14 0.17 0.18 0.08 0.24 0.07 0.08 0.13 0.11 0.03 0.04 0.11 0.04 0.04 0.06
53 100000.00 0.52 5.16 3.03 1.80 2.63 4.16 0.52 1.77 3.54 1.68 0.33 1.48 1.09 0.55 0.98 1.33 0.18 0.50 1.44 0.79
54 100000.00 0.06 1.27 0.58 0.28 0.99 0.98 0.06 1.19 0.33 0.25 0.04 100000.00 0.22 0.07 0.48 0.57 0.02 100000.00 100000.00 0.15
55 100000.00 1.04 1.42 0.38 0.95 0.68 0.05 1.19 0.20 0.31 0.69 0.57 0.64 100000.00 0.25 0.44 0.03 0.29 0.10 0.14 100000.00
56 100000.00 0.19 0.52 0.40 0.32 0.13 0.22 0.38 0.22 0.46 0.41 0.09 0.35 0.20 0.19 0.04 0.06 0.13 0.08 0.10 0.18
57 100000.00 0.90 1.58 1.55 1.45 1.76 1.08 2.42 2.24 0.97 0.31 0.35 0.78 1.07 0.36 1.02 0.29 0.51 0.88 0.40 0.10
58 100000.00 0.22 0.28 0.28 0.07 0.31 0.13 0.07 0.13 0.28 0.04 100000.00 0.14 0.10 0.03 100000.00 0.04 0.04 100000.00 100000.00 0.02
59 100000.00 0.35 0.22 0.37 0.35 0.58 0.08 0.20 0.39 0.55 0.50 0.12 0.06 0.12 0.13 0.30 0.05 0.13 0.18 0.15 0.29
60 100000.00 0.41 0.22 0.20 0.09 0.48 0.37 0.46 0.21 0.48 0.25 100000.00 100000.00 0.07 0.04 100000.00 0.10 0.23 0.09 0.23 100000.00
61 100000.00 0.17 0.17 0.10 0.14 0.07 0.08 0.24 0.05 0.29 0.21 0.09 0.10 0.05 0.09 0.02 0.03 0.12 0.02 0.20 0.12
62 100000.00 0.50 0.91 0.22 0.44 0.84 0.16 0.27 0.46 0.52 0.16 0.26 0.36 0.06 0.22 100000.00 0.08 0.13 0.22 100000.00 100000.00
63 100000.00 1.02 0.85 0.52 1.31 0.70 0.67 0.13 1.24 1.25 0.11 100000.00 0.48 0.12 0.75 0.44 100000.00 0.05 100000.00 0.77 0.03
64 100000.00 0.23 0.41 0.37 0.17 0.22 0.32 0.20 0.11 0.10 0.05 0.14 0.14 0.15 0.07 0.12 0.13 0.05 0.04 0.02 0.02
65 100000.00 0.12 0.18 0.09 0.19 0.21 0.22 0.04 0.16 0.12 0.04 0.07 0.07 0.02 0.04 0.05 0.08 0.01 0.07 0.06 0.01
66 100000.00 0.15 0.76 0.08 0.15 1.08 0.50 0.52 0.64 1.15 0.78 0.06 100000.00 0.04 0.09 0.75 100000.00 0.22 100000.00 0.47 0.18
67 100000.00 0.62 0.86 0.43 0.53 0.58 0.44 0.72 0.53 0.18 0.53 0.23 0.24 0.21 0.28 0.15 0.27 0.36 0.17 0.08 0.24
68 100000.00 0.13 0.43 0.08 0.13 0.08 0.20 0.34 0.27 0.15 0.34 0.04 0.21 0.02 0.05 0.03 0.13 0.13 0.18 0.09 0.19
69 100000.00 0.66 0.06 0.55 1.23 0.46 0.74 0.19 0.10 0.24 0.07 0.22 0.01 0.17 0.72 0.11 100000.00 0.09 0.04 0.05 100000.00
70 100000.00 0.93 0.26 0.91 0.03 0.93 0.05 0.49 0.90 0.44 0.84 0.51 0.08 0.61 0.02 0.38 0.01 0.12 0.58 0.12 0.47
71 100000.00 1.95 0.37 1.56 1.33 0.71 0.81 0.84 1.86 2.32 0.84 1.26 0.14 0.82 0.60 0.38 100000.00 0.30 1.09 1.00 0.53
72 100000.00 0.59 1.57 0.24 1.00 1.59 0.04 1.06 1.13 1.53 1.01 0.14 0.59 0.14 0.53 0.64 0.03 0.57 0.29 0.50 0.21
73 100000.00 0.09 1.50 0.26 0.52 1.07 1.21 0.12 1.00 0.98 1.69 0.06 100000.00 100000.00 100000.00 0.56 0.71 100000.00 100000.00 0.60 100000.00
74 100000.00 1.41 1.03 0.58 0.44 1.36 0.19 1.22 0.25 1.18 1.25 0.83 0.69 0.29 0.27 0.79 0.08 0.35 0.14 0.63 0.44
75 100000.00 0.92 0.81 1.90 0.76 1.20 0.15 0.31 1.39 1.44 0.90 0.45 0.53 1.18 0.32 0.50 0.10 0.16 0.65 0.46 0.54
76 100000.00 1.38 2.49 0.53 1.69 1.30 1.11 2.12 2.26 2.31 1.16 0.49 0.89 0.20 0.98 0.50 100000.00 100000.00 1.09 0.85 0.32
77 100000.00 0.92 0.92 0.34 0.13 0.09 0.98 1.56 0.71 0.41 0.53 0.30 0.36 0.08 0.09 0.04 0.54 0.61 0.49 0.24 0.14
78 100000.00 1.01 1.73 0.50 0.57 1.72 1.19 1.76 0.95 0.83 1.79 0.62 0.52 0.32 0.33 0.65 0.51 0.83 0.63 0.38 1.25
79 100000.00 0.18 0.06 0.18 0.16 0.20 0.11 0.11 0.09 0.06 0.18 0.07 0.03 0.11 0.07 0.05 0.03 0.04 0.05 100000.00 0.12
80 100000.00 0.09 0.14 0.38 0.12 0.23 0.09 0.09 0.18 0.08 0.12 100000.00 0.09 100000.00 0.08 0.11 0.04 0.06 0.12 0.04 0.07
81 100000.00 0.84 0.83 1.32 0.17 0.38 0.60 0.29 0.97 1.25 0.51 0.36 0.21 0.64 0.08 0.18 0.41 0.17 0.58 0.58 0.12
82 100000.00 0.65 0.06 0.24 0.28 1.08 0.38 0.71 0.56 0.58 0.85 0.35 0.01 0.05 0.15 0.43 0.15 0.47 0.13 0.23 0.22
83 100000.00 0.35 0.40 0.43 0.41 0.22 0.44 0.44 0.50 0.52 0.38 0.21 0.10 0.28 0.21 0.10 0.18 0.25 0.31 0.32 0.23
84 100000.00 0.29 1.13 1.10 0.93 1.22 0.36 0.13 0.51 0.76 0.90 0.18 0.56 0.22 0.61 0.36 0.16 0.06 0.16 0.50 0.20
85 100000.00 0.47 0.34 0.86 1.55 1.71 1.30 1.48 0.84 0.19 1.63 0.20 0.08 0.27 0.52 0.76 0.52 0.70 0.21 0.11 1.02
86 100000.00 0.68 1.03 1.15 1.23 2.05 1.23 1.59 0.92 0.18 1.32 0.43 0.44 0.69 0.71 0.79 0.75 0.36 0.62 0.06 0.64
87 100000.00 2.65 1.59 1.60 0.28 4.60 2.00 0.84 2.00 3.89 3.43 1.77 0.55 0.35 0.09 1.38 0.78 0.52 0.96 1.32 1.17
88 100000.00 0.66 0.49 0.40 0.44 0.85 0.86 0.50 0.29 1.03 0.66 0.45 0.19 0.11 0.28 0.33 0.49 0.18 0.15 0.63 0.37
89 100000.00 0.36 0.20 0.78 0.64 0.78 0.55 0.64 0.49 0.45 0.21 100000.00 0.13 100000.00 100000.00 0.37 0.14 0.33 0.21 100000.00 0.13
90 100000.00 0.09 2.27 3.02 0.52 2.69 1.69 1.90 1.05 2.80 1.99 0.04 0.62 1.33 0.15 0.92 1.15 0.62 0.49 1.89 1.06
91 100000.00 0.39 0.11 0.62 0.19 0.16 0.12 0.37 0.35 0.57 0.44 0.22 0.08 0.28 0.10 0.06 0.03 0.13 0.19 0.12 0.26
92 100000.00 1.49 1.64 3.39 2.29 1.36 1.20 1.68 0.65 2.15 2.65 0.61 0.49 1.38 0.60 0.58 0.30 0.91 0.28 1.18 1.39
93 100000.00 0.60 2.57 1.71 1.80 0.62 0.77 0.89 0.99 3.41 0.86 0.31 100000.00 0.84 100000.00 0.32 0.18 0.37 0.46 1.16 100000.00
94 100000.00 1.30 0.66 1.67 0.34 0.33 0.24 1.41 0.30 0.51 1.33 0.39 0.17 0.70 0.22 0.23 0.15 0.31 0.11 0.16 0.63
<task rigidity>
1 2
2 4
3 2
4 6
5 7
6 2
7 7
8 9
9 10
10 3
11 2
12 2
13 3
14 3
15 4
16 2
17 3
18 4
19 6
20 6
21 8
22 1
23 3
24 4
25 6
26 5
27 6
28 4
29 5
30 6
31 5
32 5
33 5
34 9
35 2
36 6
37 1
38 2
39 5
40 8
41 5
42 10
43 4
44 4
45 8
46 8
47 5
48 8
49 5
50 6
51 8
52 6
53 2
54 3
55 7
56 5
57 1
58 6
59 6
60 5
61 4
62 6
63 2
64 3
65 7
66 6
67 1
68 5
69 10
70 3
71 4
72 6
73 2
74 2
75 6
76 3
77 6
78 6
79 7
80 6
81 6
82 6
83 1
84 10
85 4
86 3
87 2
88 8
89 4
90 6
91 6
92 3
93 10
94 6
<precedence relations>
1,2
1,3
1,4
1,5
1,6
1,7
1,8
1,9
1,10
2,11
2,17
3,12
4,11
4,16
5,11
5,13
5,16
5,18
6,11
6,13
6,15
6,19
7,42
8,29
9,11
10,19
10,37
10,48
10,50
11,14
12,20
12,52
12,61
13,82
14,21
14,22
14,23
14,24
14,25
14,26
14,27
14,28
14,29
14,30
14,31
14,32
15,81
16,75
17,82
18,75
19,75
20,78
21,39
21,40
21,41
21,53
21,60
21,71
22,38
22,49
22,58
22,72
23,34
23,35
24,37
24,44
25,33
25,56
25,57
25,60
25,63
25,65
25,73
26,41
26,43
27,54
27,55
27,56
27,58
27,62
28,33
28,35
28,40
28,43
28,49
28,51
28,52
28,54
29,75
30,36
30,42
30,59
31,74
32,36
32,44
32,45
32,46
32,47
32,48
32,50
32,60
32,69
33,78
34,78
35,78
36,82
37,61
37,62
37,64
37,66
37,67
37,68
37,69
37,70
37,71
37,72
37,73
38,82
39,82
40,78
41,78
42,74
43,78
44,75
45,75
46,75
46,76
47,75
48,75
49,78
50,75
51,78
52,78
53,76
53,77
54,78
55,77
56,77
57,76
57,77
58,77
59,82
60,77
61,77
62,77
63,77
64,74
65,74
66,75
66,76
67,74
68,82
69,75
69,77
70,76
70,77
71,76
72,76
73,77
74,82
75,82
76,82
77,78
78,79
78,80
79,81
80,81
81,82
82,83
83,84
83,85
84,86
85,86
86,87
87,88
88,89
88,90
89,92
90,91
90,93
92,94
<end>