<number of tasks>
9
<number of stations>
3
<number of workers>
3
<type of the robots>
1
<limit of the robots>
1
<task times>
1 100000 3 5 1 100000 4 1
2 5 1 1 2 1 1 2
3 1 1 1 1 1 1 1
4 7 2 4 1 2 3 1
5 5 2 1 3 2 1 3
6 100000 4 2 3 3 2 2
7 5 3 4 3 3 3 2
8 4 2 1 3 2 1 2
9 7 4 2 3 3 2 3
<posture of tasks>
1 1
2 0
3 1
4 1
5 1
6 1
7 1
8 1
9 1
<max energy cosumption of alternatives>
1 100000.00
2 2.82
3 4.75
4 2.92
<energy cosumption of alternatives>
1 100000.00 0.10 0.19 0.04 100000.00 0.11 0.03
2 100000.00 0.03 0.05 0.05 0.02 0.04 0.02
3 100000.00 0.03 0.05 0.03 0.01 0.02 0.01
4 100000.00 0.06 0.15 0.03 0.04 0.07 0.02
5 100000.00 0.08 0.07 0.11 0.03 0.04 0.06
6 100000.00 0.14 0.10 0.11 0.07 0.05 0.07
7 100000.00 0.11 0.17 0.11 0.04 0.06 0.05
8 100000.00 0.06 0.06 0.09 0.03 0.01 0.06
9 100000.00 0.14 0.11 0.11 0.07 0.03 0.04
<task rigidity>
1 3
2 4
3 5
4 5
5 3
6 7
7 3
8 4
9 6
<precedence relations>
1,2
1,3
1,4
2,5
3,6
4,6
5,6
6,7
6,8
7,9
8,9
<end>