<number of tasks>
9
<number of stations>
4
<number of workers>
4
<type of the robots>
1
<limit of the robots>
1
<task times>
1 7 1 5 3 2 1 4 3 2
2 100000 1 1 3 2 1 1 2 2
3 1 1 1 1 1 1 1 1 1
4 100000 4 4 4 5 3 3 3 100000
5 5 1 4 2 3 1 3 2 2
6 100000 2 3 1 1 2 2 1 100000
7 5 3 3 4 3 2 2 3 2
8 3 2 3 2 3 2 3 2 2
9 100000 3 4 4 4 2 100000 3 100000
<posture of tasks>
1 1
2 0
3 1
4 1
5 1
6 1
7 1
8 0
9 1
<max energy cosumption of alternatives>
1 100000.00
2 4.89
3 2.44
4 4.94
5 4.84
<energy cosumption of alternatives>
1 100000.00 0.07 0.14 0.13 0.10 0.04 0.03 0.03 0.07
2 100000.00 0.08 0.06 0.12 0.10 0.02 0.04 0.06 0.03
3 100000.00 0.05 0.03 0.05 0.05 0.02 0.02 0.02 0.03
4 100000.00 0.17 0.14 0.17 0.20 0.09 0.07 0.08 100000.00
5 100000.00 0.08 0.14 0.11 0.14 0.02 0.09 0.08 0.05
6 100000.00 0.09 0.09 0.06 0.06 0.02 0.05 0.03 100000.00
7 100000.00 0.13 0.11 0.16 0.13 0.07 0.05 0.06 0.06
8 100000.00 0.09 0.09 0.09 0.12 0.05 0.06 0.03 0.05
9 100000.00 0.13 0.14 0.17 0.17 0.03 100000.00 0.06 100000.00
<task rigidity>
1 6
2 2
3 2
4 2
5 5
6 6
7 10
8 4
9 5
<precedence relations>
1,2
1,3
1,4
2,5
3,6
4,6
5,6
6,7
6,8
7,9
8,9
<end>