<number of tasks>
9
<number of stations>
5
<number of workers>
5
<type of the robots>
1
<limit of the robots>
2
<task times>
1 7 5 5 3 2 6 4 4 2 2 5
2 5 2 2 2 3 2 2 2 2 2 2
3 1 1 1 1 1 1 1 1 1 1 1
4 6 4 4 3 1 1 3 3 2 1 1
5 100000 3 2 2 2 3 2 2 100000 2 2
6 100000 1 3 2 1 4 1 100000 2 1 3
7 5 4 2 2 1 2 3 2 2 1 2
8 100000 3 2 1 3 2 2 2 1 2 2
9 7 3 3 1 4 4 2 3 1 3 3
<posture of tasks>
1 1
2 0
3 1
4 1
5 0
6 1
7 1
8 1
9 1
<max energy cosumption of alternatives>
1 100000.00
2 4.77
3 5.08
4 4.64
5 5.31
6 2.48
<energy cosumption of alternatives>
1 100000.00 0.19 0.19 0.13 0.10 0.17 0.05 0.04 0.07 0.03 0.05
2 100000.00 0.07 0.07 0.07 0.09 0.05 0.02 0.04 0.02 0.04 0.03
3 100000.00 0.08 0.08 0.08 0.08 0.06 0.02 0.05 0.04 0.04 0.02
4 100000.00 0.16 0.16 0.13 0.06 0.04 0.06 0.07 0.03 0.04 0.02
5 100000.00 0.12 0.10 0.10 0.10 0.10 0.03 0.04 100000.00 0.07 0.07
6 100000.00 0.06 0.12 0.09 0.06 0.12 0.03 100000.00 0.03 0.03 0.03
7 100000.00 0.17 0.11 0.11 0.08 0.09 0.10 0.05 0.05 0.05 0.04
8 100000.00 0.14 0.11 0.08 0.14 0.09 0.04 0.07 0.03 0.04 0.03
9 100000.00 0.12 0.12 0.06 0.15 0.12 0.06 0.05 0.02 0.05 0.07
<task rigidity>
1 8
2 8
3 2
4 10
5 7
6 3
7 7
8 2
9 1
<precedence relations>
1,2
1,3
1,4
2,5
3,6
4,6
5,6
6,7
6,8
7,9
8,9
<end>