<number of tasks>
9
<number of stations>
6
<number of workers>
6
<type of the robots>
1
<limit of the robots>
3
<task times>
1 8 4 4 2 3 4 6 3 3 2 2 3 4
2 5 1 3 3 2 2 1 1 3 3 2 2 1
3 1 1 1 1 1 1 1 1 1 1 1 1 1
4 7 3 5 5 5 1 4 2 4 4 4 1 3
5 100000 2 3 4 2 2 2 2 2 3 2 2 2
6 100000 2 3 3 4 1 3 2 3 2 3 1 3
7 5 1 2 1 4 3 2 1 2 1 3 2 2
8 100000 2 3 1 1 2 3 100000 3 100000 1 2 2
9 100000 4 3 5 3 1 3 3 100000 4 100000 100000 100000
<posture of tasks>
1 1
2 1
3 1
4 0
5 1
6 0
7 1
8 0
9 1
<max energy cosumption of alternatives>
1 100000.00
2 4.31
3 2.86
4 4.65
5 5.08
6 5.58
7 5.21
<energy cosumption of alternatives>
1 100000.00 0.16 0.14 0.10 0.13 0.16 0.22 0.07 0.06 0.06 0.04 0.08 0.08
2 100000.00 0.06 0.10 0.12 0.09 0.09 0.06 0.03 0.05 0.04 0.04 0.02 0.01
3 100000.00 0.08 0.06 0.08 0.08 0.08 0.08 0.03 0.04 0.02 0.05 0.05 0.05
4 100000.00 0.10 0.12 0.14 0.14 0.05 0.12 0.05 0.08 0.07 0.08 0.01 0.08
5 100000.00 0.10 0.10 0.16 0.10 0.10 0.10 0.04 0.03 0.04 0.06 0.05 0.03
6 100000.00 0.10 0.10 0.12 0.14 0.07 0.12 0.02 0.04 0.03 0.09 0.03 0.03
7 100000.00 0.07 0.07 0.07 0.16 0.13 0.10 0.02 0.02 0.04 0.08 0.05 0.05
8 100000.00 0.10 0.10 0.07 0.07 0.10 0.12 100000.00 0.07 100000.00 0.02 0.05 0.04
9 100000.00 0.17 0.11 0.20 0.14 0.08 0.14 0.07 100000.00 0.08 100000.00 100000.00 100000.00
<task rigidity>
1 7
2 5
3 1
4 1
5 1
6 2
7 8
8 2
9 9
<precedence relations>
1,2
1,3
1,4
2,5
3,6
4,6
5,6
6,7
6,8
7,9
8,9
<end>