<number of tasks>
11
<number of stations>
3
<type of the robots>
4
<type of the models>
2
<task times by human and robots>
1 1 1000 103 55 58 59
1 2 79 1000 1000 1000 1000
1 3 1000 94 105 110 85
1 4 85 1000 1000 1000 1000
1 5 1000 62 81 37 141
1 6 1000 66 88 24 42
1 7 20 1000 1000 1000 1000
1 8 0 1000 1000 1000 1000
1 9 1000 90 36 91 26
1 10 1000 43 73 20 20
1 11 100 1000 1000 1000 1000
2 1 1000 71 119 26 61
2 2 85 1000 1000 1000 1000
2 3 1000 63 89 76 90
2 4 0 1000 1000 1000 1000
2 5 1000 62 90 37 135
2 6 1000 65 24 50 31
2 7 169 1000 1000 1000 1000
2 8 65 1000 1000 1000 1000
2 9 1000 74 26 31 127
2 10 1000 75 134 26 31
2 11 60 1000 1000 1000 1000
<precedence relations>
1,2
1,3
1,4
1,5
2,6
3,7
4,7
5,7
6,8
7,9
8,10
9,11
10,11
<end>