<number of tasks>
21
<number of stations>
3
<type of the robots>
4
<type of the models>
2
<task times by human and robots>
1 1 138 1000 1000 1000 1000
1 2 1000 33 100 127 74
1 3 30 1000 1000 1000 1000
1 4 56 1000 1000 1000 1000
1 5 1000 69 52 55 76
1 6 1000 30 67 76 39
1 7 1000 42 51 62 56
1 8 1000 31 51 64 85
1 9 1000 92 84 99 75
1 10 110 1000 1000 1000 1000
1 11 43 1000 1000 1000 1000
1 12 1000 28 156 50 35
1 13 1000 34 76 44 80
1 14 75 1000 1000 1000 1000
1 15 1000 77 55 47 195
1 16 1000 43 147 78 135
1 17 1000 34 44 40 29
1 18 0 1000 1000 1000 1000
1 19 1000 50 97 34 119
1 20 1000 63 27 46 53
1 21 65 1000 1000 1000 1000
2 1 48 1000 1000 1000 1000
2 2 1000 60 48 185 97
2 3 44 1000 1000 1000 1000
2 4 0 1000 1000 1000 1000
2 5 1000 51 34 36 46
2 6 1000 43 30 29 54
2 7 1000 84 191 71 85
2 8 1000 48 28 59 34
2 9 1000 95 144 42 98
2 10 131 1000 1000 1000 1000
2 11 64 1000 1000 1000 1000
2 12 1000 35 196 126 93
2 13 1000 82 99 119 77
2 14 56 1000 1000 1000 1000
2 15 1000 106 45 97 69
2 16 1000 109 46 90 87
2 17 1000 80 32 86 21
2 18 78 1000 1000 1000 1000
2 19 1000 61 89 90 67
2 20 1000 31 92 63 26
2 21 171 1000 1000 1000 1000
<precedence relations>
1,2
1,3
2,21
3,4
4,5
4,21
5,6
5,7
6,8
7,8
7,14
8,9
9,10
9,11
9,12
9,13
10,15
11,15
12,15
13,17
13,18
14,19
15,16
15,18
16,17
17,20
18,19
<end>