<number of tasks>
25
<number of stations>
3
<type of the robots>
4
<type of the models>
2
<task times by human and robots>
1 1 98 1000 1000 1000 1000
1 2 1000 92 64 134 48
1 3 84 1000 1000 1000 1000
1 4 97 1000 1000 1000 1000
1 5 99 1000 1000 1000 1000
1 6 1000 37 24 144 57
1 7 0 1000 1000 1000 1000
1 8 43 1000 1000 1000 1000
1 9 1000 35 41 96 31
1 10 1000 54 29 63 19
1 11 33 1000 1000 1000 1000
1 12 74 1000 1000 1000 1000
1 13 181 1000 1000 1000 1000
1 14 1000 112 30 98 98
1 15 72 1000 1000 1000 1000
1 16 1000 34 59 89 76
1 17 1000 129 137 65 66
1 18 63 1000 1000 1000 1000
1 19 64 1000 1000 1000 1000
1 20 0 1000 1000 1000 1000
1 21 1000 52 54 53 23
1 22 1000 54 31 40 35
1 23 63 1000 1000 1000 1000
1 24 66 1000 1000 1000 1000
1 25 90 1000 1000 1000 1000
2 1 41 1000 1000 1000 1000
2 2 1000 33 39 17 176
2 3 52 1000 1000 1000 1000
2 4 98 1000 1000 1000 1000
2 5 0 1000 1000 1000 1000
2 6 1000 29 82 46 76
2 7 21 1000 1000 1000 1000
2 8 137 1000 1000 1000 1000
2 9 1000 49 55 113 95
2 10 1000 124 154 50 67
2 11 70 1000 1000 1000 1000
2 12 0 1000 1000 1000 1000
2 13 26 1000 1000 1000 1000
2 14 1000 89 26 32 164
2 15 100 1000 1000 1000 1000
2 16 1000 52 89 22 30
2 17 1000 76 140 35 19
2 18 198 1000 1000 1000 1000
2 19 20 1000 1000 1000 1000
2 20 54 1000 1000 1000 1000
2 21 1000 31 83 28 83
2 22 1000 53 189 61 55
2 23 66 1000 1000 1000 1000
2 24 27 1000 1000 1000 1000
2 25 32 1000 1000 1000 1000
<precedence relations>
1,3
2,3
3,4
4,5
4,8
5,6
6,7
6,10
7,11
7,12
8,9
8,11
9,10
9,13
11,13
12,15
13,14
14,16
14,19
14,20
15,17
15,22
16,18
17,18
17,23
18,25
19,22
20,21
20,25
21,22
21,24
23,25
<end>