<number of tasks>
35
<number of stations>
5
<type of the robots>
4
<type of the models>
2
<task times by human and robots>
1 1 42 1000 1000 1000 1000
1 2 1000 55 144 89 98
1 3 56 1000 1000 1000 1000
1 4 27 1000 1000 1000 1000
1 5 1000 158 65 151 84
1 6 0 1000 1000 1000 1000
1 7 1000 87 143 37 60
1 8 53 1000 1000 1000 1000
1 9 1000 53 30 66 96
1 10 1000 114 52 44 27
1 11 55 1000 1000 1000 1000
1 12 1000 103 123 31 50
1 13 20 1000 1000 1000 1000
1 14 82 1000 1000 1000 1000
1 15 175 1000 1000 1000 1000
1 16 1000 22 84 50 56
1 17 1000 63 76 73 30
1 18 93 1000 1000 1000 1000
1 19 1000 49 50 28 31
1 20 45 1000 1000 1000 1000
1 21 1000 23 80 28 64
1 22 1000 40 147 85 70
1 23 97 1000 1000 1000 1000
1 24 0 1000 1000 1000 1000
1 25 24 24 1000 1000 1000
1 26 1000 49 81 35 96
1 27 1000 58 59 199 28
1 28 29 1000 1000 1000 1000
1 29 1000 34 40 18 69
1 30 1000 98 39 198 27
1 31 18 1000 1000 1000 1000
1 32 0 1000 1000 1000 1000
1 33 1000 66 53 50 91
1 34 1000 43 117 111 199
1 35 83 1000 1000 1000 1000
2 1 45 1000 1000 1000 1000
2 2 1000 53 42 58 63
2 3 0 1000 1000 1000 1000
2 4 59 1000 1000 1000 1000
2 5 1000 122 37 22 140
2 6 72 1000 1000 1000 1000
2 7 1000 84 119 25 123
2 8 64 1000 1000 1000 1000
2 9 1000 55 100 40 45
2 10 1000 73 87 61 136
2 11 199 1000 1000 1000 1000
2 12 1000 28 21 61 20
2 13 66 1000 1000 1000 1000
2 14 0 1000 1000 1000 1000
2 15 100 1000 1000 1000 1000
2 16 1000 189 64 42 109
2 17 1000 91 62 99 87
2 18 0 1000 1000 1000 1000
2 19 1000 53 181 25 33
2 20 78 1000 1000 1000 1000
2 21 1000 17 152 76 28
2 22 1000 135 30 78 19
2 23 39 1000 1000 1000 1000
2 24 95 1000 1000 1000 1000
2 25 50 1000 1000 1000 1000
2 26 1000 45 145 75 123
2 27 1000 91 28 64 22
2 28 87 1000 1000 1000 1000
2 29 1000 90 26 49 33
2 30 1000 40 101 44 80
2 31 180 1000 1000 1000 1000
2 32 123 1000 1000 1000 1000
2 33 1000 90 51 64 64
2 34 1000 42 91 58 58
2 35 60 1000 1000 1000 1000
<precedence relations>
1,2
1,5
1,7
1,10
1,12
2,3
3,4
4,11
5,6
6,7
6,8
7,14
7,18
8,9
9,13
10,14
11,28
11,33
12,18
13,28
13,33
14,15
15,16
16,21
17,20
18,19
19,20
20,21
21,22
21,25
21,30
21,32
22,23
23,24
24,27
25,26
26,27
27,28
27,33
27,34
28,29
30,31
31,32
32,33
33,35
<end>