<number of tasks>
53
<number of stations>
7
<type of the robots>
4
<type of the models>
2
<task times by human and robots>
1 1 58 1000 1000 1000 1000
1 2 1000 32 119 26 141
1 3 21 1000 1000 1000 1000
1 4 19 1000 1000 1000 1000
1 5 1000 99 68 59 108
1 6 47 1000 1000 1000 1000
1 7 0 1000 1000 1000 1000
1 8 1000 65 25 18 199
1 9 0 1000 1000 1000 1000
1 10 1000 47 94 42 67
1 11 169 1000 1000 1000 1000
1 12 1000 30 23 47 56
1 13 42 1000 1000 1000 1000
1 14 63 1000 1000 1000 1000
1 15 0 1000 1000 1000 1000
1 16 1000 31 17 53 18
1 17 1000 102 43 92 30
1 18 42 1000 1000 1000 1000
1 19 1000 194 97 177 26
1 20 188 1000 1000 1000 1000
1 21 77 1000 1000 1000 1000
1 22 1000 41 23 51 39
1 23 78 1000 1000 1000 1000
1 24 49 1000 1000 1000 1000
1 25 87 1000 1000 1000 1000
1 26 1000 200 49 99 58
1 27 1000 66 76 18 39
1 28 39 1000 1000 1000 1000
1 29 1000 180 49 34 97
1 30 1000 69 42 98 77
1 31 99 1000 1000 1000 1000
1 32 129 1000 1000 1000 1000
1 33 1000 76 179 86 55
1 34 1000 27 33 51 65
1 35 86 1000 1000 1000 1000
1 36 1000 37 65 26 18
1 37 1000 25 43 18 148
1 38 27 1000 1000 1000 1000
1 39 64 1000 1000 1000 1000
1 40 0 1000 1000 1000 1000
1 41 1000 54 125 165 25
1 42 42 1000 1000 1000 1000
1 43 29 1000 1000 1000 1000
1 44 1000 24 21 56 82
1 45 19 1000 1000 1000 1000
1 46 163 1000 1000 1000 1000
1 47 1000 65 110 62 62
1 48 1000 106 94 33 118
1 49 134 1000 1000 1000 1000
1 50 82 1000 1000 1000 1000
1 51 1000 79 29 58 72
1 52 1000 162 61 72 33
1 53 96 1000 1000 1000 1000
2 1 52 1000 1000 1000 1000
2 2 1000 34 42 59 60
2 3 115 1000 1000 1000 1000
2 4 29 1000 1000 1000 1000
2 5 1000 98 56 41 110
2 6 23 1000 1000 1000 1000
2 7 123 1000 1000 1000 1000
2 8 1000 28 86 162 71
2 9 54 1000 1000 1000 1000
2 10 1000 47 142 32 25
2 11 24 1000 1000 1000 1000
2 12 1000 83 141 71 22
2 13 0 1000 1000 1000 1000
2 14 22 1000 1000 1000 1000
2 15 66 1000 1000 1000 1000
2 16 1000 85 174 43 34
2 17 1000 52 167 86 102
2 18 40 1000 1000 1000 1000
2 19 1000 112 179 46 159
2 20 54 1000 1000 1000 1000
2 21 0 1000 1000 1000 1000
2 22 1000 131 25 24 61
2 23 25 1000 1000 1000 1000
2 24 54 1000 1000 1000 1000
2 25 98 1000 1000 1000 1000
2 26 1000 28 63 157 56
2 27 1000 162 19 56 65
2 28 54 1000 1000 1000 1000
2 29 1000 52 182 37 64
2 30 1000 38 35 35 28
2 31 39 1000 1000 1000 1000
2 32 0 1000 1000 1000 1000
2 33 1000 171 84 30 42
2 34 1000 30 43 20 42
2 35 55 1000 1000 1000 1000
2 36 1000 77 78 32 60
2 37 1000 100 39 69 39
2 38 74 1000 1000 1000 1000
2 39 180 1000 1000 1000 1000
2 40 99 1000 1000 1000 1000
2 41 1000 59 21 48 48
2 42 121 1000 1000 1000 1000
2 43 64 1000 1000 1000 1000
2 44 1000 127 37 51 27
2 45 31 1000 1000 1000 1000
2 46 56 1000 1000 1000 1000
2 47 1000 37 68 40 56
2 48 1000 37 136 167 59
2 49 42 1000 1000 1000 1000
2 50 0 1000 1000 1000 1000
2 51 1000 75 50 62 47
2 52 1000 19 31 158 48
2 53 19 1000 1000 1000 1000
<precedence relations>
1,2
1,3
1,4
1,5
1,6
1,7
2,36
3,36
4,9
5,9
6,9
7,9
8,9
9,10
10,11
11,12
12,13
12,14
12,15
13,16
13,17
13,18
14,22
15,16
15,17
16,29
16,30
16,31
17,19
18,42
19,20
19,21
19,22
20,23
21,24
22,25
23,36
24,36
25,26
26,27
27,28
28,29
28,30
28,31
28,32
28,33
28,34
29,35
30,35
31,35
32,35
33,35
34,35
35,36
36,37
37,38
37,39
37,40
38,41
39,41
40,41
41,42
42,43
42,44
42,45
42,46
42,47
43,48
44,49
45,51
45,52
46,50
47,51
47,52
48,51
48,52
49,51
49,52
50,51
50,52
51,53
52,53
<end>