<number of tasks>
7
<number of stations>
3
<type of the robots>
4
<type of the models>
2
<task times by human and robots>
1 1 160 1000 1000 1000 1000
1 2 1000 112 30 98 98
1 3 0 1000 1000 1000 1000
1 4 1000 34 59 89 76
1 5 1000 129 137 65 66
1 6 63 1000 1000 1000 1000
1 7 1000 64 80 89 94
2 1 120 1000 1000 1000 1000
2 2 1000 89 26 32 164
2 3 95 1000 1000 1000 1000
2 4 1000 52 89 22 30
2 5 1000 76 140 35 19
2 6 0 1000 1000 1000 1000
2 7 1000 93 76 89 39
<precedence relations>
1,2
1,4
2,3
2,5
4,7
5,6
<end>