<number of tasks>
9
<number of stations>
3
<type of the robots>
4
<type of the models>
2
<task times by human and robots>
1 1 0 1000 1000 1000 1000
1 2 1000 112 30 98 98
1 3 1000 72 37 39 76
1 4 1000 34 59 89 76
1 5 63 1000 1000 1000 1000
1 6 1000 63 74 34 28
1 7 1000 64 60 34 96
1 8 83 1000 1000 1000 1000
1 9 110 1000 1000 1000 1000
2 1 67 1000 1000 1000 1000
2 2 1000 54 31 40 35
2 3 1000 63 104 51 119
2 4 1000 66 63 183 96
2 5 39 1000 1000 1000 1000
2 6 1000 43 18 150 115
2 7 1000 35 41 96 31
2 8 0 1000 1000 1000 1000
2 9 130 1000 1000 1000 1000
<precedence relations>
1,2
1,3
2,4
3,4
4,5
4,6
4,7
5,8
6,9
7,9
8,9
<end>