<number of tasks>
111
<number of stations>
27
<type of the robots>
4
<cost of the robots>
9.25
15.39
17.69
24.98
<task times>
1 1960 10000 3430 2940 2450 10000 1274 1176 1078
2 1715 10000 10000 10000 10000 10000 10000 10000 944
3 735 10000 10000 10000 10000 10000 478 10000 405
4 1715 10000 3002 2573 10000 10000 1115 1029 944
5 490 10000 10000 10000 10000 343 319 10000 10000
6 1225 10000 10000 10000 10000 10000 10000 735 674
7 169 10000 10000 10000 10000 10000 10000 102 10000
8 2252 10000 10000 10000 2815 1577 1464 1352 1239
9 1225 10000 10000 10000 10000 10000 797 10000 10000
10 2319 10000 10000 10000 10000 1624 1508 10000 1276
11 1715 10000 10000 10000 2144 10000 1115 10000 944
12 980 10000 1715 10000 1225 10000 637 10000 539
13 735 1470 10000 1103 10000 515 10000 441 405
14 2281 10000 10000 3422 10000 10000 1483 1369 10000
15 2750 5500 10000 4125 3438 1925 10000 1650 1513
16 77 10000 10000 116 10000 10000 10000 47 10000
17 89 10000 10000 10000 112 63 10000 10000 49
18 51 10000 90 77 10000 10000 34 31 10000
19 364 728 637 10000 10000 255 237 10000 201
20 405 810 10000 10000 10000 284 264 243 10000
21 3060 10000 5355 10000 10000 2142 1989 10000 10000
22 125 10000 10000 188 157 88 10000 75 69
23 3429 10000 6001 10000 10000 10000 2229 10000 10000
24 43 10000 76 10000 54 31 28 10000 24
25 3430 10000 10000 5145 10000 10000 10000 2058 10000
26 1960 10000 10000 10000 10000 10000 10000 1176 1078
27 29 10000 10000 10000 10000 10000 19 18 10000
28 27 10000 48 10000 10000 10000 18 10000 15
29 15 10000 27 10000 10000 11 10 9 10000
30 121 10000 212 182 152 10000 79 73 67
31 1715 3430 10000 10000 10000 1201 1115 10000 10000
32 2127 10000 10000 3191 2659 10000 1383 1277 1170
33 1470 2940 10000 10000 10000 1029 10000 10000 809
34 4037 8074 7065 10000 10000 2826 2625 10000 10000
35 68 10000 10000 10000 10000 10000 45 10000 10000
36 62 10000 10000 10000 78 44 41 38 35
37 42 10000 10000 10000 10000 10000 10000 10000 24
38 364 728 10000 10000 455 255 10000 10000 201
39 4998 10000 10000 7497 10000 10000 10000 2999 10000
40 1470 2940 10000 10000 10000 1029 956 10000 10000
41 2963 10000 10000 10000 10000 10000 10000 10000 10000
42 5689 10000 10000 10000 10000 10000 3698 3414 10000
43 68 10000 10000 10000 10000 10000 10000 41 10000
44 18 36 10000 27 10000 13 12 11 10000
45 10 10000 10000 10000 10000 7 7 10000 6
46 81 10000 10000 10000 10000 10000 53 10000 10000
47 5200 10000 9100 7800 6500 10000 3380 3120 2860
48 39 78 10000 59 10000 28 10000 24 22
49 67 134 10000 10000 84 47 10000 10000 37
50 27 10000 10000 10000 10000 10000 10000 10000 10000
51 15 10000 10000 10000 10000 11 10000 9 10000
52 121 10000 10000 10000 10000 10000 10000 10000 67
53 58 10000 102 87 73 10000 38 35 32
54 1715 10000 10000 10000 10000 1201 1115 10000 944
55 125 10000 219 10000 10000 88 82 10000 69
56 4010 10000 10000 10000 10000 10000 10000 10000 2206
57 1470 10000 10000 10000 10000 10000 10000 882 809
58 1470 10000 10000 10000 10000 10000 10000 10000 10000
59 2303 10000 10000 3455 10000 10000 1497 1382 1267
60 1960 10000 10000 10000 10000 10000 10000 10000 10000
61 2205 10000 10000 10000 10000 10000 1434 10000 1213
62 4018 10000 10000 6027 10000 2813 2612 2411 10000
63 2744 10000 4802 10000 10000 10000 1784 10000 10000
64 2999 5998 10000 10000 3749 2100 10000 1800 1650
65 735 10000 10000 10000 10000 10000 10000 10000 10000
66 735 10000 10000 10000 919 10000 10000 10000 405
67 735 10000 1287 10000 10000 10000 478 10000 10000
68 735 10000 10000 10000 10000 515 478 10000 10000
69 545 10000 10000 10000 682 10000 10000 10000 300
70 3386 10000 10000 5079 10000 10000 10000 2032 10000
71 3234 6468 10000 10000 10000 2264 10000 10000 1779
72 2205 10000 10000 10000 10000 10000 10000 10000 10000
73 2206 10000 10000 3309 10000 10000 1434 1324 10000
74 490 10000 858 735 10000 10000 319 294 270
75 825 10000 10000 10000 1032 10000 537 10000 454
76 3528 10000 6174 10000 4410 10000 2294 2117 1941
77 3568 7136 10000 10000 10000 2498 10000 10000 10000
78 1200 2400 10000 10000 1500 840 780 10000 660
79 618 1236 10000 10000 10000 433 10000 371 340
80 1470 10000 10000 10000 10000 10000 10000 10000 809
81 1715 10000 10000 10000 10000 10000 10000 10000 10000
82 735 10000 10000 1103 10000 10000 10000 441 405
83 1960 10000 10000 2940 10000 10000 10000 1176 1078
84 2889 10000 5056 10000 10000 10000 1878 10000 10000
85 618 1236 10000 10000 10000 433 402 10000 10000
86 490 10000 10000 10000 613 10000 10000 10000 270
87 735 1470 10000 1103 10000 515 10000 441 10000
88 490 10000 10000 735 10000 343 10000 294 270
89 921 10000 10000 10000 10000 10000 599 553 10000
90 326 652 571 10000 10000 229 212 10000 180
91 5390 10000 10000 10000 10000 10000 3504 3234 10000
92 243 10000 10000 365 10000 10000 158 146 134
93 371 10000 10000 557 464 10000 242 223 205
94 58 116 10000 87 10000 41 10000 35 10000
95 5059 10000 10000 10000 10000 10000 3289 3036 10000
96 1225 10000 10000 10000 10000 858 10000 10000 10000
97 769 10000 10000 10000 10000 539 10000 10000 10000
98 768 10000 10000 10000 10000 10000 500 461 10000
99 1670 10000 10000 10000 2088 10000 10000 10000 919
100 1670 10000 2923 10000 10000 10000 1086 1002 10000
101 490 980 10000 10000 10000 343 10000 10000 10000
102 202 10000 10000 303 253 10000 10000 122 112
103 203 406 10000 305 10000 143 132 122 10000
104 202 10000 10000 10000 10000 142 132 10000 10000
105 2744 5488 10000 4116 3430 1921 10000 1647 1510
106 162 10000 10000 243 203 114 10000 98 90
107 324 10000 10000 486 10000 10000 211 195 10000
108 162 10000 284 10000 203 10000 106 10000 90
109 121 242 10000 10000 10000 85 10000 10000 67
110 162 10000 284 10000 10000 10000 106 10000 90
111 91 10000 10000 10000 10000 10000 10000 10000 51
<precedence relations>
1,2
2,3
3,4
4,5
4,6
4,7
4,8
4,9
4,10
5,39
6,39
7,83
8,71
9,32
10,11
10,12
11,13
11,14
11,15
11,16
11,17
11,18
11,19
11,20
11,21
12,13
12,14
12,15
12,16
12,17
12,18
12,19
12,20
12,21
13,71
14,22
14,23
14,24
14,25
15,26
16,27
17,28
18,29
19,30
20,91
21,111
22,31
22,83
23,32
23,33
24,69
24,70
25,34
26,82
27,35
28,36
29,37
30,38
31,39
32,41
33,111
34,42
35,43
36,44
36,91
37,45
37,91
38,46
38,91
39,40
40,111
41,69
41,70
42,47
43,48
43,49
44,50
45,51
46,52
47,54
47,55
47,56
47,57
47,58
47,59
47,60
48,53
49,91
50,111
51,111
52,111
53,111
54,69
54,70
55,61
55,62
55,63
56,63
56,64
57,65
57,91
58,66
58,91
59,67
59,91
60,68
60,91
61,69
61,70
62,71
63,111
64,72
65,111
66,111
67,111
68,111
69,77
69,78
70,73
71,91
72,74
73,75
74,76
75,77
75,78
75,79
76,80
76,81
76,82
77,83
78,84
79,85
80,86
80,91
81,87
81,91
82,111
83,91
84,88
84,89
84,91
85,111
86,111
87,90
88,105
89,105
90,111
91,92
91,93
91,94
92,95
93,95
94,95
95,96
95,97
95,98
95,99
95,100
95,104
96,101
97,102
98,103
99,111
100,111
101,105
102,106
102,107
103,107
103,108
104,111
105,111
106,109
107,111
108,110
109,111
110,111
<end>