<number of tasks>
11
<number of stations>
4
<type of the robots>
4
<cost of the robots>
10.11
12.79
18.55
20.83
<task times>
1 4 10000 7 10000 10000 10000 3 10000 10000
2 5 10000 10000 8 10000 10000 4 3 3
3 5 10000 10000 10000 10000 10000 10000 3 3
4 6 10000 11 10000 10000 10000 4 10000 10000
5 3 10000 10000 10000 10000 10000 10000 10000 2
6 2 4 10000 3 10000 2 10000 2 2
7 1 10000 10000 10000 10000 10000 10000 10000 10000
8 7 10000 10000 10000 10000 10000 5 5 10000
9 5 10000 10000 10000 10000 4 10000 3 10000
10 2 10000 10000 10000 10000 2 10000 10000 10000
11 6 10000 11 9 8 10000 4 4 4
<precedence relations>
1,2
1,3
2,4
3,5
4,6
5,7
5,8
5,9
6,10
7,11
8,11
9,11
10,11
<end>