<number of tasks>
148
<number of stations>
30
<type of the robots>
4
<cost of the robots>
10.71
13.94
17.24
23.42
<task times>
1 16 32 10000 10000 20 12 10000 10000 9
2 30 10000 53 10000 38 10000 20 10000 17
3 7 10000 13 10000 10000 10000 5 10000 4
4 47 10000 10000 10000 10000 10000 31 10000 10000
5 29 10000 10000 10000 37 21 10000 10000 16
6 8 10000 10000 10000 10000 10000 6 10000 10000
7 39 10000 10000 10000 10000 10000 10000 10000 10000
8 37 74 10000 10000 47 26 25 10000 21
9 32 10000 10000 10000 10000 23 10000 20 18
10 29 10000 10000 10000 37 10000 10000 18 16
11 17 10000 10000 10000 10000 10000 10000 10000 10
12 11 22 10000 10000 10000 8 10000 7 7
13 32 10000 10000 10000 10000 10000 10000 10000 10000
14 15 10000 10000 23 10000 10000 10000 9 10000
15 53 10000 10000 80 10000 10000 35 32 10000
16 53 10000 10000 10000 10000 10000 10000 10000 30
17 8 10000 10000 12 10000 6 10000 5 10000
18 24 10000 42 10000 30 10000 16 15 14
19 24 10000 10000 10000 10000 10000 16 10000 10000
20 8 10000 10000 10000 10000 10000 6 10000 10000
21 7 10000 10000 10000 10000 10000 10000 10000 4
22 8 10000 10000 10000 10000 10000 10000 5 10000
23 14 10000 10000 10000 10000 10 10 10000 8
24 13 10000 10000 10000 10000 10000 10000 10000 10000
25 10 10000 10000 10000 10000 7 10000 10000 10000
26 25 10000 44 38 10000 10000 17 15 10000
27 11 10000 10000 10000 14 10000 10000 10000 7
28 25 10000 10000 10000 10000 10000 10000 10000 14
29 11 10000 20 10000 10000 10000 8 10000 7
30 29 10000 10000 10000 37 21 10000 10000 16
31 25 10000 10000 10000 10000 10000 10000 10000 14
32 10 10000 18 10000 10000 7 7 10000 10000
33 14 28 10000 10000 10000 10 10 10000 8
34 41 10000 10000 10000 10000 10000 10000 10000 10000
35 42 84 10000 63 53 30 10000 26 24
36 47 10000 10000 10000 10000 10000 31 10000 10000
37 7 14 13 10000 10000 5 5 5 4
38 80 10000 10000 10000 10000 10000 10000 10000 10000
39 7 10000 10000 10000 10000 10000 10000 10000 10000
40 41 82 10000 10000 10000 29 10000 10000 23
41 47 10000 10000 10000 10000 10000 31 10000 10000
42 16 10000 10000 10000 10000 10000 10000 10000 10000
43 32 10000 10000 10000 10000 10000 10000 10000 10000
44 66 10000 116 10000 10000 10000 43 10000 10000
45 80 10000 10000 10000 10000 56 10000 10000 10000
46 7 10000 13 10000 10000 5 5 10000 4
47 41 10000 72 10000 52 10000 27 10000 23
48 13 10000 10000 10000 10000 10000 10000 8 10000
49 47 10000 10000 10000 10000 10000 31 10000 26
50 33 10000 10000 10000 10000 10000 10000 20 19
51 34 10000 10000 10000 10000 10000 10000 10000 10000
52 11 10000 10000 17 10000 10000 10000 7 10000
53 18 10000 32 10000 10000 10000 12 10000 10
54 25 50 10000 10000 10000 18 10000 10000 14
55 7 10000 10000 11 10000 10000 10000 5 10000
56 28 10000 49 42 10000 20 19 17 10000
57 12 10000 21 10000 10000 9 8 8 10000
58 52 104 10000 10000 10000 37 10000 10000 29
59 14 28 10000 10000 10000 10 10000 9 8
60 3 10000 10000 5 10000 3 10000 2 10000
61 3 6 6 5 10000 3 2 2 10000
62 8 10000 10000 10000 10 6 10000 10000 5
63 16 10000 10000 10000 10000 10000 11 10 10000
64 33 10000 10000 50 42 24 10000 20 19
65 8 10000 10000 10000 10000 10000 6 5 10000
66 18 10000 10000 27 10000 13 10000 11 10
67 10 10000 10000 10000 10000 10000 7 10000 10000
68 14 10000 10000 10000 10000 10000 10000 10000 10000
69 28 10000 10000 10000 10000 10000 10000 10000 16
70 11 10000 10000 10000 10000 10000 8 10000 10000
71 18 36 10000 10000 10000 13 10000 10000 10
72 25 10000 10000 38 32 18 10000 15 14
73 40 10000 10000 10000 10000 10000 10000 10000 22
74 40 10000 10000 10000 10000 10000 26 24 22
75 1 10000 10000 10000 10000 1 10000 10000 10000
76 5 10 10000 10000 7 4 10000 10000 3
77 28 10000 10000 10000 10000 20 10000 10000 10000
78 8 10000 14 12 10000 10000 6 5 5
79 81 10000 10000 10000 10000 57 53 10000 10000
80 7 10000 10000 10000 9 10000 10000 5 4
81 26 10000 10000 10000 10000 10000 10000 10000 10000
82 10 10000 18 10000 10000 10000 7 10000 10000
83 21 10000 10000 10000 27 15 10000 13 12
84 26 10000 10000 10000 10000 10000 10000 10000 15
85 20 10000 10000 10000 10000 14 13 12 11
86 21 10000 10000 10000 27 10000 10000 10000 12
87 47 10000 10000 71 10000 10000 31 29 26
88 23 10000 41 10000 10000 17 15 14 10000
89 13 26 10000 10000 10000 10 10000 10000 10000
90 19 38 10000 10000 10000 14 10000 10000 10000
91 15 10000 10000 10000 10000 10000 10000 10000 10000
92 35 10000 10000 10000 10000 25 23 21 20
93 26 10000 10000 39 10000 10000 10000 16 15
94 46 10000 10000 10000 10000 10000 30 10000 10000
95 20 10000 10000 30 25 14 10000 12 11
96 31 10000 10000 10000 10000 10000 10000 10000 18
97 19 10000 10000 10000 24 10000 10000 10000 11
98 34 68 10000 51 43 24 10000 21 19
99 51 10000 90 10000 10000 10000 34 31 10000
100 39 10000 10000 10000 49 10000 10000 10000 22
101 30 10000 10000 10000 10000 10000 10000 10000 10000
102 26 10000 46 10000 10000 10000 17 10000 10000
103 13 10000 10000 10000 10000 10000 10000 8 8
104 45 10000 10000 68 10000 32 10000 27 10000
105 58 10000 102 87 73 10000 38 35 32
106 28 10000 10000 42 10000 10000 10000 17 10000
107 8 16 14 10000 10000 6 6 10000 10000
108 83 10000 146 10000 10000 59 54 10000 10000
109 40 10000 10000 10000 10000 10000 10000 10000 10000
110 34 10000 10000 10000 10000 24 10000 21 19
111 23 46 10000 10000 10000 17 10000 14 10000
112 62 10000 10000 10000 78 44 10000 10000 35
113 11 10000 10000 17 14 10000 8 7 7
114 19 10000 34 10000 10000 14 13 10000 10000
115 14 28 10000 10000 18 10 10 10000 8
116 31 10000 10000 10000 39 10000 10000 10000 18
117 32 10000 10000 10000 10000 10000 10000 10000 18
118 26 10000 10000 10000 10000 10000 17 10000 15
119 55 10000 10000 83 10000 10000 10000 33 10000
120 31 10000 10000 10000 10000 10000 10000 10000 10000
121 32 64 10000 10000 10000 23 10000 10000 10000
122 26 10000 10000 10000 10000 19 10000 10000 10000
123 19 38 10000 29 10000 14 10000 12 11
124 14 28 10000 21 18 10 10000 9 8
125 19 10000 10000 10000 24 10000 10000 12 11
126 48 10000 10000 10000 10000 10000 32 29 27
127 55 10000 10000 10000 10000 39 36 10000 10000
128 8 16 10000 10000 10000 6 6 10000 10000
129 11 10000 20 10000 10000 10000 8 10000 7
130 27 10000 10000 41 10000 10000 18 17 10000
131 18 10000 10000 27 10000 13 10000 11 10000
132 36 72 10000 10000 10000 26 10000 10000 20
133 23 10000 10000 35 29 10000 10000 14 13
134 20 40 10000 10000 10000 14 10000 10000 10000
135 46 10000 10000 10000 10000 10000 30 10000 10000
136 64 10000 10000 10000 10000 10000 42 10000 10000
137 22 44 39 10000 10000 16 15 14 10000
138 15 10000 27 10000 10000 10000 10 9 10000
139 34 68 10000 10000 10000 24 23 21 19
140 22 10000 10000 10000 10000 16 10000 10000 13
141 51 10000 90 10000 64 10000 34 31 29
142 48 10000 84 10000 10000 10000 32 29 10000
143 64 10000 112 96 10000 45 42 39 10000
144 70 10000 10000 10000 88 10000 10000 42 39
145 37 10000 10000 10000 10000 10000 25 23 21
146 64 10000 10000 96 10000 10000 42 39 10000
147 78 10000 137 10000 98 10000 51 10000 43
148 78 156 10000 10000 10000 55 51 10000 43
<precedence relations>
1,5
1,6
1,7
1,8
2,3
3,4
3,5
3,6
3,7
4,8
5,14
6,9
7,14
8,10
9,14
10,14
11,12
12,13
14,15
14,16
15,17
16,17
17,18
17,19
18,20
19,20
20,21
20,22
20,23
20,24
21,25
21,26
21,27
21,28
22,25
22,26
22,27
22,28
23,25
23,26
23,27
23,28
24,25
24,26
24,27
24,28
25,29
26,29
27,29
28,29
29,31
31,36
32,34
33,35
34,36
35,36
36,37
37,38
37,45
38,39
39,40
40,41
40,48
40,54
42,43
43,44
45,46
46,47
47,48
47,49
47,54
50,51
51,53
51,69
52,53
54,55
54,72
54,76
54,89
54,90
55,133
56,73
57,82
58,86
58,88
59,75
59,89
61,62
62,63
63,67
64,65
64,71
64,72
65,66
65,99
66,67
67,68
68,95
68,98
69,79
70,71
72,134
73,86
73,88
73,89
73,90
73,96
74,75
75,90
75,97
76,77
77,78
78,82
79,80
79,85
79,143
79,146
80,81
81,82
82,83
83,84
84,106
86,87
90,111
91,105
92,135
95,101
96,104
98,101
99,100
100,101
101,102
101,103
102,127
103,127
105,119
106,107
107,108
108,109
109,110
111,112
112,113
113,114
113,116
113,120
113,123
113,128
114,115
115,125
116,117
117,118
118,126
120,121
121,122
122,126
123,124
124,125
128,129
129,130
130,131
130,137
132,135
133,135
134,135
135,136
138,139
139,140
141,142
142,143
142,146
142,147
142,148
144,145
145,147
145,148
<end>