<number of tasks>
21
<number of stations>
7
<type of the robots>
4
<cost of the robots>
9.84
13.45
15.79
23.41
<task times>
1 4 10000 10000 6 5 10000 3 3 3
2 3 10000 10000 10000 10000 10000 2 10000 10000
3 9 10000 10000 10000 10000 7 6 10000 10000
4 5 10000 10000 10000 10000 10000 10000 10000 10000
5 9 18 10000 10000 10000 7 10000 10000 10000
6 4 10000 10000 10000 10000 3 10000 10000 10000
7 8 10000 10000 10000 10 6 6 10000 5
8 7 10000 10000 11 10000 10000 5 5 10000
9 5 10000 10000 10000 10000 10000 4 10000 3
10 1 10000 10000 2 10000 1 1 1 1
11 3 10000 10000 10000 10000 10000 2 2 10000
12 1 10000 10000 2 10000 10000 10000 1 1
13 5 10 10000 10000 10000 4 10000 3 10000
14 3 10000 10000 10000 10000 10000 10000 10000 10000
15 5 10000 10000 10000 7 10000 4 10000 3
16 3 6 10000 10000 10000 3 10000 10000 10000
17 13 26 10000 20 17 10 9 8 8
18 5 10000 10000 8 10000 10000 10000 3 10000
19 2 10000 10000 10000 3 10000 10000 10000 2
20 3 10000 10000 10000 10000 10000 10000 2 2
21 7 10000 10000 10000 10000 5 10000 5 4
<precedence relations>
1,2
1,3
2,21
3,4
4,5
4,21
5,6
5,7
6,8
7,8
7,14
8,9
9,10
9,11
9,12
9,13
10,15
11,15
12,15
13,17
13,18
14,19
15,16
15,18
16,17
17,20
18,19
<end>