<number of tasks>
32
<number of stations>
11
<type of the robots>
4
<cost of the robots>
9.31
13.18
16.83
22.47
<task times>
1 458 10000 10000 687 10000 10000 298 275 252
2 276 552 483 414 10000 194 180 166 152
3 520 10000 10000 10000 10000 10000 10000 312 10000
4 1400 2800 10000 10000 10000 980 10000 10000 10000
5 352 10000 616 10000 440 10000 229 10000 194
6 196 10000 10000 10000 245 138 10000 118 108
7 214 10000 10000 10000 10000 150 10000 10000 118
8 456 10000 10000 10000 10000 320 10000 10000 251
9 646 10000 10000 10000 10000 10000 10000 388 356
10 512 10000 896 10000 640 359 333 10000 282
11 408 10000 10000 10000 510 10000 10000 245 225
12 262 10000 459 10000 10000 10000 171 10000 145
13 544 1088 10000 10000 10000 381 10000 327 10000
14 202 10000 10000 10000 10000 10000 10000 10000 10000
15 458 10000 10000 10000 10000 10000 298 10000 10000
16 694 10000 10000 10000 10000 10000 10000 10000 382
17 616 1232 1078 10000 10000 432 401 10000 10000
18 678 10000 1187 10000 848 475 441 10000 373
19 328 10000 10000 10000 10000 10000 10000 197 10000
20 324 648 10000 10000 10000 227 10000 10000 179
21 100 10000 10000 150 10000 70 10000 60 10000
22 352 10000 10000 528 10000 10000 10000 212 194
23 544 1088 10000 10000 10000 381 10000 327 300
24 500 1000 875 10000 10000 350 325 10000 10000
25 382 10000 10000 10000 10000 268 10000 10000 211
26 858 10000 10000 10000 1073 601 10000 10000 472
27 388 10000 10000 582 485 10000 10000 233 214
28 352 10000 616 10000 10000 10000 229 212 10000
29 428 856 10000 10000 535 300 10000 10000 236
30 238 476 417 10000 10000 167 155 10000 10000
31 258 516 10000 387 323 181 10000 155 142
32 196 10000 10000 10000 10000 10000 128 118 108
<precedence relations>
1,5
2,6
3,9
4,15
5,6
6,7
6,8
6,9
7,21
8,21
9,10
9,11
10,16
11,12
12,13
13,14
13,15
14,16
14,17
15,17
16,18
17,19
18,21
19,20
20,21
21,22
21,23
21,24
22,25
23,32
24,32
25,26
26,27
27,28
28,29
29,30
30,31
31,32
<end>