<number of tasks>
32
<number of stations>
12
<type of the robots>
4
<cost of the robots>
10.33
15.24
16.34
23.06
<task times>
1 458 10000 10000 10000 10000 10000 10000 275 10000
2 276 552 10000 10000 10000 194 10000 10000 10000
3 520 10000 10000 10000 10000 10000 10000 10000 286
4 1400 2800 10000 2100 10000 980 10000 840 10000
5 352 10000 10000 10000 10000 247 10000 10000 194
6 196 10000 10000 10000 10000 10000 10000 118 108
7 214 10000 10000 10000 268 150 10000 10000 118
8 456 10000 10000 10000 570 10000 297 10000 251
9 646 10000 1131 969 10000 453 420 388 10000
10 512 10000 10000 768 10000 10000 10000 308 10000
11 408 816 10000 10000 510 286 266 10000 225
12 262 10000 10000 393 10000 10000 10000 158 10000
13 544 10000 952 816 10000 10000 354 327 300
14 202 404 10000 10000 10000 142 10000 10000 10000
15 458 10000 10000 10000 10000 10000 10000 275 10000
16 694 10000 1215 1041 10000 486 452 417 10000
17 616 10000 1078 10000 10000 10000 401 10000 339
18 678 10000 10000 10000 10000 10000 441 407 10000
19 328 656 574 10000 10000 230 214 197 10000
20 324 10000 10000 10000 10000 10000 211 10000 10000
21 100 10000 175 10000 10000 70 65 10000 55
22 352 10000 10000 10000 10000 10000 10000 212 10000
23 544 10000 10000 10000 10000 381 10000 327 10000
24 500 10000 10000 10000 625 10000 10000 10000 275
25 382 764 10000 10000 10000 268 249 10000 211
26 858 10000 10000 10000 10000 10000 10000 10000 10000
27 388 10000 10000 10000 10000 10000 10000 233 10000
28 352 704 616 10000 440 247 229 212 194
29 428 856 10000 10000 535 300 10000 10000 236
30 238 10000 417 10000 298 10000 155 10000 131
31 258 10000 10000 10000 323 181 168 10000 142
32 196 10000 10000 10000 10000 10000 10000 10000 108
<precedence relations>
1,5
2,6
3,9
4,15
5,6
6,7
6,8
6,9
7,21
8,21
9,10
9,11
10,16
11,12
12,13
13,14
13,15
14,16
14,17
15,17
16,18
17,19
18,21
19,20
20,21
21,22
21,23
21,24
22,25
23,32
24,32
25,26
26,27
27,28
28,29
29,30
30,31
31,32
<end>