<number of tasks>
35
<number of stations>
9
<type of the robots>
4
<cost of the robots>
10.76
13.03
19.32
23.23
<task times>
1 29 10000 51 10000 10000 10000 19 10000 10000
2 3 6 10000 10000 10000 3 10000 10000 10000
3 5 10000 10000 8 10000 4 10000 3 10000
4 22 10000 39 33 10000 10000 15 14 10000
5 6 10000 10000 9 10000 10000 4 4 10000
6 14 10000 10000 10000 10000 10000 10000 9 10000
7 2 10000 10000 10000 10000 10000 2 2 10000
8 5 10000 10000 8 10000 10000 10000 3 10000
9 22 10000 10000 10000 10000 10000 10000 10000 10000
10 30 60 10000 10000 38 21 10000 10000 17
11 23 46 41 10000 10000 17 15 10000 10000
12 30 10000 10000 45 10000 10000 20 18 17
13 23 46 10000 10000 10000 17 10000 10000 13
14 2 10000 4 10000 10000 10000 2 10000 10000
15 19 38 10000 10000 10000 14 10000 10000 10000
16 29 10000 10000 44 37 10000 10000 18 16
17 2 10000 10000 10000 10000 10000 10000 10000 10000
18 2 10000 10000 10000 10000 10000 10000 2 10000
19 19 10000 10000 10000 10000 10000 10000 10000 11
20 29 10000 51 44 10000 21 19 18 10000
21 6 10000 10000 10000 8 10000 4 10000 4
22 10 10000 10000 10000 13 10000 10000 10000 6
23 16 10000 28 10000 10000 10000 11 10000 9
24 23 10000 10000 10000 10000 10000 10000 10000 10000
25 5 10000 10000 10000 10000 10000 10000 10000 10000
26 5 10000 9 8 7 10000 4 3 3
27 5 10000 10000 10000 10000 10000 10000 3 10000
28 40 10000 70 60 10000 28 26 24 10000
29 2 10000 10000 10000 10000 10000 10000 10000 2
30 5 10000 9 10000 7 10000 4 10000 3
31 5 10000 9 10000 10000 4 4 10000 3
32 1 10000 10000 10000 10000 10000 10000 1 10000
33 40 10000 10000 10000 10000 10000 26 10000 10000
34 2 10000 4 10000 10000 10000 2 2 10000
35 2 10000 10000 10000 10000 10000 2 10000 2
<precedence relations>
1,2
1,5
1,7
1,10
1,12
2,3
3,4
4,11
5,6
6,7
6,8
7,14
7,18
8,9
9,13
10,14
11,28
11,33
12,18
13,28
13,33
14,15
15,16
16,21
17,20
18,19
19,20
20,21
21,22
21,25
21,30
21,32
22,23
23,24
24,27
25,26
26,27
27,28
27,33
27,34
28,29
30,31
31,32
32,33
33,35
<end>