<number of tasks>
70
<number of stations>
22
<type of the robots>
4
<cost of the robots>
9.56
13.57
18.85
19.17
<task times>
1 17 10000 10000 10000 10000 10000 12 11 10000
2 66 10000 10000 10000 10000 10000 10000 40 37
3 54 10000 10000 10000 68 10000 10000 10000 30
4 52 10000 10000 78 10000 37 10000 32 10000
5 6 10000 10000 9 10000 10000 4 4 10000
6 88 10000 10000 10000 110 10000 10000 10000 49
7 21 10000 10000 32 10000 15 10000 13 10000
8 128 10000 10000 10000 10000 90 10000 10000 10000
9 68 10000 119 10000 10000 48 45 41 38
10 70 10000 10000 10000 88 10000 10000 10000 39
11 85 10000 149 10000 10000 10000 56 10000 47
12 21 10000 10000 10000 27 10000 10000 10000 12
13 134 268 235 10000 168 94 88 10000 74
14 135 10000 10000 10000 169 10000 10000 10000 75
15 94 10000 10000 10000 118 10000 62 57 52
16 90 180 10000 10000 10000 63 10000 10000 50
17 50 10000 10000 10000 10000 10000 10000 10000 10000
18 143 10000 10000 10000 10000 10000 93 10000 10000
19 19 10000 10000 10000 10000 10000 13 10000 11
20 54 108 10000 10000 10000 38 10000 10000 10000
21 50 100 10000 10000 10000 35 33 10000 10000
22 40 10000 10000 10000 10000 10000 10000 10000 10000
23 73 10000 10000 10000 10000 10000 10000 10000 10000
24 12 24 10000 10000 10000 9 10000 8 7
25 152 10000 10000 10000 10000 10000 10000 10000 10000
26 42 10000 10000 10000 53 10000 10000 10000 24
27 45 10000 10000 10000 57 32 30 10000 25
28 74 10000 10000 10000 10000 10000 10000 45 10000
29 26 10000 10000 39 10000 10000 17 16 15
30 11 22 10000 17 10000 8 8 7 7
31 31 10000 55 10000 39 10000 21 19 18
32 50 10000 88 75 10000 10000 33 30 28
33 102 10000 10000 10000 10000 10000 10000 10000 10000
34 46 92 10000 10000 58 33 10000 28 26
35 35 10000 62 10000 10000 10000 23 10000 20
36 40 10000 10000 10000 10000 10000 26 10000 22
37 2 10000 10000 10000 10000 10000 10000 2 10000
38 1 10000 10000 2 10000 10000 10000 1 10000
39 3 10000 10000 10000 10000 3 2 2 2
40 13 26 10000 10000 10000 10 10000 10000 8
41 16 10000 28 24 10000 12 11 10 10000
42 25 50 44 38 10000 18 17 15 14
43 21 10000 10000 10000 10000 10000 14 13 10000
44 43 10000 10000 10000 10000 10000 10000 10000 10000
45 30 10000 10000 10000 10000 10000 10000 10000 10000
46 83 10000 10000 10000 10000 10000 10000 10000 10000
47 89 10000 10000 134 10000 10000 10000 54 49
48 56 10000 10000 10000 10000 10000 10000 34 10000
49 59 10000 10000 10000 10000 42 10000 10000 10000
50 43 10000 10000 10000 10000 10000 10000 26 10000
51 11 10000 10000 10000 14 10000 10000 10000 7
52 26 10000 46 10000 33 10000 17 10000 15
53 44 10000 10000 10000 10000 31 10000 10000 10000
54 121 10000 10000 10000 10000 10000 10000 10000 10000
55 38 10000 67 10000 10000 10000 25 23 21
56 68 10000 10000 10000 85 48 10000 41 38
57 22 10000 10000 10000 10000 10000 10000 10000 10000
58 7 14 10000 10000 10000 5 10000 5 4
59 16 32 10000 10000 10000 12 10000 10 10000
60 32 64 56 10000 10000 23 21 10000 10000
61 25 50 10000 10000 10000 18 10000 15 10000
62 27 54 10000 10000 10000 19 10000 17 10000
63 156 10000 10000 234 195 10000 10000 94 86
64 28 10000 10000 10000 10000 20 10000 17 10000
65 15 10000 10000 10000 10000 10000 10 10000 10000
66 26 10000 10000 39 33 10000 10000 16 15
67 18 10000 32 10000 10000 10000 12 10000 10000
68 72 10000 10000 10000 90 10000 10000 10000 40
69 23 46 10000 10000 29 17 10000 10000 13
70 27 10000 10000 10000 10000 10000 10000 10000 10000
<precedence relations>
1,2
1,41
1,69
1,70
2,3
3,4
3,68
4,6
4,7
5,6
5,24
5,30
6,8
7,8
8,12
9,10
10,11
11,12
12,13
12,14
13,23
14,23
15,16
16,17
16,18
17,19
18,19
19,20
19,22
19,57
20,21
21,23
22,23
23,25
23,31
23,33
24,25
25,26
25,27
25,28
25,29
26,35
27,35
28,35
29,35
30,31
31,32
32,35
33,34
34,35
35,36
35,44
35,48
35,51
35,53
35,56
35,60
35,61
35,62
36,37
37,38
38,39
39,40
40,42
41,42
42,43
43,50
44,45
45,46
46,47
47,50
48,49
49,50
51,52
52,54
53,54
54,55
57,58
58,59
59,60
61,65
62,63
63,64
64,65
64,66
64,67
<end>