<number of tasks>
70
<number of stations>
24
<type of the robots>
4
<cost of the robots>
10.65
14.77
18.83
20.06
<task times>
1 17 10000 10000 26 22 10000 10000 11 10
2 66 10000 116 10000 10000 10000 43 10000 10000
3 54 10000 95 10000 10000 38 36 10000 10000
4 52 10000 10000 10000 10000 37 10000 10000 10000
5 6 12 10000 10000 10000 5 10000 4 10000
6 88 10000 10000 10000 10000 10000 10000 10000 10000
7 21 10000 10000 32 10000 15 10000 13 10000
8 128 10000 10000 10000 10000 10000 84 77 10000
9 68 10000 10000 10000 10000 10000 10000 41 10000
10 70 140 10000 10000 88 49 46 42 39
11 85 10000 10000 128 10000 10000 10000 51 10000
12 21 10000 37 32 10000 10000 14 13 10000
13 134 10000 10000 10000 10000 10000 88 10000 10000
14 135 10000 10000 10000 10000 10000 10000 10000 10000
15 94 10000 165 10000 10000 10000 62 57 10000
16 90 10000 10000 10000 10000 10000 10000 10000 10000
17 50 10000 88 10000 10000 10000 33 30 10000
18 143 10000 10000 10000 10000 10000 93 10000 79
19 19 38 10000 29 10000 14 10000 12 10000
20 54 10000 95 10000 10000 10000 36 10000 10000
21 50 10000 88 10000 10000 35 33 30 10000
22 40 10000 10000 60 10000 10000 26 24 10000
23 73 10000 10000 110 10000 10000 48 44 41
24 12 10000 10000 10000 15 10000 10000 10000 7
25 152 304 10000 10000 10000 107 10000 10000 10000
26 42 10000 10000 10000 10000 10000 28 10000 24
27 45 10000 10000 10000 57 10000 10000 10000 25
28 74 10000 10000 10000 93 52 10000 45 41
29 26 10000 10000 10000 10000 10000 10000 16 15
30 11 22 10000 10000 10000 8 10000 7 10000
31 31 10000 55 10000 39 22 21 10000 18
32 50 10000 10000 10000 10000 10000 10000 10000 10000
33 102 10000 10000 10000 128 10000 10000 10000 57
34 46 10000 10000 10000 10000 10000 30 10000 26
35 35 70 62 10000 10000 25 23 21 20
36 40 10000 10000 10000 50 10000 10000 24 22
37 2 4 10000 3 10000 2 2 2 2
38 1 10000 10000 10000 2 10000 10000 10000 1
39 3 10000 10000 10000 10000 3 2 10000 10000
40 13 10000 10000 10000 10000 10000 10000 8 10000
41 16 10000 10000 10000 10000 10000 10000 10 10000
42 25 10000 10000 38 10000 10000 10000 15 14
43 21 10000 37 10000 10000 10000 14 10000 12
44 43 10000 76 10000 10000 10000 28 26 10000
45 30 10000 10000 45 38 10000 10000 18 17
46 83 10000 10000 10000 10000 59 10000 10000 46
47 89 10000 156 10000 112 10000 58 54 49
48 56 10000 10000 10000 10000 10000 10000 10000 31
49 59 10000 10000 10000 10000 10000 10000 36 33
50 43 86 10000 10000 10000 31 28 10000 24
51 11 22 10000 17 10000 8 10000 7 10000
52 26 52 46 39 10000 19 17 16 10000
53 44 10000 77 10000 55 31 29 27 25
54 121 242 10000 10000 152 85 79 10000 67
55 38 10000 10000 10000 10000 27 10000 10000 10000
56 68 10000 10000 10000 10000 48 10000 10000 10000
57 22 44 39 33 10000 16 15 14 13
58 7 10000 10000 10000 10000 10000 10000 10000 10000
59 16 10000 10000 24 10000 12 11 10 10000
60 32 10000 10000 10000 10000 10000 10000 20 10000
61 25 10000 44 10000 10000 10000 17 10000 10000
62 27 54 10000 10000 34 19 10000 17 15
63 156 10000 273 10000 10000 10000 102 94 10000
64 28 10000 10000 10000 10000 20 10000 17 16
65 15 10000 10000 10000 19 10000 10000 9 9
66 26 10000 10000 10000 10000 10000 17 10000 15
67 18 36 10000 10000 10000 13 10000 10000 10000
68 72 10000 10000 10000 90 10000 10000 10000 40
69 23 10000 10000 10000 29 10000 15 14 13
70 27 54 48 10000 10000 19 18 10000 10000
<precedence relations>
1,2
1,41
1,69
1,70
2,3
3,4
3,68
4,6
4,7
5,6
5,24
5,30
6,8
7,8
8,12
9,10
10,11
11,12
12,13
12,14
13,23
14,23
15,16
16,17
16,18
17,19
18,19
19,20
19,22
19,57
20,21
21,23
22,23
23,25
23,31
23,33
24,25
25,26
25,27
25,28
25,29
26,35
27,35
28,35
29,35
30,31
31,32
32,35
33,34
34,35
35,36
35,44
35,48
35,51
35,53
35,56
35,60
35,61
35,62
36,37
37,38
38,39
39,40
40,42
41,42
42,43
43,50
44,45
45,46
46,47
47,50
48,49
49,50
51,52
52,54
53,54
54,55
57,58
58,59
59,60
61,65
62,63
63,64
64,65
64,66
64,67
<end>