<number of tasks>
75
<number of stations>
23
<type of the robots>
4
<cost of the robots>
10.76
13.57
15.80
24.71
<task times>
1 23 10000 10000 10000 10000 10000 10000 10000 10000
2 24 48 10000 36 30 17 10000 15 14
3 25 10000 44 10000 32 10000 17 10000 14
4 26 52 10000 10000 33 19 17 10000 15
5 23 10000 10000 10000 29 17 10000 14 13
6 22 10000 10000 10000 10000 16 10000 10000 10000
7 6 12 10000 10000 10000 5 4 10000 4
8 22 10000 39 10000 10000 10000 15 14 10000
9 23 10000 10000 10000 10000 17 10000 14 13
10 21 10000 10000 32 10000 10000 14 13 10000
11 22 10000 39 10000 28 10000 15 14 13
12 15 10000 10000 10000 10000 10000 10 10000 10000
13 5 10000 10000 10000 7 4 10000 3 3
14 23 10000 10000 10000 29 10000 15 14 13
15 4 10000 10000 10000 10000 10000 10000 10000 10000
16 26 10000 10000 39 10000 19 17 16 15
17 21 10000 10000 10000 10000 15 14 10000 12
18 5 10000 9 10000 10000 10000 4 10000 10000
19 24 10000 10000 36 10000 10000 10000 15 10000
20 25 10000 10000 10000 32 10000 17 10000 14
21 26 10000 10000 10000 10000 10000 10000 10000 15
22 26 10000 10000 10000 33 10000 10000 10000 15
23 24 48 10000 10000 10000 17 16 10000 10000
24 27 10000 10000 10000 34 10000 10000 10000 15
25 20 10000 10000 10000 10000 10000 10000 10000 10000
26 23 10000 10000 10000 10000 10000 10000 10000 10000
27 25 10000 10000 38 10000 10000 17 15 10000
28 13 10000 10000 10000 10000 10000 9 10000 10000
29 3 10000 10000 10000 10000 3 10000 2 2
30 11 10000 20 10000 14 10000 8 10000 7
31 21 10000 10000 10000 27 10000 14 10000 12
32 22 44 10000 33 28 16 10000 14 13
33 21 10000 10000 10000 10000 15 10000 10000 12
34 22 10000 10000 10000 10000 10000 10000 10000 10000
35 25 50 44 10000 32 18 17 10000 14
36 8 10000 14 12 10000 10000 6 5 5
37 22 10000 10000 10000 10000 10000 10000 14 10000
38 24 10000 10000 10000 30 10000 10000 10000 14
39 22 10000 10000 10000 28 10000 15 10000 13
40 21 10000 10000 10000 10000 10000 10000 10000 10000
41 6 12 11 10000 10000 5 4 10000 4
42 26 52 10000 39 33 19 17 16 15
43 22 10000 39 10000 10000 10000 15 14 10000
44 6 10000 10000 10000 10000 10000 4 10000 10000
45 21 10000 10000 10000 10000 10000 10000 10000 10000
46 25 10000 10000 38 10000 10000 17 15 10000
47 11 10000 10000 10000 14 10000 10000 10000 7
48 22 10000 10000 10000 10000 10000 10000 10000 10000
49 21 42 10000 10000 10000 15 10000 10000 12
50 25 50 10000 10000 10000 18 17 15 14
51 22 10000 10000 10000 28 10000 10000 14 13
52 22 44 10000 10000 28 16 10000 10000 13
53 23 46 10000 10000 29 17 15 14 13
54 22 44 10000 10000 10000 16 10000 14 13
55 22 10000 10000 33 10000 10000 10000 14 10000
56 25 10000 10000 10000 10000 10000 17 10000 14
57 23 46 10000 10000 29 17 10000 14 13
58 21 10000 37 32 10000 15 14 13 12
59 22 10000 10000 10000 10000 10000 10000 10000 10000
60 22 10000 39 10000 28 10000 15 10000 13
61 22 44 10000 10000 28 16 10000 10000 13
62 22 10000 10000 33 10000 10000 15 14 10000
63 21 10000 10000 10000 27 10000 14 10000 12
64 27 54 10000 41 10000 19 10000 17 10000
65 23 10000 10000 10000 29 10000 15 10000 13
66 2 10000 10000 10000 10000 2 10000 10000 2
67 26 10000 10000 10000 10000 10000 17 16 10000
68 25 10000 10000 38 10000 10000 10000 15 14
69 24 10000 10000 36 10000 10000 16 15 10000
70 22 10000 10000 10000 10000 10000 10000 10000 10000
71 24 10000 10000 36 10000 17 10000 15 14
72 4 8 7 10000 10000 3 3 3 3
73 22 10000 10000 10000 10000 10000 10000 14 10000
74 10 10000 10000 10000 10000 10000 10000 6 10000
75 25 10000 10000 10000 10000 10000 17 10000 10000
<precedence relations>
1,2
1,3
1,4
1,5
1,6
1,7
2,15
3,13
3,24
4,8
4,14
4,16
5,12
5,15
6,9
6,10
6,11
6,13
9,20
9,24
10,18
12,19
13,22
15,17
15,20
15,23
16,21
16,26
17,30
18,26
18,30
20,27
21,33
24,25
25,28
25,30
25,33
25,34
26,31
26,32
26,41
27,29
27,35
27,36
31,37
31,39
32,44
32,45
33,41
35,38
35,42
36,40
36,43
39,51
40,46
42,47
43,48
43,50
46,48
46,51
47,49
47,50
47,52
47,53
49,59
49,61
49,62
50,54
50,55
50,60
50,62
52,56
52,57
53,58
55,63
58,65
59,64
59,66
62,67
66,68
68,69
68,70
68,71
68,72
68,73
68,74
68,75
<end>