<number of tasks>
83
<number of stations>
16
<type of the robots>
4
<cost of the robots>
9.42
12.79
16.40
22.03
<task times>
1 1673 10000 10000 2510 10000 10000 1088 1004 921
2 985 10000 10000 10000 10000 10000 641 591 542
3 1836 3672 10000 10000 2295 1286 10000 1102 1010
4 973 10000 10000 10000 1217 10000 10000 584 536
5 1700 10000 10000 10000 10000 10000 10000 10000 10000
6 2881 5762 10000 10000 10000 2017 1873 10000 10000
7 2231 10000 3905 10000 10000 10000 1451 10000 10000
8 1040 10000 10000 10000 1300 728 10000 10000 572
9 1793 10000 10000 2690 2242 10000 10000 1076 987
10 1250 10000 10000 10000 10000 875 10000 750 10000
11 700 10000 1225 10000 10000 10000 455 10000 385
12 464 10000 10000 10000 580 10000 302 10000 256
13 500 1000 10000 10000 10000 350 325 10000 10000
14 1133 10000 10000 10000 10000 10000 10000 10000 624
15 577 10000 10000 866 722 10000 376 347 318
16 483 10000 10000 10000 10000 10000 10000 10000 10000
17 880 10000 1540 10000 10000 10000 572 528 10000
18 667 10000 10000 10000 834 10000 10000 401 367
19 600 10000 10000 900 10000 420 10000 360 10000
20 233 10000 408 10000 10000 10000 152 140 10000
21 408 10000 714 612 10000 10000 266 245 10000
22 847 10000 10000 1271 10000 593 10000 509 10000
23 767 10000 10000 10000 10000 10000 10000 10000 422
24 850 10000 10000 10000 10000 595 553 10000 10000
25 780 10000 10000 10000 10000 546 10000 10000 10000
26 912 10000 10000 10000 10000 10000 593 10000 502
27 748 10000 10000 10000 10000 524 10000 449 10000
28 1863 10000 10000 2795 10000 10000 10000 1118 1025
29 714 1428 10000 10000 10000 500 10000 10000 393
30 1004 10000 10000 10000 10000 10000 10000 603 10000
31 713 10000 10000 10000 10000 10000 10000 428 10000
32 642 10000 10000 963 10000 10000 10000 386 354
33 629 10000 10000 10000 10000 441 10000 378 346
34 1234 2468 10000 10000 1543 864 10000 10000 679
35 1143 2286 10000 10000 10000 801 10000 10000 10000
36 1266 10000 10000 1899 1583 10000 10000 760 697
37 792 10000 10000 10000 10000 10000 515 10000 436
38 1251 2502 10000 10000 10000 876 10000 751 689
39 1310 10000 10000 1965 1638 10000 852 786 721
40 663 1326 10000 10000 829 465 431 10000 365
41 494 10000 10000 10000 10000 346 10000 10000 10000
42 1288 10000 10000 1932 10000 10000 10000 773 10000
43 792 1584 1386 10000 10000 555 515 10000 10000
44 578 10000 10000 10000 10000 405 10000 10000 10000
45 594 10000 1040 10000 10000 10000 387 357 327
46 578 10000 10000 867 10000 10000 10000 347 10000
47 622 10000 10000 10000 778 10000 10000 10000 343
48 578 1156 10000 10000 10000 405 10000 347 10000
49 564 10000 10000 846 10000 10000 10000 339 311
50 578 10000 10000 10000 723 10000 10000 347 318
51 578 10000 10000 10000 723 10000 10000 347 318
52 578 1156 10000 10000 10000 405 10000 347 318
53 578 10000 10000 10000 10000 10000 10000 10000 10000
54 578 10000 10000 10000 723 10000 10000 10000 318
55 578 10000 1012 10000 10000 405 376 10000 10000
56 578 10000 1012 867 10000 405 376 347 318
57 578 10000 10000 867 10000 10000 376 347 318
58 578 10000 10000 10000 10000 10000 10000 10000 10000
59 578 10000 10000 10000 10000 10000 10000 10000 10000
60 578 10000 10000 10000 10000 10000 10000 347 10000
61 578 10000 1012 10000 723 10000 376 347 318
62 578 1156 10000 867 10000 405 376 347 10000
63 578 10000 10000 10000 10000 405 10000 10000 10000
64 578 10000 1012 10000 10000 10000 376 10000 318
65 578 10000 10000 867 10000 405 376 347 10000
66 578 10000 10000 10000 10000 10000 10000 10000 10000
67 578 10000 10000 10000 10000 10000 10000 10000 10000
68 578 10000 10000 10000 10000 405 10000 10000 318
69 467 10000 10000 10000 10000 327 10000 281 10000
70 887 10000 10000 1331 10000 621 10000 533 10000
71 396 10000 10000 10000 10000 10000 258 10000 10000
72 1296 2592 2268 10000 10000 908 843 10000 10000
73 1100 10000 1925 10000 1375 10000 715 660 605
74 2543 10000 10000 10000 3179 1781 10000 10000 1399
75 764 10000 10000 1146 10000 10000 10000 459 10000
76 357 10000 10000 10000 447 250 10000 10000 197
77 701 1402 1227 1052 10000 491 456 421 10000
78 1164 10000 10000 10000 1455 10000 757 10000 641
79 286 10000 10000 10000 10000 201 10000 10000 10000
80 2100 10000 3675 10000 10000 10000 1365 10000 1155
81 450 900 788 10000 10000 315 293 270 248
82 1300 10000 10000 10000 1625 910 10000 780 715
83 3691 10000 6460 5537 4614 2584 2400 2215 2031
<precedence relations>
1,2
2,3
2,4
2,5
3,6
4,6
4,7
5,8
6,9
6,10
7,11
8,77
8,78
9,12
10,13
10,14
10,25
11,15
12,16
13,17
13,18
13,20
14,19
15,20
15,39
16,77
16,78
17,21
17,22
17,28
18,23
19,24
20,26
21,27
22,27
23,74
24,28
24,29
25,32
26,74
27,69
28,32
29,30
30,31
31,39
32,33
32,34
32,35
32,36
33,37
34,77
34,78
35,77
35,78
36,38
36,39
37,40
38,41
39,42
39,43
39,44
39,75
40,77
40,78
41,45
42,77
42,78
43,77
43,78
44,46
45,47
46,48
47,49
48,50
49,69
50,51
51,52
52,53
53,54
54,55
55,56
56,57
57,58
58,59
59,60
60,61
61,62
62,63
63,64
64,65
65,66
66,67
67,68
68,74
68,75
69,70
69,71
70,72
71,73
72,73
73,74
73,75
74,76
75,76
76,77
76,78
77,79
78,79
79,80
79,81
80,82
81,83
82,83
<end>