<number of tasks>
83
<number of stations>
19
<type of the robots>
4
<cost of the robots>
10.02
13.44
16.27
21.58
<task times>
1 1673 10000 10000 10000 10000 10000 10000 1004 921
2 985 1970 10000 10000 10000 690 10000 10000 10000
3 1836 10000 10000 10000 10000 10000 1194 10000 10000
4 973 10000 10000 10000 10000 10000 633 584 10000
5 1700 10000 10000 10000 10000 10000 1105 10000 935
6 2881 5762 10000 10000 3602 2017 1873 10000 1585
7 2231 10000 10000 3347 10000 1562 10000 1339 10000
8 1040 10000 10000 10000 10000 10000 676 624 10000
9 1793 3586 10000 2690 10000 1256 10000 1076 987
10 1250 10000 10000 10000 1563 10000 10000 10000 688
11 700 10000 1225 10000 875 10000 455 420 385
12 464 10000 812 10000 580 325 302 10000 256
13 500 10000 10000 10000 10000 10000 10000 10000 10000
14 1133 10000 10000 10000 1417 10000 10000 10000 624
15 577 1154 10000 10000 10000 404 10000 10000 10000
16 483 10000 846 10000 10000 339 314 290 266
17 880 10000 10000 1320 1100 10000 10000 528 484
18 667 10000 10000 10000 10000 10000 10000 401 10000
19 600 10000 10000 10000 750 10000 390 10000 330
20 233 10000 10000 10000 10000 10000 10000 10000 129
21 408 10000 10000 10000 10000 10000 10000 10000 10000
22 847 1694 10000 10000 10000 593 10000 10000 466
23 767 10000 10000 10000 10000 537 499 10000 422
24 850 10000 10000 10000 10000 595 10000 510 10000
25 780 10000 10000 10000 10000 10000 507 10000 429
26 912 10000 10000 10000 10000 10000 593 548 10000
27 748 10000 10000 1122 935 10000 10000 449 412
28 1863 10000 3261 10000 2329 10000 1211 10000 1025
29 714 10000 10000 1071 10000 10000 10000 429 393
30 1004 10000 10000 10000 10000 703 10000 603 10000
31 713 10000 1248 1070 10000 500 464 428 393
32 642 10000 10000 963 10000 10000 418 386 354
33 629 10000 10000 10000 10000 441 10000 378 346
34 1234 10000 10000 1851 10000 10000 10000 741 679
35 1143 10000 10000 10000 1429 10000 743 10000 629
36 1266 10000 10000 10000 10000 887 823 10000 697
37 792 10000 10000 10000 10000 555 10000 476 10000
38 1251 2502 10000 10000 10000 876 10000 751 10000
39 1310 10000 10000 1965 1638 917 10000 786 721
40 663 10000 10000 10000 10000 10000 10000 10000 365
41 494 10000 10000 10000 10000 10000 322 297 10000
42 1288 2576 2254 10000 10000 902 838 773 10000
43 792 10000 10000 10000 990 10000 515 10000 436
44 578 10000 10000 10000 10000 10000 10000 10000 318
45 594 10000 1040 10000 743 10000 387 357 327
46 578 1156 10000 10000 723 405 10000 10000 318
47 622 10000 10000 10000 10000 436 10000 10000 10000
48 578 10000 10000 10000 10000 10000 376 10000 318
49 564 10000 987 846 10000 395 367 339 311
50 578 10000 1012 10000 10000 10000 376 10000 318
51 578 10000 10000 10000 10000 10000 376 347 10000
52 578 10000 1012 10000 10000 10000 376 347 318
53 578 10000 10000 10000 10000 10000 10000 10000 318
54 578 1156 10000 10000 723 405 10000 347 318
55 578 10000 10000 10000 723 10000 10000 10000 318
56 578 10000 1012 10000 10000 405 376 347 318
57 578 10000 10000 10000 723 10000 10000 10000 318
58 578 10000 10000 10000 10000 10000 10000 347 10000
59 578 10000 1012 10000 10000 10000 376 10000 318
60 578 10000 10000 10000 10000 10000 10000 347 10000
61 578 10000 10000 10000 10000 10000 10000 10000 10000
62 578 1156 10000 867 10000 405 376 347 318
63 578 10000 10000 10000 10000 10000 10000 347 318
64 578 10000 10000 867 723 10000 376 347 318
65 578 10000 10000 10000 10000 10000 10000 347 10000
66 578 10000 10000 10000 10000 10000 376 10000 318
67 578 10000 1012 10000 10000 10000 376 10000 10000
68 578 10000 1012 10000 10000 10000 376 347 10000
69 467 10000 818 10000 10000 10000 304 10000 10000
70 887 10000 10000 1331 10000 621 10000 533 10000
71 396 10000 10000 10000 10000 10000 10000 238 218
72 1296 2592 2268 10000 1620 908 843 10000 713
73 1100 2200 10000 10000 1375 770 10000 10000 605
74 2543 10000 10000 10000 10000 10000 10000 10000 1399
75 764 10000 10000 1146 10000 10000 10000 459 10000
76 357 10000 10000 536 10000 250 10000 215 10000
77 701 10000 10000 1052 10000 10000 10000 421 10000
78 1164 10000 10000 1746 10000 815 10000 699 10000
79 286 10000 10000 10000 10000 10000 186 10000 10000
80 2100 4200 10000 3150 10000 1470 10000 1260 1155
81 450 10000 10000 10000 10000 10000 10000 10000 10000
82 1300 10000 10000 10000 10000 910 10000 780 715
83 3691 10000 10000 10000 10000 2584 2400 10000 10000
<precedence relations>
1,2
2,3
2,4
2,5
3,6
4,6
4,7
5,8
6,9
6,10
7,11
8,77
8,78
9,12
10,13
10,14
10,25
11,15
12,16
13,17
13,18
13,20
14,19
15,20
15,39
16,77
16,78
17,21
17,22
17,28
18,23
19,24
20,26
21,27
22,27
23,74
24,28
24,29
25,32
26,74
27,69
28,32
29,30
30,31
31,39
32,33
32,34
32,35
32,36
33,37
34,77
34,78
35,77
35,78
36,38
36,39
37,40
38,41
39,42
39,43
39,44
39,75
40,77
40,78
41,45
42,77
42,78
43,77
43,78
44,46
45,47
46,48
47,49
48,50
49,69
50,51
51,52
52,53
53,54
54,55
55,56
56,57
57,58
58,59
59,60
60,61
61,62
62,63
63,64
64,65
65,66
66,67
67,68
68,74
68,75
69,70
69,71
70,72
71,73
72,73
73,74
73,75
74,76
75,76
76,77
76,78
77,79
78,79
79,80
79,81
80,82
81,83
82,83
<end>