<number of tasks>
20
<number of stations>
10
<order strength>
0.8
<type of the robots>
1
<upper bound>
1996
<robot flexibility>
0.2
<collaboration flexibility>
0.2
<number of robots>
2
<task times>
1 653 99999 99999
2 418 99999 99999
3 359 99999 99999
4 546 99999 99999
5 527 99999 99999
6 545 99999 99999
7 353 706 99999
8 500 99999 99999
9 304 99999 99999
10 768 1536 99999
11 181 362 126
12 408 99999 99999
13 455 99999 99999
14 548 99999 99999
15 586 99999 99999
16 618 99999 432
17 581 99999 406
18 657 99999 99999
19 503 1006 352
20 468 99999 99999
<precedence relations>
1,2
1,3
1,4
2,6
2,7
3,5
4,5
4,6
4,7
5,8
5,9
6,9
6,11
7,8
7,9
8,10
8,11
9,10
9,13
10,12
10,19
11,12
11,13
12,20
13,14
13,15
14,16
14,17
15,16
15,18
15,19
17,19
17,20
<end>
