<number of tasks>
100
<number of stations>
50
<order strength>
0.895
<type of the robots>
1
<upper bound>
2000
<robot flexibility>
0.2
<collaboration flexibility>
0.2
<number of robots>
20
<task times>
1 512 99999 99999
2 501 99999 99999
3 542 99999 99999
4 591 99999 413
5 423 99999 296
6 485 99999 99999
7 631 99999 99999
8 450 99999 99999
9 338 99999 99999
10 394 99999 99999
11 324 99999 99999
12 393 99999 99999
13 541 99999 99999
14 519 99999 99999
15 370 99999 99999
16 312 99999 99999
17 308 99999 99999
18 709 99999 99999
19 372 99999 99999
20 528 99999 99999
21 581 1162 406
22 578 99999 99999
23 752 1504 99999
24 505 99999 99999
25 460 920 99999
26 568 99999 397
27 601 99999 99999
28 475 99999 99999
29 447 99999 99999
30 675 99999 472
31 501 99999 99999
32 503 99999 99999
33 280 99999 99999
34 615 1230 99999
35 548 99999 99999
36 325 650 227
37 675 99999 99999
38 434 99999 99999
39 580 99999 406
40 304 99999 99999
41 363 726 99999
42 477 954 99999
43 573 99999 401
44 583 1166 99999
45 534 99999 99999
46 644 99999 99999
47 351 99999 99999
48 472 99999 99999
49 352 704 99999
50 560 99999 99999
51 566 99999 99999
52 421 99999 99999
53 456 99999 319
54 325 99999 99999
55 619 99999 99999
56 603 99999 99999
57 428 856 299
58 724 99999 506
59 575 1150 99999
60 637 1274 99999
61 586 1172 99999
62 323 99999 99999
63 741 99999 99999
64 446 99999 312
65 711 99999 99999
66 568 99999 99999
67 567 99999 99999
68 406 99999 99999
69 510 99999 99999
70 610 99999 427
71 406 812 99999
72 457 99999 99999
73 480 99999 99999
74 490 99999 99999
75 546 99999 99999
76 435 99999 99999
77 505 99999 99999
78 522 1044 99999
79 412 99999 99999
80 489 99999 342
81 540 99999 99999
82 522 99999 99999
83 543 99999 99999
84 341 99999 99999
85 558 1116 99999
86 482 964 99999
87 444 99999 99999
88 415 99999 99999
89 325 99999 99999
90 320 99999 224
91 676 99999 99999
92 652 99999 99999
93 628 1256 99999
94 564 1128 99999
95 447 99999 312
96 294 99999 205
97 439 99999 307
98 658 99999 460
99 495 99999 346
100 512 1024 99999
<precedence relations>
1,5
1,6
1,7
1,8
2,5
2,6
2,7
2,8
3,5
3,6
3,7
3,8
4,5
4,6
4,7
4,8
5,9
5,10
6,9
6,10
7,9
7,10
8,9
8,10
9,11
9,12
9,13
10,11
10,12
10,13
11,14
11,15
11,16
11,17
12,14
12,15
12,16
12,17
13,14
13,15
13,16
13,17
14,18
14,20
15,18
15,19
15,20
16,18
16,19
16,20
17,18
17,19
17,20
18,21
18,22
18,23
18,24
19,21
19,22
19,23
19,24
20,21
20,22
20,23
20,24
21,25
22,25
23,25
23,26
23,27
23,28
23,29
24,26
24,27
24,28
24,29
25,30
25,31
26,34
27,30
27,31
28,30
28,31
29,30
29,31
30,32
30,33
30,34
30,35
31,32
31,33
31,34
31,35
32,36
32,37
32,38
33,36
33,37
33,38
34,36
34,37
34,38
35,36
35,37
35,38
36,39
36,40
36,45
37,39
37,40
37,41
37,42
38,39
38,41
38,42
39,43
39,44
40,46
40,59
41,43
41,45
41,46
42,43
42,44
42,45
42,46
43,47
43,48
44,48
45,47
45,62
45,64
46,62
47,49
47,51
48,49
48,50
48,51
49,52
49,53
49,67
50,52
50,53
50,54
51,55
51,56
51,58
52,68
52,70
52,71
53,56
53,57
53,58
54,56
54,57
54,58
54,59
55,60
56,72
56,86
56,94
57,60
57,63
58,93
59,60
59,61
59,62
59,64
60,66
60,70
60,71
61,65
61,66
62,67
63,65
64,72
64,81
65,68
65,69
65,71
66,68
66,69
67,70
67,71
68,72
68,73
68,74
69,74
70,73
71,72
71,73
71,74
72,75
72,78
72,80
73,76
74,75
74,76
75,79
75,90
75,100
76,77
76,78
77,80
77,81
78,84
79,84
80,82
80,96
81,83
82,84
82,85
82,97
83,85
83,86
83,87
83,88
84,91
84,92
84,93
86,90
87,89
87,90
87,94
88,91
88,95
89,95
94,96
94,97
95,98
97,98
97,99
97,100
<end>
