<number of tasks>
100
<number of stations>
25
<order strength>
0.895
<type of the robots>
1
<upper bound>
1703
<robot flexibility>
0.4
<collaboration flexibility>
0.4
<number of robots>
10
<task times>
1 461 922 99999
2 326 99999 99999
3 176 99999 99999
4 26 99999 99999
5 183 366 128
6 130 260 99999
7 49 99999 99999
8 190 99999 99999
9 320 640 99999
10 280 99999 196
11 155 99999 99999
12 85 99999 99999
13 503 1006 99999
14 76 99999 99999
15 80 160 99999
16 330 660 99999
17 155 310 108
18 229 99999 160
19 114 99999 79
20 33 99999 23
21 493 99999 99999
22 222 444 155
23 48 99999 33
24 70 99999 99999
25 61 99999 99999
26 90 99999 99999
27 67 99999 99999
28 155 99999 99999
29 276 99999 99999
30 248 99999 173
31 529 99999 370
32 54 99999 37
33 505 1010 99999
34 31 62 21
35 249 498 99999
36 160 99999 112
37 519 1038 99999
38 68 99999 47
39 37 99999 99999
40 285 570 99999
41 512 99999 99999
42 223 446 99999
43 59 118 41
44 330 99999 231
45 139 99999 99999
46 78 99999 99999
47 42 84 29
48 215 99999 150
49 67 99999 46
50 371 99999 99999
51 126 99999 99999
52 348 99999 243
53 154 308 107
54 188 99999 99999
55 572 99999 99999
56 253 506 99999
57 310 99999 99999
58 557 1114 99999
59 175 99999 99999
60 219 438 99999
61 139 99999 97
62 57 99999 99999
63 187 99999 130
64 130 99999 91
65 74 148 99999
66 260 99999 99999
67 496 992 347
68 195 390 136
69 263 526 99999
70 306 612 214
71 34 99999 99999
72 124 99999 99999
73 262 524 99999
74 180 99999 99999
75 128 256 89
76 277 99999 99999
77 150 300 99999
78 169 338 118
79 399 99999 279
80 115 99999 80
81 448 896 99999
82 47 94 32
83 51 99999 35
84 193 386 99999
85 58 99999 40
86 125 99999 87
87 104 208 99999
88 290 580 99999
89 158 316 99999
90 507 99999 99999
91 177 99999 123
92 542 99999 379
93 593 99999 99999
94 132 99999 99999
95 129 258 99999
96 487 974 340
97 79 158 55
98 71 99999 99999
99 25 50 99999
100 118 99999 82
<precedence relations>
1,4
1,5
1,6
2,4
2,5
2,6
3,4
3,5
4,7
4,8
4,9
5,7
5,8
5,9
6,7
6,8
7,10
7,11
7,12
7,13
8,11
8,12
8,13
9,10
9,11
9,12
9,13
10,14
10,15
10,16
10,17
11,14
11,15
11,16
11,17
12,14
12,15
12,16
12,17
13,14
13,15
13,16
13,17
14,18
14,19
14,20
14,21
14,22
15,18
15,19
15,20
15,21
15,22
16,18
16,19
16,20
16,21
16,22
17,18
17,19
17,21
18,23
19,23
19,24
19,25
19,26
20,30
20,32
21,23
21,24
21,26
22,23
22,24
22,25
22,26
23,27
23,28
24,27
24,33
25,27
25,28
26,27
26,28
27,29
27,31
27,36
28,29
28,30
28,31
28,32
29,34
29,35
29,37
30,33
30,34
30,35
30,36
30,37
31,37
31,39
32,33
32,39
33,38
33,40
34,40
35,38
35,39
35,40
36,38
36,39
36,40
37,38
37,40
38,41
38,42
38,43
39,41
39,42
39,43
40,41
40,42
40,43
41,44
41,45
41,46
42,44
42,45
42,46
43,44
43,45
43,46
44,70
45,47
45,48
45,49
46,47
46,48
47,70
48,51
48,52
49,50
49,51
49,52
50,53
50,54
50,55
51,53
51,54
51,55
52,53
52,54
52,55
53,57
54,56
54,66
55,56
56,60
57,58
57,59
57,60
58,61
58,62
58,63
59,61
59,62
59,63
60,61
61,64
61,65
61,67
62,67
62,70
63,64
63,65
63,66
63,67
64,68
64,69
64,70
64,71
65,68
65,69
65,71
66,70
66,75
67,71
67,73
67,84
68,75
69,74
69,76
69,80
70,72
70,73
70,76
70,79
71,75
72,93
73,77
73,81
74,79
75,78
75,83
75,85
76,78
76,94
77,80
78,81
79,82
80,94
80,100
82,83
82,84
82,85
83,87
83,88
83,90
84,90
85,86
85,89
86,97
87,92
87,94
87,99
88,91
88,93
88,100
91,96
92,95
92,97
94,97
95,100
96,98
96,99
<end>
