<number of tasks>
100
<number of stations>
25
<order strength>
0.895
<type of the robots>
1
<upper bound>
2142
<robot flexibility>
0.4
<collaboration flexibility>
0.4
<number of robots>
10
<task times>
1 197 394 99999
2 144 99999 100
3 183 366 128
4 318 636 99999
5 74 148 99999
6 146 99999 99999
7 87 99999 60
8 224 99999 156
9 215 99999 99999
10 473 99999 99999
11 291 99999 99999
12 400 800 280
13 538 1076 99999
14 495 99999 99999
15 539 1078 99999
16 55 110 99999
17 94 99999 99999
18 277 99999 99999
19 606 99999 99999
20 182 99999 127
21 53 99999 99999
22 349 698 99999
23 210 420 99999
24 136 272 99999
25 130 260 99999
26 286 572 99999
27 278 99999 99999
28 95 99999 99999
29 55 110 38
30 65 130 99999
31 253 99999 99999
32 505 1010 99999
33 73 146 99999
34 98 196 99999
35 231 99999 161
36 186 372 99999
37 373 746 99999
38 217 99999 151
39 232 99999 99999
40 124 248 86
41 376 752 99999
42 130 99999 91
43 464 928 99999
44 579 1158 405
45 242 484 99999
46 128 99999 99999
47 34 99999 23
48 275 550 192
49 23 99999 16
50 484 99999 338
51 88 176 61
52 159 99999 99999
53 317 99999 99999
54 286 99999 99999
55 281 99999 99999
56 28 99999 99999
57 161 99999 112
58 75 99999 52
59 124 248 99999
60 446 892 312
61 457 914 99999
62 611 1222 99999
63 310 99999 99999
64 175 99999 122
65 258 99999 99999
66 147 294 99999
67 537 99999 375
68 279 99999 99999
69 513 99999 359
70 108 99999 99999
71 558 99999 390
72 101 99999 70
73 518 1036 362
74 224 99999 99999
75 275 99999 192
76 239 478 167
77 193 99999 99999
78 490 99999 343
79 543 99999 99999
80 158 99999 99999
81 221 99999 154
82 192 384 134
83 458 916 320
84 502 99999 99999
85 268 99999 187
86 326 99999 228
87 169 99999 99999
88 202 99999 99999
89 278 99999 194
90 180 99999 126
91 546 99999 99999
92 46 99999 32
93 434 99999 99999
94 220 440 154
95 136 99999 95
96 447 99999 99999
97 420 840 99999
98 207 99999 144
99 150 300 99999
100 490 980 99999
<precedence relations>
1,5
1,6
1,7
2,5
2,6
2,7
3,5
3,6
3,7
4,5
4,6
4,7
5,8
5,9
6,8
6,9
7,8
7,9
8,10
8,11
8,12
8,13
9,10
9,11
9,12
9,13
10,14
10,15
10,16
11,14
11,15
11,16
12,14
12,15
12,16
13,14
13,15
13,16
14,17
14,18
14,19
14,20
14,21
15,17
15,18
15,19
15,20
15,21
16,17
16,18
16,19
16,20
16,21
17,22
17,23
18,22
18,23
19,22
19,23
20,22
20,23
21,22
21,23
22,24
22,25
22,26
23,24
23,25
23,26
24,27
24,28
24,29
24,30
25,27
25,28
25,29
25,30
26,27
26,28
26,29
26,30
27,31
27,32
27,33
27,34
28,31
28,32
28,33
28,34
29,31
29,32
29,33
29,34
30,31
30,32
30,33
30,34
31,35
31,36
32,35
32,36
33,35
33,36
34,35
34,36
35,37
35,38
36,37
36,38
37,39
37,40
37,41
37,42
38,39
38,40
38,41
38,42
39,43
39,44
39,45
40,43
40,44
40,45
41,43
41,44
41,45
42,43
42,44
42,45
43,49
43,59
44,46
44,47
44,48
45,46
45,48
46,49
46,50
47,49
47,51
47,64
48,49
48,50
48,52
49,68
50,53
50,56
50,68
51,53
51,57
51,61
52,54
52,55
53,69
53,80
54,83
54,86
54,87
55,58
55,59
56,64
56,66
56,70
56,76
57,79
58,62
59,60
59,61
59,65
60,63
60,64
60,79
61,66
61,67
62,63
62,64
62,65
62,66
62,67
63,69
63,70
63,71
64,80
65,70
66,69
66,83
66,87
67,68
68,70
68,71
68,72
69,91
69,94
69,95
70,73
70,78
71,83
72,73
72,74
73,77
73,83
74,75
74,76
74,77
74,78
74,79
75,80
76,80
77,81
78,89
78,93
79,82
80,84
81,84
81,85
81,86
82,83
82,84
82,85
82,86
83,88
83,89
83,90
84,87
84,88
84,89
84,90
85,87
85,95
86,92
87,92
87,94
87,96
88,91
88,99
89,92
89,95
89,96
90,93
90,94
90,95
91,100
93,96
93,97
94,98
94,100
95,97
95,99
<end>
