<number of tasks>
20
<number of stations>
10
<order strength>
0.2
<type of the robots>
1
<upper bound>
574
<robot flexibility>
0.2
<collaboration flexibility>
0.2
<number of robots>
4
<task times>
1 140 99999 99999
2 104 99999 99999
3 98 196 99999
4 82 99999 99999
5 86 172 99999
6 216 99999 99999
7 246 99999 99999
8 262 99999 183
9 228 456 99999
10 162 99999 113
11 106 99999 99999
12 177 99999 99999
13 38 99999 99999
14 145 99999 99999
15 33 66 99999
16 139 99999 97
17 87 99999 99999
18 44 99999 99999
19 173 99999 99999
20 299 99999 209
<precedence relations>
1,6
1,7
4,9
5,8
6,10
7,13
8,11
8,12
9,14
10,17
11,15
12,16
13,17
14,18
15,19
16,19
18,20
<end>
