<number of tasks>
100
<number of stations>
25
<order strength>
0.895
<type of the robots>
1
<upper bound>
1101
<robot flexibility>
0.2
<collaboration flexibility>
0.2
<number of robots>
0
<task times>
1 72 99999 99999
2 79 99999 99999
3 86 99999 99999
4 106 99999 99999
5 116 99999 81
6 196 392 137
7 201 99999 99999
8 201 99999 99999
9 122 99999 99999
10 134 268 99999
11 206 99999 144
12 143 99999 99999
13 63 99999 99999
14 68 136 99999
15 49 99999 99999
16 310 99999 99999
17 209 99999 99999
18 111 99999 99999
19 132 99999 92
20 71 99999 99999
21 43 86 30
22 344 99999 240
23 95 99999 99999
24 222 99999 99999
25 124 99999 99999
26 80 99999 99999
27 93 99999 99999
28 194 99999 99999
29 103 99999 99999
30 102 99999 99999
31 207 99999 99999
32 131 99999 99999
33 139 278 99999
34 23 46 99999
35 129 99999 99999
36 225 450 99999
37 92 99999 99999
38 256 512 99999
39 100 99999 99999
40 176 99999 99999
41 278 99999 194
42 70 99999 49
43 248 99999 99999
44 122 99999 85
45 169 99999 99999
46 29 58 99999
47 95 99999 99999
48 244 488 99999
49 98 196 68
50 167 99999 99999
51 264 99999 99999
52 262 524 183
53 148 296 99999
54 54 99999 37
55 58 116 99999
56 173 99999 99999
57 68 99999 99999
58 87 99999 99999
59 186 99999 99999
60 190 99999 99999
61 50 100 35
62 197 99999 137
63 103 99999 99999
64 108 99999 99999
65 180 99999 99999
66 105 99999 99999
67 95 99999 99999
68 71 99999 99999
69 267 99999 99999
70 345 99999 99999
71 47 99999 99999
72 109 99999 99999
73 131 262 99999
74 120 99999 99999
75 62 99999 99999
76 74 99999 99999
77 175 350 99999
78 105 99999 99999
79 167 99999 116
80 177 99999 99999
81 275 99999 192
82 101 99999 70
83 277 99999 99999
84 37 99999 99999
85 96 99999 99999
86 158 99999 99999
87 93 99999 99999
88 59 118 99999
89 23 99999 99999
90 173 346 99999
91 187 99999 99999
92 128 99999 99999
93 131 99999 99999
94 230 99999 99999
95 42 99999 29
96 23 99999 99999
97 77 154 99999
98 94 99999 65
99 238 99999 166
100 69 99999 99999
<precedence relations>
1,3
1,4
1,5
1,6
1,7
2,3
2,4
2,5
2,6
2,7
3,8
4,8
5,8
6,8
7,8
8,9
8,10
8,11
8,12
8,13
9,14
9,15
9,16
9,17
9,18
10,14
10,15
10,16
10,17
10,18
11,14
11,15
11,16
11,17
11,18
12,14
12,15
12,16
12,17
12,18
13,14
13,15
13,16
13,17
13,18
14,19
14,20
14,21
15,19
15,20
15,21
16,19
16,20
16,21
17,19
17,20
17,21
18,19
18,20
18,21
19,22
19,23
19,24
19,25
20,22
20,23
20,24
20,25
21,22
21,23
21,25
22,26
22,27
22,28
23,100
24,39
25,36
25,40
26,29
26,30
26,31
27,29
27,30
27,31
28,29
28,30
28,31
29,32
29,33
29,34
29,35
30,32
30,33
30,34
30,35
31,32
31,33
31,34
31,35
32,36
32,37
32,38
32,39
32,40
33,36
33,37
33,38
33,39
33,40
34,36
34,37
34,38
34,39
34,40
35,36
35,37
35,38
35,40
36,41
36,42
36,43
37,41
37,45
38,42
38,43
39,41
39,42
39,43
40,41
40,42
40,43
41,46
41,47
42,44
42,45
42,46
42,47
43,44
43,45
43,46
43,47
44,48
44,49
45,48
45,49
46,48
46,49
47,48
47,49
48,50
48,51
48,52
49,50
49,51
49,52
50,53
50,54
50,55
50,56
51,53
51,54
51,55
51,56
52,53
52,54
53,66
54,57
54,58
54,59
54,60
55,57
55,59
56,62
56,68
56,78
57,63
58,64
59,61
60,62
60,63
60,68
61,65
61,67
61,68
62,71
62,81
63,65
63,67
64,65
64,66
64,68
65,69
65,71
66,70
66,75
67,69
67,70
67,71
68,80
68,81
69,72
69,76
70,72
70,74
71,73
71,75
72,77
72,78
73,85
74,83
75,76
76,79
76,80
77,81
77,83
78,81
78,93
79,83
79,85
80,84
80,86
81,82
81,84
82,87
83,95
84,94
84,95
85,86
85,88
86,89
87,91
87,92
88,90
89,93
89,94
90,95
91,94
93,96
94,96
94,98
95,97
95,99
96,100
98,100
99,100
<end>
