<number of tasks>
50
<number of stations>
13
<order strength>
0.2
<type of the robots>
1
<upper bound>
1145
<robot flexibility>
0.2
<collaboration flexibility>
0.2
<number of robots>
5
<task times>
1 51 99999 99999
2 70 140 99999
3 63 99999 99999
4 173 99999 99999
5 37 99999 99999
6 89 99999 99999
7 59 118 99999
8 209 99999 99999
9 200 99999 99999
10 138 276 99999
11 97 194 99999
12 162 324 99999
13 258 99999 99999
14 161 322 99999
15 183 99999 99999
16 177 99999 99999
17 70 99999 99999
18 108 216 99999
19 171 99999 99999
20 85 99999 59
21 286 99999 200
22 146 99999 99999
23 153 99999 107
24 202 99999 99999
25 221 99999 99999
26 109 99999 99999
27 114 99999 79
28 187 99999 99999
29 375 99999 99999
30 180 99999 99999
31 167 99999 99999
32 73 99999 99999
33 207 99999 144
34 199 99999 99999
35 80 99999 56
36 166 99999 116
37 106 212 99999
38 77 154 99999
39 193 99999 99999
40 212 99999 99999
41 97 99999 99999
42 135 99999 94
43 70 99999 49
44 287 99999 99999
45 131 99999 99999
46 177 99999 99999
47 271 99999 99999
48 36 99999 99999
49 71 142 49
50 150 99999 99999
<precedence relations>
1,9
2,10
3,11
4,8
4,12
4,13
5,13
6,14
6,15
6,21
7,44
7,48
8,16
9,17
10,18
11,21
12,20
13,19
13,22
13,35
14,49
15,49
16,27
17,23
18,26
19,24
20,25
21,28
22,40
22,44
23,29
24,30
25,32
26,31
27,33
27,35
27,36
27,43
28,34
29,37
30,38
31,39
34,40
34,43
36,49
36,50
37,42
38,41
39,43
39,44
41,46
42,45
43,47
43,48
43,49
43,50
44,46
<end>
