<number of tasks>
20
<number of stations>
5
<order strength>
0.2
<type of the robots>
1
<upper bound>
1141
<robot flexibility>
0.2
<collaboration flexibility>
0.2
<number of robots>
1
<task times>
1 26 99999 18
2 235 470 99999
3 216 99999 99999
4 92 99999 99999
5 233 99999 99999
6 72 99999 99999
7 237 474 165
8 152 99999 99999
9 57 99999 39
10 122 99999 99999
11 190 99999 99999
12 134 99999 99999
13 333 666 99999
14 208 99999 99999
15 58 99999 40
16 109 99999 99999
17 51 102 99999
18 143 99999 99999
19 82 99999 99999
20 100 99999 99999
<precedence relations>
2,7
3,5
3,6
3,8
5,9
5,10
6,11
6,12
6,13
10,15
10,17
12,14
12,16
16,19
16,20
17,18
<end>
