<number of tasks>
20
<number of stations>
10
<order strength>
0.2
<type of the robots>
1
<upper bound>
1735
<robot flexibility>
0.4
<collaboration flexibility>
0.4
<number of robots>
4
<task times>
1 458 99999 99999
2 327 99999 99999
3 363 726 254
4 555 99999 388
5 294 99999 99999
6 373 99999 261
7 463 99999 99999
8 413 99999 99999
9 413 826 99999
10 332 99999 99999
11 330 99999 99999
12 432 99999 302
13 629 99999 99999
14 517 1034 361
15 576 1152 403
16 458 916 320
17 464 99999 324
18 608 1216 99999
19 278 556 99999
20 391 782 99999
<precedence relations>
1,5
2,6
3,8
4,7
4,9
5,10
6,13
7,11
8,12
10,16
11,14
12,15
14,17
15,18
16,19
16,20
<end>
