<number of tasks>
100
<number of stations>
25
<order strength>
0.201
<type of the robots>
1
<upper bound>
3916
<robot flexibility>
0.2
<collaboration flexibility>
0.2
<number of robots>
5
<task times>
1 530 99999 99999
2 616 99999 431
3 538 99999 376
4 496 99999 99999
5 418 836 99999
6 364 99999 99999
7 326 99999 99999
8 501 99999 99999
9 543 99999 99999
10 583 99999 99999
11 383 99999 99999
12 516 99999 99999
13 514 99999 99999
14 319 638 99999
15 520 99999 99999
16 602 99999 99999
17 397 99999 99999
18 576 99999 99999
19 354 99999 99999
20 626 99999 99999
21 506 1012 99999
22 628 1256 439
23 399 99999 99999
24 641 99999 99999
25 411 99999 99999
26 454 99999 99999
27 586 99999 99999
28 656 99999 99999
29 716 99999 99999
30 547 99999 99999
31 528 99999 99999
32 197 394 99999
33 520 99999 364
34 387 99999 99999
35 463 926 99999
36 509 1018 99999
37 370 740 99999
38 522 99999 99999
39 510 99999 99999
40 529 99999 370
41 632 1264 99999
42 505 99999 99999
43 521 99999 99999
44 409 99999 99999
45 197 99999 99999
46 642 1284 99999
47 289 578 202
48 612 99999 428
49 459 99999 99999
50 516 99999 99999
51 535 99999 374
52 619 99999 99999
53 411 99999 99999
54 639 99999 99999
55 535 99999 99999
56 666 99999 99999
57 234 99999 99999
58 444 888 99999
59 418 836 99999
60 317 634 99999
61 842 99999 589
62 573 99999 99999
63 620 1240 99999
64 646 99999 452
65 524 99999 366
66 513 99999 99999
67 490 99999 99999
68 508 1016 99999
69 645 99999 99999
70 394 99999 99999
71 302 99999 99999
72 324 99999 226
73 503 99999 352
74 417 99999 99999
75 401 99999 99999
76 546 99999 99999
77 504 99999 352
78 460 99999 322
79 536 99999 375
80 392 99999 99999
81 484 99999 99999
82 630 99999 99999
83 364 99999 99999
84 438 99999 99999
85 269 99999 99999
86 378 756 99999
87 374 99999 99999
88 545 99999 99999
89 671 99999 469
90 517 99999 99999
91 688 99999 481
92 646 99999 99999
93 311 622 217
94 405 99999 99999
95 369 99999 258
96 523 99999 99999
97 513 99999 99999
98 340 680 99999
99 509 1018 99999
100 427 99999 99999
<precedence relations>
1,17
2,17
3,40
4,11
4,12
5,8
5,9
5,13
5,14
6,15
7,10
7,16
8,17
9,17
10,17
11,17
12,22
13,19
13,26
13,27
13,81
14,18
14,20
14,24
14,25
15,71
15,96
16,21
16,23
17,28
17,29
17,30
17,31
17,32
17,33
17,34
17,35
17,36
17,37
17,38
17,39
18,40
19,40
20,40
21,40
22,41
23,42
23,44
25,45
27,43
28,54
30,88
32,97
37,72
40,46
40,47
40,48
40,49
40,50
40,51
40,52
40,53
41,55
42,56
45,91
46,58
46,62
48,79
49,61
50,66
54,57
55,60
56,59
57,65
58,64
59,63
61,67
61,68
62,66
63,69
64,71
65,70
65,72
65,74
66,73
67,79
68,75
69,76
70,78
71,83
72,77
72,80
74,81
74,100
75,79
75,82
75,84
76,88
77,86
78,87
79,85
79,91
80,89
83,90
84,96
85,92
86,93
87,95
88,94
88,96
88,97
91,99
92,99
93,99
94,98
95,99
97,100
<end>
