<number of tasks>
100
<number of stations>
50
<order strength>
0.199
<type of the robots>
1
<upper bound>
559
<robot flexibility>
0.2
<collaboration flexibility>
0.2
<number of robots>
0
<task times>
1 47 99999 99999
2 54 99999 99999
3 170 99999 99999
4 186 372 99999
5 197 394 99999
6 77 99999 53
7 212 99999 99999
8 185 99999 129
9 175 99999 99999
10 55 99999 38
11 151 302 99999
12 152 99999 99999
13 259 99999 99999
14 247 99999 99999
15 207 414 99999
16 32 99999 99999
17 106 99999 99999
18 144 99999 99999
19 84 168 58
20 34 99999 99999
21 155 99999 99999
22 65 99999 99999
23 121 99999 99999
24 165 99999 99999
25 109 218 99999
26 32 99999 99999
27 129 99999 99999
28 165 99999 99999
29 225 99999 99999
30 43 99999 99999
31 33 99999 99999
32 62 99999 99999
33 174 99999 99999
34 144 99999 100
35 110 99999 99999
36 183 99999 128
37 56 99999 99999
38 29 99999 99999
39 78 156 99999
40 27 99999 99999
41 237 99999 99999
42 98 99999 99999
43 269 99999 99999
44 48 99999 99999
45 192 384 99999
46 105 99999 99999
47 147 99999 99999
48 224 99999 99999
49 141 99999 98
50 125 99999 99999
51 160 99999 99999
52 282 99999 99999
53 191 382 99999
54 119 99999 99999
55 115 99999 99999
56 166 99999 99999
57 182 99999 127
58 218 436 99999
59 111 222 77
60 189 99999 99999
61 96 192 67
62 62 99999 43
63 112 99999 78
64 121 99999 99999
65 74 99999 99999
66 173 99999 99999
67 193 99999 99999
68 127 99999 99999
69 103 99999 99999
70 142 99999 99
71 98 99999 99999
72 271 99999 189
73 248 99999 99999
74 146 99999 99999
75 99 99999 69
76 131 262 99999
77 222 99999 99999
78 74 148 51
79 54 99999 99999
80 183 99999 99999
81 109 99999 99999
82 255 510 99999
83 218 99999 99999
84 154 99999 99999
85 26 99999 99999
86 65 99999 99999
87 216 99999 99999
88 35 70 99999
89 209 99999 146
90 29 99999 99999
91 208 99999 99999
92 34 99999 99999
93 115 99999 80
94 199 398 139
95 110 220 99999
96 147 294 99999
97 209 418 99999
98 322 99999 99999
99 135 99999 99999
100 242 99999 169
<precedence relations>
1,9
1,13
2,8
2,10
2,14
2,16
3,17
3,93
4,7
5,10
5,11
5,12
5,67
6,15
6,16
6,41
7,18
8,70
8,81
10,22
10,59
11,20
11,23
12,21
12,25
12,26
13,24
15,19
17,20
17,66
18,26
18,31
19,30
19,46
20,32
20,65
21,28
22,27
22,68
22,74
25,29
26,39
28,36
28,38
29,34
30,37
30,40
30,76
31,33
31,35
31,41
33,59
33,98
33,100
34,42
34,89
35,46
35,49
35,73
38,44
39,43
40,45
40,47
40,48
42,50
44,52
44,54
45,55
45,57
46,51
46,56
48,53
48,79
50,60
50,64
51,62
52,72
53,60
53,93
54,58
54,61
55,70
57,59
57,63
57,65
58,70
59,71
61,68
61,79
62,69
63,66
63,67
63,98
64,69
64,72
64,78
65,79
66,75
66,79
67,73
68,76
68,77
68,78
69,80
70,74
73,92
74,84
74,88
75,87
76,85
77,82
78,82
78,86
79,81
79,82
79,83
79,89
80,90
81,96
82,99
83,91
83,92
84,94
85,93
87,100
88,94
90,95
90,97
90,98
<end>
