<number of tasks>
20
<number of stations>
5
<order strength>
0.2
<type of the robots>
1
<upper bound>
1678
<robot flexibility>
0.2
<collaboration flexibility>
0.2
<number of robots>
0
<task times>
1 37 74 99999
2 264 99999 184
3 172 99999 99999
4 49 99999 99999
5 220 99999 99999
6 296 99999 99999
7 192 99999 99999
8 135 99999 94
9 34 99999 99999
10 118 236 99999
11 307 99999 99999
12 241 99999 99999
13 49 98 99999
14 56 99999 39
15 59 99999 99999
16 565 99999 99999
17 499 99999 349
18 191 382 99999
19 241 99999 99999
20 468 99999 99999
<precedence relations>
1,7
2,8
4,9
5,6
8,11
9,10
9,12
10,13
10,16
11,15
12,14
14,19
14,20
15,18
16,17
<end>
