<number of tasks>
100
<number of stations>
25
<order strength>
0.895
<type of the robots>
1
<upper bound>
4204
<robot flexibility>
0.4
<collaboration flexibility>
0.4
<number of robots>
10
<task times>
1 604 1208 99999
2 583 1166 99999
3 649 99999 99999
4 474 99999 331
5 254 99999 99999
6 605 99999 99999
7 458 916 320
8 566 1132 396
9 561 99999 392
10 410 820 287
11 492 99999 99999
12 612 99999 428
13 763 99999 99999
14 424 99999 296
15 594 99999 99999
16 547 1094 382
17 665 1330 99999
18 515 1030 360
19 638 1276 99999
20 743 99999 99999
21 482 964 99999
22 334 668 233
23 807 1614 564
24 473 99999 99999
25 503 99999 99999
26 542 1084 99999
27 433 99999 99999
28 766 1532 99999
29 519 99999 99999
30 790 1580 99999
31 486 972 99999
32 480 960 336
33 600 99999 99999
34 506 99999 99999
35 368 99999 99999
36 464 928 324
37 453 99999 99999
38 471 99999 329
39 677 1354 473
40 482 99999 337
41 613 1226 429
42 417 99999 99999
43 380 760 99999
44 529 99999 370
45 466 99999 99999
46 592 99999 99999
47 530 99999 371
48 511 1022 357
49 427 99999 298
50 296 99999 99999
51 574 1148 99999
52 483 99999 99999
53 312 624 218
54 227 99999 99999
55 572 99999 400
56 337 99999 235
57 847 99999 592
58 427 99999 99999
59 442 884 99999
60 934 1868 99999
61 451 99999 99999
62 460 99999 99999
63 503 99999 99999
64 310 620 217
65 633 99999 99999
66 646 1292 99999
67 554 99999 99999
68 697 99999 99999
69 520 99999 364
70 415 99999 290
71 366 99999 256
72 572 99999 99999
73 583 99999 99999
74 432 99999 99999
75 558 99999 390
76 430 99999 99999
77 716 99999 99999
78 436 99999 305
79 483 966 338
80 680 1360 99999
81 634 1268 443
82 398 99999 278
83 719 99999 99999
84 460 99999 99999
85 312 99999 218
86 724 1448 506
87 362 724 99999
88 499 998 99999
89 631 1262 99999
90 541 1082 99999
91 536 1072 99999
92 419 99999 99999
93 552 1104 99999
94 596 99999 417
95 655 1310 458
96 464 99999 324
97 319 638 99999
98 574 99999 99999
99 496 99999 347
100 501 99999 99999
<precedence relations>
1,4
1,5
1,6
2,4
2,5
2,6
3,4
3,5
3,6
4,7
4,8
4,9
5,7
5,8
5,9
6,7
6,8
6,9
7,10
7,11
7,12
8,10
8,11
8,12
9,10
9,11
9,12
10,13
10,14
11,13
11,14
12,13
12,14
13,15
13,16
13,17
13,18
14,15
14,16
14,17
14,18
15,19
15,20
15,21
15,22
16,19
16,20
16,21
16,22
17,19
17,20
17,21
17,22
18,19
18,20
18,21
18,22
19,23
19,24
19,25
19,26
20,23
20,24
20,25
20,26
21,23
21,24
21,25
21,26
22,23
22,24
22,25
22,26
23,27
23,28
23,29
23,30
24,27
24,28
24,29
24,30
25,40
26,27
26,28
27,31
27,32
27,33
27,35
28,31
28,34
29,31
29,35
30,31
30,32
30,33
30,34
30,35
31,36
31,37
32,36
32,37
33,36
33,37
34,36
34,37
35,36
35,58
36,38
37,39
37,40
37,41
38,51
39,42
40,42
40,43
40,52
41,42
41,43
41,44
42,45
42,46
42,49
43,45
43,46
43,48
44,45
44,46
44,47
44,48
45,56
45,59
45,63
46,50
46,53
47,50
47,51
47,52
48,53
49,76
49,79
50,54
50,55
51,53
51,55
52,53
52,54
53,56
53,57
54,56
54,57
54,58
54,59
55,59
56,60
56,61
56,67
57,60
57,61
57,62
57,63
58,90
58,97
59,61
60,65
61,65
61,69
62,64
62,65
63,64
63,65
64,66
64,67
64,68
64,69
65,66
65,68
66,70
66,71
66,72
66,73
67,70
67,71
68,73
68,77
68,81
69,80
69,90
70,89
70,91
71,74
71,76
71,81
72,74
72,75
73,76
74,77
74,84
74,86
75,78
75,79
76,82
76,85
77,80
77,93
78,81
78,95
79,82
80,85
81,83
81,88
82,84
82,86
83,94
83,98
83,99
85,87
85,94
85,96
86,87
86,88
87,89
88,90
88,91
89,95
89,99
90,92
90,93
90,94
91,94
91,96
91,97
92,98
92,99
93,99
94,100
<end>
