<number of tasks>
100
<number of stations>
50
<order strength>
0.895
<type of the robots>
1
<upper bound>
526
<robot flexibility>
0.4
<collaboration flexibility>
0.4
<number of robots>
10
<task times>
1 128 99999 89
2 145 99999 101
3 291 582 203
4 58 99999 40
5 62 124 99999
6 230 460 99999
7 159 318 99999
8 163 99999 99999
9 80 160 99999
10 214 99999 99999
11 173 99999 121
12 54 108 99999
13 49 98 99999
14 269 99999 99999
15 166 332 99999
16 73 146 99999
17 206 99999 99999
18 151 302 105
19 112 224 99999
20 57 114 99999
21 69 99999 99999
22 142 99999 99
23 55 110 38
24 72 144 99999
25 148 99999 103
26 131 262 99999
27 159 99999 111
28 79 99999 55
29 77 99999 53
30 224 99999 99999
31 149 99999 99999
32 136 99999 95
33 158 99999 110
34 175 99999 122
35 60 99999 42
36 161 322 112
37 160 320 112
38 230 460 99999
39 137 99999 95
40 149 99999 99999
41 104 99999 72
42 42 84 99999
43 268 99999 99999
44 87 174 99999
45 93 99999 99999
46 236 99999 99999
47 29 99999 20
48 68 136 99999
49 77 99999 99999
50 48 96 33
51 83 99999 99999
52 174 99999 121
53 127 254 88
54 137 99999 99999
55 208 416 99999
56 58 116 40
57 237 99999 99999
58 123 99999 99999
59 210 99999 99999
60 268 536 99999
61 77 99999 99999
62 26 99999 99999
63 27 54 99999
64 187 99999 99999
65 55 99999 99999
66 192 99999 99999
67 113 99999 99999
68 149 298 104
69 154 99999 107
70 41 99999 99999
71 111 99999 99999
72 80 99999 56
73 66 99999 46
74 172 99999 120
75 53 106 99999
76 178 99999 99999
77 183 366 99999
78 210 420 99999
79 70 99999 49
80 86 99999 60
81 167 99999 116
82 228 99999 99999
83 128 99999 99999
84 161 322 99999
85 82 99999 99999
86 215 430 99999
87 96 99999 99999
88 66 99999 46
89 223 446 99999
90 278 99999 194
91 77 154 53
92 29 58 99999
93 25 99999 99999
94 284 568 198
95 142 284 99
96 167 99999 116
97 130 99999 99999
98 21 42 99999
99 128 256 89
100 84 99999 99999
<precedence relations>
1,5
1,6
1,7
2,5
2,6
2,7
3,5
3,6
3,7
4,5
4,6
4,7
5,8
5,9
5,10
6,8
6,9
6,10
7,8
7,9
7,10
8,11
8,12
8,13
9,11
9,12
9,13
10,11
10,12
10,13
11,14
11,15
11,16
11,17
12,14
12,15
12,16
12,17
13,14
13,15
13,16
13,17
14,18
14,19
15,18
15,19
16,18
16,19
17,18
17,19
18,20
18,21
18,22
19,20
19,21
19,22
20,23
20,24
20,25
21,23
21,24
21,25
22,23
22,24
22,25
23,26
23,27
23,28
23,29
24,26
24,27
24,28
24,29
25,26
25,27
25,28
25,29
26,30
27,30
28,30
29,30
30,31
30,32
30,33
30,34
31,35
31,36
31,37
31,38
31,39
31,40
32,35
32,36
32,37
32,38
32,39
32,40
33,35
33,36
33,37
33,38
33,39
33,40
34,35
34,36
34,37
34,38
34,39
34,40
35,41
35,42
35,43
35,44
36,41
36,42
36,43
36,44
37,41
37,42
37,43
37,44
38,41
38,42
38,43
38,44
39,41
39,42
39,43
39,44
40,48
41,45
41,46
41,47
42,45
42,67
43,45
43,62
44,45
44,46
45,60
45,61
46,48
46,49
46,50
47,48
47,68
48,62
48,65
48,67
48,72
49,51
49,52
49,53
49,54
50,51
50,52
50,53
50,54
51,55
52,62
53,55
53,56
53,57
54,55
54,56
54,57
55,61
56,58
56,60
57,59
57,64
57,66
57,69
58,62
58,63
58,64
58,65
58,66
59,62
59,63
60,63
60,65
60,66
60,70
61,65
62,70
63,68
64,67
65,69
66,96
67,74
68,71
68,72
69,71
70,71
71,73
71,74
71,75
72,73
72,74
72,75
74,76
74,77
75,79
76,79
76,81
77,78
77,80
77,82
78,83
78,86
78,87
79,83
80,85
80,89
81,94
81,96
82,84
82,96
83,88
83,89
83,90
83,91
83,92
84,88
84,92
84,97
85,92
86,90
86,91
86,92
87,88
89,96
91,93
92,94
93,95
93,96
93,97
93,99
94,98
95,100
98,100
<end>
