<number of tasks>
100
<number of stations>
25
<order strength>
0.2
<type of the robots>
1
<upper bound>
1101
<robot flexibility>
0.2
<collaboration flexibility>
0.2
<number of robots>
5
<task times>
1 68 136 99999
2 141 282 99999
3 288 576 201
4 55 99999 99999
5 62 99999 99999
6 193 99999 99999
7 122 99999 99999
8 72 99999 99999
9 30 99999 99999
10 233 466 99999
11 197 99999 99999
12 189 99999 99999
13 111 99999 99999
14 249 99999 99999
15 42 99999 99999
16 54 108 99999
17 202 99999 99999
18 140 280 99999
19 211 99999 147
20 36 72 99999
21 80 99999 99999
22 283 99999 99999
23 237 99999 165
24 162 99999 99999
25 50 99999 99999
26 129 99999 99999
27 333 99999 99999
28 85 99999 99999
29 175 99999 99999
30 173 99999 121
31 163 99999 99999
32 31 62 99999
33 79 99999 99999
34 141 282 98
35 299 99999 99999
36 199 99999 99999
37 128 99999 99999
38 265 99999 99999
39 210 420 99999
40 102 99999 99999
41 157 314 99999
42 58 99999 99999
43 160 99999 112
44 158 99999 99999
45 63 99999 99999
46 260 99999 99999
47 124 99999 99999
48 105 99999 99999
49 133 99999 99999
50 70 99999 99999
51 28 99999 99999
52 32 99999 22
53 69 99999 48
54 45 99999 99999
55 40 99999 99999
56 193 99999 99999
57 45 99999 31
58 31 99999 99999
59 137 99999 99999
60 100 99999 99999
61 72 99999 99999
62 29 99999 99999
63 133 99999 99999
64 131 99999 91
65 288 99999 99999
66 74 99999 51
67 173 99999 99999
68 196 99999 99999
69 85 99999 99999
70 35 99999 24
71 198 99999 99999
72 266 532 99999
73 142 99999 99
74 199 99999 99999
75 81 162 99999
76 164 328 99999
77 130 99999 99999
78 254 99999 99999
79 130 99999 99999
80 63 99999 99999
81 88 99999 99999
82 207 99999 99999
83 160 99999 112
84 72 144 99999
85 262 99999 99999
86 62 99999 43
87 229 99999 160
88 50 100 35
89 167 334 99999
90 106 99999 99999
91 190 99999 133
92 72 144 99999
93 135 270 99999
94 194 99999 99999
95 236 99999 99999
96 212 99999 148
97 95 99999 99999
98 177 354 99999
99 58 99999 40
100 117 99999 99999
<precedence relations>
1,22
2,22
3,8
4,10
4,11
5,9
7,11
7,12
7,13
8,18
9,17
9,19
9,21
9,98
10,14
10,15
11,16
11,20
12,74
14,22
15,22
16,54
17,24
18,25
18,28
18,29
18,30
18,54
19,26
20,27
21,23
22,31
22,32
22,33
22,34
22,35
22,36
22,37
22,38
22,39
22,40
22,41
22,42
23,54
24,43
25,44
26,45
29,47
30,46
33,52
37,50
39,50
39,56
40,53
41,51
43,54
44,49
45,48
48,54
49,56
50,57
50,61
52,55
52,58
52,59
52,62
53,60
54,63
54,64
54,65
54,66
54,67
54,68
54,69
54,70
54,74
55,71
56,73
56,88
57,72
58,76
59,74
60,75
60,87
62,76
64,99
65,82
70,83
71,77
72,79
73,78
74,81
75,80
77,84
78,85
79,87
80,86
81,88
83,89
84,91
85,90
86,92
87,94
89,93
89,95
90,96
91,97
92,98
94,100
95,99
95,100
<end>
