<number of tasks>
20
<number of stations>
5
<order strength>
0.2
<type of the robots>
1
<upper bound>
2512
<robot flexibility>
0.2
<collaboration flexibility>
0.2
<number of robots>
1
<task times>
1 465 99999 99999
2 233 99999 99999
3 291 99999 203
4 176 352 123
5 180 99999 99999
6 376 99999 99999
7 536 99999 99999
8 87 99999 60
9 238 99999 99999
10 458 99999 99999
11 433 866 99999
12 175 99999 99999
13 87 174 99999
14 541 99999 378
15 69 138 99999
16 173 99999 99999
17 624 99999 99999
18 319 99999 99999
19 285 99999 99999
20 532 99999 99999
<precedence relations>
3,9
5,8
8,10
8,11
10,12
10,13
10,14
10,15
12,18
14,16
14,17
15,19
15,20
<end>
