<number of tasks>
20
<number of stations>
10
<order strength>
0.2
<type of the robots>
1
<upper bound>
890
<robot flexibility>
0.4
<collaboration flexibility>
0.4
<number of robots>
2
<task times>
1 132 99999 92
2 186 372 99999
3 200 99999 99999
4 497 99999 347
5 577 99999 403
6 261 99999 182
7 522 99999 99999
8 133 266 99999
9 79 99999 99999
10 21 99999 14
11 432 99999 99999
12 77 154 53
13 146 292 102
14 151 302 99999
15 330 660 99999
16 88 176 99999
17 433 866 303
18 67 99999 99999
19 85 99999 99999
20 29 99999 99999
<precedence relations>
2,5
2,6
4,7
5,8
5,10
5,12
6,9
6,11
6,13
9,18
10,14
10,15
10,16
13,17
14,20
15,19
<end>
