<number of tasks>
100
<number of stations>
50
<order strength>
0.201
<type of the robots>
1
<upper bound>
583
<robot flexibility>
0.2
<collaboration flexibility>
0.2
<number of robots>
20
<task times>
1 130 99999 99999
2 91 99999 63
3 61 99999 99999
4 52 99999 99999
5 53 99999 99999
6 31 99999 99999
7 39 99999 99999
8 49 99999 99999
9 117 234 81
10 82 99999 99999
11 108 216 99999
12 255 99999 99999
13 66 132 99999
14 28 99999 99999
15 138 99999 96
16 72 144 99999
17 176 99999 99999
18 132 99999 99999
19 280 99999 99999
20 55 99999 99999
21 125 99999 99999
22 90 99999 63
23 111 222 99999
24 195 99999 99999
25 151 99999 105
26 127 99999 88
27 191 99999 99999
28 152 99999 99999
29 98 99999 99999
30 123 99999 99999
31 152 99999 99999
32 23 99999 99999
33 29 58 20
34 183 99999 99999
35 22 99999 15
36 297 99999 99999
37 27 99999 99999
38 86 99999 99999
39 210 99999 99999
40 244 99999 99999
41 110 99999 99999
42 195 99999 99999
43 98 99999 99999
44 270 99999 99999
45 123 99999 99999
46 177 99999 99999
47 170 99999 99999
48 119 99999 99999
49 164 99999 99999
50 150 300 105
51 206 99999 99999
52 206 99999 99999
53 24 99999 99999
54 159 99999 111
55 189 99999 99999
56 193 99999 99999
57 165 99999 115
58 163 99999 99999
59 65 99999 99999
60 88 99999 61
61 149 99999 99999
62 327 99999 228
63 42 84 99999
64 86 99999 60
65 215 430 99999
66 69 138 99999
67 220 99999 99999
68 331 99999 99999
69 304 99999 99999
70 163 326 99999
71 147 99999 99999
72 340 99999 99999
73 174 99999 99999
74 270 99999 189
75 120 99999 99999
76 127 254 99999
77 78 99999 99999
78 82 99999 99999
79 114 99999 99999
80 351 99999 245
81 88 99999 99999
82 193 386 135
83 187 374 99999
84 73 99999 99999
85 195 99999 99999
86 92 99999 99999
87 44 99999 99999
88 163 326 99999
89 254 99999 177
90 124 248 86
91 62 99999 99999
92 210 99999 99999
93 204 408 99999
94 41 99999 99999
95 52 104 99999
96 159 318 99999
97 229 99999 99999
98 249 99999 99999
99 259 518 99999
100 287 99999 200
<precedence relations>
1,9
2,11
3,10
3,13
5,17
5,95
6,15
8,12
8,14
9,17
10,16
11,19
12,20
12,35
13,21
13,22
15,18
16,23
17,25
17,26
17,42
17,43
17,77
18,24
18,28
19,100
20,34
20,69
22,27
23,33
24,29
25,31
26,30
26,73
27,32
27,34
28,35
29,38
30,37
31,40
32,39
33,89
33,98
34,36
34,41
34,43
34,44
35,42
35,44
35,61
36,46
37,45
38,48
39,47
40,50
40,51
41,49
41,52
42,91
45,53
46,55
47,54
48,56
49,58
50,59
51,60
52,57
52,61
52,62
52,63
52,64
53,68
54,65
55,66
56,68
57,67
58,68
59,69
60,68
61,73
61,80
61,83
63,70
63,71
63,72
64,72
64,73
65,74
66,75
67,77
68,76
68,79
69,83
70,80
71,78
71,81
73,82
74,85
75,84
76,87
78,86
78,90
78,91
80,88
80,89
83,92
84,93
85,95
86,94
87,96
88,97
88,98
88,99
89,96
90,100
<end>
