<number of tasks>
100
<number of stations>
25
<order strength>
0.2
<type of the robots>
1
<upper bound>
3872
<robot flexibility>
0.2
<collaboration flexibility>
0.2
<number of robots>
5
<task times>
1 436 99999 99999
2 465 99999 325
3 63 99999 99999
4 553 99999 99999
5 504 99999 99999
6 451 902 315
7 607 99999 99999
8 394 99999 99999
9 711 99999 497
10 514 99999 359
11 420 99999 99999
12 543 99999 99999
13 415 99999 99999
14 468 936 99999
15 458 916 99999
16 298 99999 99999
17 565 1130 99999
18 689 99999 482
19 434 99999 99999
20 594 99999 99999
21 583 99999 99999
22 566 99999 99999
23 520 1040 364
24 451 99999 99999
25 645 99999 451
26 639 99999 447
27 609 99999 99999
28 657 1314 99999
29 381 762 99999
30 402 99999 99999
31 162 324 99999
32 380 99999 99999
33 413 99999 99999
34 397 99999 277
35 405 99999 99999
36 587 99999 99999
37 460 99999 99999
38 592 99999 414
39 736 99999 99999
40 451 99999 99999
41 528 99999 369
42 491 99999 99999
43 530 99999 371
44 288 99999 201
45 573 99999 99999
46 501 99999 99999
47 696 99999 99999
48 733 1466 99999
49 536 99999 99999
50 577 99999 99999
51 453 99999 99999
52 484 99999 99999
53 590 99999 413
54 425 99999 99999
55 449 99999 99999
56 434 99999 303
57 406 812 99999
58 482 99999 99999
59 346 99999 99999
60 663 1326 99999
61 706 1412 99999
62 563 99999 99999
63 668 1336 99999
64 329 99999 99999
65 577 99999 99999
66 412 99999 99999
67 479 99999 99999
68 400 99999 99999
69 422 844 99999
70 292 584 99999
71 387 99999 270
72 565 99999 99999
73 545 99999 99999
74 424 99999 99999
75 429 858 99999
76 626 99999 99999
77 466 99999 99999
78 538 99999 99999
79 417 99999 99999
80 333 666 99999
81 310 99999 217
82 444 99999 99999
83 365 99999 255
84 490 99999 99999
85 422 99999 99999
86 276 99999 99999
87 360 99999 99999
88 509 99999 99999
89 530 99999 99999
90 308 99999 99999
91 588 99999 99999
92 400 99999 99999
93 565 1130 99999
94 419 99999 99999
95 342 99999 99999
96 620 1240 434
97 478 99999 334
98 661 99999 99999
99 495 99999 99999
100 430 860 99999
<precedence relations>
1,9
2,10
3,11
4,7
4,8
4,20
4,56
5,80
5,94
6,12
6,13
6,54
6,62
7,14
8,15
9,16
10,17
11,18
12,19
12,20
12,21
12,71
13,22
13,23
13,24
13,80
14,25
15,28
16,26
17,27
18,29
18,31
19,66
20,30
20,80
21,39
21,57
22,32
23,40
24,33
24,83
24,92
25,34
26,38
27,39
28,35
29,37
30,36
30,40
30,41
31,42
31,43
32,44
32,83
33,40
33,72
34,47
35,45
36,49
37,46
38,48
38,51
38,54
38,57
39,50
39,61
40,50
40,53
40,57
41,55
41,65
42,52
43,50
44,56
45,58
46,59
47,61
48,60
49,63
50,88
50,98
52,62
52,65
52,75
53,64
53,66
54,72
55,73
56,94
57,74
58,68
59,67
60,71
61,70
62,69
62,74
62,82
63,72
63,75
64,73
66,73
67,80
68,76
69,77
70,78
71,79
73,79
73,82
74,81
74,100
75,83
76,85
77,86
78,87
79,84
82,88
84,89
85,90
86,92
87,91
88,93
88,94
88,95
89,97
90,96
91,97
92,98
94,99
94,100
<end>
