<number of tasks>
50
<number of stations>
25
<order strength>
0.2
<type of the robots>
1
<upper bound>
600
<robot flexibility>
0.2
<collaboration flexibility>
0.2
<number of robots>
10
<task times>
1 159 99999 99999
2 199 398 99999
3 38 99999 99999
4 199 99999 99999
5 85 99999 99999
6 246 99999 99999
7 162 99999 99999
8 94 99999 99999
9 206 99999 144
10 70 99999 49
11 265 99999 99999
12 213 99999 149
13 194 99999 99999
14 135 270 94
15 158 99999 99999
16 68 99999 99999
17 229 458 99999
18 109 218 99999
19 34 99999 99999
20 152 304 99999
21 148 99999 99999
22 265 99999 99999
23 85 99999 99999
24 129 99999 99999
25 113 226 99999
26 99 198 99999
27 98 99999 99999
28 142 284 99999
29 109 99999 99999
30 189 378 99999
31 205 99999 143
32 296 99999 207
33 75 99999 99999
34 156 99999 109
35 131 99999 99999
36 242 99999 99999
37 179 99999 99999
38 150 99999 105
39 189 99999 99999
40 47 99999 99999
41 61 99999 99999
42 248 99999 99999
43 38 99999 99999
44 97 194 99999
45 221 99999 99999
46 271 99999 189
47 106 99999 99999
48 174 99999 99999
49 161 99999 112
50 50 99999 99999
<precedence relations>
2,7
2,8
2,10
3,10
4,6
4,11
4,27
5,9
5,10
5,13
5,41
6,15
7,14
7,16
7,17
8,12
8,13
12,41
13,20
13,21
14,22
14,25
14,32
15,28
16,19
16,23
17,18
17,24
18,26
18,28
18,30
20,26
21,27
21,47
21,49
22,29
24,39
25,29
26,34
28,31
29,35
29,49
30,32
30,33
30,36
30,37
31,42
32,41
32,44
33,38
33,40
33,43
34,43
35,39
38,47
40,47
40,48
40,49
41,50
42,45
42,46
<end>
