<number of tasks>
100
<number of stations>
50
<order strength>
0.201
<type of the robots>
1
<upper bound>
525
<robot flexibility>
0.2
<collaboration flexibility>
0.2
<number of robots>
0
<task times>
1 265 530 185
2 36 99999 25
3 59 99999 99999
4 115 99999 99999
5 77 99999 99999
6 34 99999 99999
7 291 99999 99999
8 47 99999 32
9 139 278 99999
10 77 154 99999
11 174 99999 99999
12 114 99999 79
13 100 200 99999
14 101 99999 99999
15 32 99999 99999
16 75 99999 52
17 104 99999 99999
18 151 302 99999
19 40 99999 99999
20 94 188 65
21 91 99999 99999
22 117 99999 99999
23 76 99999 53
24 76 152 99999
25 232 99999 99999
26 296 592 99999
27 242 99999 169
28 257 99999 99999
29 156 99999 99999
30 230 99999 99999
31 244 99999 99999
32 158 99999 99999
33 45 99999 99999
34 43 99999 99999
35 108 99999 99999
36 87 99999 99999
37 304 99999 99999
38 50 100 99999
39 311 622 99999
40 217 99999 99999
41 218 99999 99999
42 40 99999 99999
43 45 99999 31
44 145 290 99999
45 68 99999 99999
46 91 99999 99999
47 147 294 102
48 112 224 99999
49 70 99999 99999
50 124 99999 99999
51 67 99999 46
52 214 99999 99999
53 157 99999 99999
54 34 99999 23
55 23 46 99999
56 110 99999 99999
57 23 99999 99999
58 87 174 60
59 277 99999 99999
60 253 99999 99999
61 98 196 99999
62 73 99999 99999
63 86 99999 99999
64 68 99999 99999
65 374 99999 99999
66 257 99999 99999
67 124 99999 99999
68 94 99999 99999
69 28 99999 99999
70 99 99999 99999
71 135 99999 99999
72 255 99999 99999
73 82 99999 99999
74 246 99999 99999
75 23 46 16
76 48 99999 99999
77 51 99999 99999
78 120 99999 84
79 28 99999 19
80 86 99999 99999
81 121 242 99999
82 124 248 99999
83 344 99999 240
84 40 99999 99999
85 192 99999 99999
86 50 99999 99999
87 178 99999 99999
88 259 99999 99999
89 164 99999 99999
90 79 99999 99999
91 327 99999 228
92 90 99999 99999
93 113 99999 99999
94 163 99999 99999
95 192 99999 134
96 146 99999 99999
97 88 99999 99999
98 112 224 78
99 86 99999 99999
100 100 99999 99999
<precedence relations>
1,38
2,38
3,38
4,11
5,10
5,12
5,72
7,13
7,14
9,15
10,19
11,21
12,22
13,17
13,20
13,23
13,24
14,25
15,16
15,18
16,38
17,38
18,86
19,29
20,31
21,26
22,32
23,27
23,30
24,33
24,34
24,35
24,36
24,37
25,28
26,38
27,38
28,86
29,39
30,41
31,39
34,45
35,44
35,77
36,38
36,42
36,43
37,40
38,46
38,47
38,48
38,49
38,50
39,86
40,86
41,51
42,52
42,55
45,53
45,54
46,63
46,64
46,91
47,59
47,91
48,71
48,79
49,62
49,65
50,58
51,86
52,56
53,57
53,61
55,60
55,88
56,69
57,67
59,66
60,70
60,72
61,68
64,71
66,86
67,74
68,75
68,76
70,78
71,73
72,77
72,79
73,86
74,81
75,82
76,83
77,84
78,80
78,85
80,86
81,88
82,89
83,87
84,92
85,90
85,91
86,93
86,94
86,95
86,96
86,97
87,98
89,100
92,99
<end>
