<number of tasks>
50
<number of stations>
13
<order strength>
0.2
<type of the robots>
1
<upper bound>
1038
<robot flexibility>
0.2
<collaboration flexibility>
0.2
<number of robots>
0
<task times>
1 53 99999 99999
2 230 460 99999
3 29 99999 99999
4 54 108 99999
5 315 99999 220
6 104 99999 99999
7 27 99999 99999
8 62 124 99999
9 144 99999 99999
10 273 99999 99999
11 108 99999 99999
12 174 99999 99999
13 258 516 99999
14 153 306 99999
15 220 99999 99999
16 51 99999 99999
17 192 99999 99999
18 124 99999 99999
19 96 192 67
20 235 99999 164
21 176 99999 123
22 106 99999 99999
23 138 99999 96
24 27 99999 99999
25 107 99999 99999
26 63 99999 99999
27 113 99999 99999
28 228 99999 99999
29 107 214 99999
30 99 99999 99999
31 106 99999 99999
32 119 99999 99999
33 156 99999 109
34 84 99999 99999
35 138 99999 99999
36 97 99999 99999
37 38 76 99999
38 184 99999 99999
39 204 408 142
40 284 99999 99999
41 197 99999 99999
42 217 99999 99999
43 44 99999 99999
44 82 99999 57
45 127 99999 88
46 51 99999 99999
47 246 99999 99999
48 91 99999 99999
49 170 99999 99999
50 40 80 28
<precedence relations>
1,10
1,12
2,10
2,11
2,13
4,42
8,9
9,15
9,16
9,17
10,21
11,36
12,30
12,34
12,49
13,14
14,23
14,24
15,19
16,20
16,21
16,25
17,18
17,22
18,41
19,30
20,28
21,27
21,32
21,37
22,31
23,26
24,29
25,26
25,38
28,33
28,37
28,38
29,36
30,35
32,34
32,39
32,41
34,44
35,42
35,47
36,41
36,43
36,45
37,40
39,46
40,49
41,50
47,48
<end>
