<number of tasks>
100
<number of stations>
50
<order strength>
0.2
<type of the robots>
1
<upper bound>
805
<robot flexibility>
0.2
<collaboration flexibility>
0.2
<number of robots>
20
<task times>
1 260 99999 99999
2 340 99999 99999
3 68 99999 99999
4 250 99999 99999
5 109 99999 76
6 117 99999 99999
7 505 99999 353
8 29 99999 99999
9 336 99999 99999
10 84 99999 99999
11 471 99999 99999
12 235 99999 99999
13 57 114 39
14 29 99999 99999
15 78 99999 99999
16 483 99999 338
17 163 99999 99999
18 78 99999 54
19 94 188 65
20 289 99999 99999
21 250 99999 175
22 115 230 99999
23 107 99999 99999
24 23 99999 99999
25 165 99999 115
26 146 99999 99999
27 24 99999 99999
28 121 99999 99999
29 145 99999 99999
30 455 99999 99999
31 153 306 99999
32 253 99999 99999
33 71 142 99999
34 38 76 99999
35 141 282 99999
36 219 99999 99999
37 326 99999 99999
38 349 99999 99999
39 318 99999 99999
40 374 99999 99999
41 95 99999 99999
42 153 99999 99999
43 109 99999 99999
44 183 99999 99999
45 148 99999 99999
46 91 99999 99999
47 130 260 99999
48 344 99999 99999
49 126 99999 99999
50 421 99999 99999
51 47 99999 99999
52 320 640 99999
53 453 906 99999
54 301 99999 99999
55 44 99999 99999
56 87 99999 99999
57 150 99999 99999
58 152 304 99999
59 100 200 99999
60 197 99999 99999
61 139 99999 97
62 187 99999 99999
63 269 99999 99999
64 93 186 99999
65 113 99999 99999
66 532 99999 99999
67 221 99999 154
68 63 99999 99999
69 509 99999 99999
70 122 99999 85
71 513 99999 359
72 132 99999 99999
73 191 382 99999
74 173 99999 99999
75 149 298 99999
76 159 99999 99999
77 20 99999 99999
78 42 84 99999
79 263 526 184
80 239 99999 99999
81 325 99999 227
82 535 99999 99999
83 244 99999 170
84 33 99999 99999
85 103 206 99999
86 40 80 99999
87 270 99999 99999
88 220 440 99999
89 220 99999 99999
90 497 99999 347
91 127 99999 88
92 234 99999 163
93 222 99999 99999
94 209 99999 99999
95 145 99999 99999
96 118 99999 99999
97 86 99999 99999
98 253 99999 177
99 90 99999 99999
100 481 99999 336
<precedence relations>
1,75
2,15
3,15
4,15
5,15
6,15
7,15
8,14
8,16
8,17
9,11
9,13
9,39
10,12
10,18
10,19
11,75
12,75
13,75
14,75
15,22
15,23
15,24
15,25
15,26
15,27
16,29
17,20
17,28
17,30
18,21
20,75
21,75
24,33
24,36
25,34
25,37
28,32
29,31
30,35
31,75
32,38
33,39
34,42
34,72
35,40
36,41
38,44
39,43
40,45
40,46
40,47
40,49
41,48
43,51
44,52
44,54
45,53
46,50
46,55
48,56
50,75
51,58
52,59
53,60
54,57
54,62
54,63
54,65
54,66
55,61
55,65
56,64
57,75
58,71
59,69
60,67
61,68
63,74
64,70
64,72
65,73
66,72
67,75
68,76
69,78
70,77
70,81
71,80
71,82
72,79
75,83
75,84
75,85
75,86
75,87
75,88
75,89
75,90
75,91
76,93
77,92
78,94
79,95
87,100
92,98
93,96
94,97
95,99
<end>
