<number of tasks>
50
<number of stations>
25
<order strength>
0.199
<type of the robots>
1
<upper bound>
2019
<robot flexibility>
0.4
<collaboration flexibility>
0.4
<number of robots>
10
<task times>
1 480 960 99999
2 582 99999 407
3 456 99999 319
4 536 1072 99999
5 436 872 99999
6 384 99999 99999
7 361 722 99999
8 560 99999 99999
9 447 894 312
10 432 864 99999
11 358 99999 99999
12 514 99999 359
13 434 99999 303
14 407 99999 99999
15 484 968 99999
16 555 1110 388
17 562 99999 99999
18 520 99999 99999
19 471 99999 99999
20 340 680 99999
21 800 1600 560
22 430 860 99999
23 467 99999 99999
24 533 99999 373
25 460 99999 322
26 675 99999 99999
27 247 99999 172
28 424 848 99999
29 574 1148 401
30 747 99999 522
31 512 99999 99999
32 582 99999 407
33 246 99999 99999
34 479 99999 99999
35 603 99999 99999
36 484 968 338
37 567 1134 396
38 399 99999 279
39 533 1066 99999
40 471 99999 329
41 646 1292 99999
42 465 99999 99999
43 439 878 99999
44 641 99999 99999
45 569 99999 398
46 470 99999 99999
47 576 99999 99999
48 554 99999 99999
49 712 1424 498
50 613 1226 429
<precedence relations>
1,15
2,8
2,10
2,12
2,14
3,11
3,14
4,17
5,37
5,48
6,9
6,13
7,10
7,43
8,16
9,19
10,16
12,17
13,18
14,18
15,20
15,31
16,23
16,29
16,47
17,42
18,26
19,22
19,25
19,27
20,21
20,24
20,28
23,46
25,34
26,30
26,33
26,35
27,31
27,32
28,36
28,37
29,38
30,40
31,39
32,38
32,41
36,49
37,42
38,46
40,45
41,43
41,44
42,47
43,49
45,48
46,50
47,49
<end>
