<number of tasks>
100
<number of stations>
25
<order strength>
0.2
<type of the robots>
1
<upper bound>
1155
<robot flexibility>
0.4
<collaboration flexibility>
0.4
<number of robots>
10
<task times>
1 155 99999 99999
2 170 340 99999
3 95 99999 66
4 178 356 99999
5 317 634 221
6 29 58 20
7 116 99999 99999
8 57 114 99999
9 115 99999 99999
10 101 99999 70
11 171 99999 99999
12 117 99999 99999
13 86 99999 60
14 141 99999 99999
15 73 99999 51
16 223 446 156
17 174 99999 99999
18 257 99999 179
19 168 99999 117
20 248 99999 99999
21 101 202 70
22 255 99999 99999
23 44 88 99999
24 146 99999 102
25 84 168 99999
26 83 99999 58
27 146 292 99999
28 24 99999 16
29 198 99999 99999
30 37 74 25
31 72 99999 50
32 285 570 199
33 281 562 99999
34 143 99999 99999
35 66 132 99999
36 83 166 99999
37 75 150 99999
38 256 99999 99999
39 59 99999 41
40 330 660 99999
41 191 99999 99999
42 175 99999 99999
43 87 99999 99999
44 88 99999 99999
45 75 99999 99999
46 137 99999 99999
47 146 292 99999
48 260 99999 99999
49 22 44 15
50 198 99999 138
51 167 99999 116
52 29 99999 99999
53 77 154 99999
54 62 124 43
55 240 99999 99999
56 68 136 47
57 161 99999 112
58 81 99999 99999
59 112 99999 99999
60 59 118 99999
61 308 616 215
62 288 99999 99999
63 188 376 99999
64 112 99999 99999
65 162 99999 99999
66 112 224 99999
67 76 99999 99999
68 114 228 99999
69 146 99999 99999
70 117 234 99999
71 119 99999 99999
72 177 354 123
73 59 99999 41
74 170 340 119
75 86 172 60
76 210 99999 99999
77 281 99999 196
78 150 99999 99999
79 328 99999 99999
80 141 99999 98
81 113 99999 99999
82 207 414 144
83 245 99999 171
84 199 398 99999
85 86 99999 99999
86 187 99999 99999
87 246 99999 172
88 331 99999 231
89 205 410 143
90 73 146 99999
91 28 56 99999
92 89 178 99999
93 107 99999 99999
94 102 204 71
95 124 99999 99999
96 161 99999 112
97 129 258 90
98 126 99999 88
99 21 99999 99999
100 118 236 82
<precedence relations>
1,8
1,10
2,9
2,14
2,23
2,64
2,82
2,97
3,13
3,14
3,44
3,50
3,73
4,11
5,12
5,15
6,52
6,54
7,19
8,16
9,17
10,18
11,24
11,59
12,19
12,20
12,21
12,23
13,22
13,54
16,31
17,26
18,27
19,25
19,50
19,53
20,28
21,29
21,31
21,33
22,30
22,32
23,59
25,34
26,35
27,36
28,37
29,38
30,39
31,42
31,45
32,40
32,41
32,64
32,84
32,97
33,41
33,43
33,44
33,64
34,49
35,47
36,46
37,50
38,49
39,49
40,48
41,52
41,59
42,53
42,54
42,98
43,51
45,73
46,56
47,55
48,57
49,58
49,59
51,60
53,61
53,92
55,62
56,63
58,64
58,65
59,74
60,66
61,66
62,68
63,67
64,69
64,71
65,72
65,74
65,75
66,70
66,73
66,93
67,79
68,80
69,81
70,76
70,77
70,78
70,84
70,91
70,100
72,82
72,83
75,91
76,85
77,86
78,87
79,90
80,88
81,91
82,89
82,93
83,92
85,96
86,96
87,97
88,94
89,95
90,98
91,99
92,100
<end>
