<number of tasks>
50
<number of stations>
13
<order strength>
0.2
<type of the robots>
1
<upper bound>
3746
<robot flexibility>
0.4
<collaboration flexibility>
0.4
<number of robots>
3
<task times>
1 589 1178 412
2 549 1098 99999
3 255 99999 178
4 400 99999 99999
5 643 99999 450
6 472 99999 99999
7 504 99999 352
8 356 99999 99999
9 639 1278 447
10 407 814 284
11 524 1048 366
12 487 99999 340
13 631 1262 441
14 497 99999 347
15 373 746 261
16 434 868 303
17 712 99999 498
18 496 99999 99999
19 427 99999 99999
20 438 99999 99999
21 385 770 269
22 449 898 99999
23 557 99999 389
24 695 99999 99999
25 565 1130 99999
26 435 870 99999
27 459 918 99999
28 570 1140 99999
29 494 99999 345
30 378 99999 99999
31 536 99999 99999
32 582 1164 99999
33 384 99999 99999
34 685 1370 479
35 521 99999 364
36 497 994 347
37 507 99999 99999
38 566 99999 99999
39 490 99999 99999
40 384 768 99999
41 404 99999 99999
42 443 886 99999
43 483 99999 99999
44 509 99999 99999
45 480 99999 99999
46 234 99999 99999
47 459 99999 99999
48 508 99999 99999
49 540 1080 378
50 314 99999 99999
<precedence relations>
1,7
2,8
3,10
4,9
6,11
7,12
8,12
10,14
11,13
12,15
13,16
13,19
13,20
13,21
14,17
14,18
14,22
15,23
16,25
17,24
17,26
17,28
18,27
18,29
19,29
20,45
22,50
23,30
24,31
25,32
26,33
27,35
28,34
28,38
29,36
29,37
29,39
30,43
31,43
32,41
33,44
34,42
35,43
36,40
38,45
38,46
39,47
40,48
41,49
42,49
45,50
<end>
