<number of tasks>
100
<number of stations>
50
<order strength>
0.895
<type of the robots>
1
<upper bound>
594
<robot flexibility>
0.4
<collaboration flexibility>
0.4
<number of robots>
20
<task times>
1 178 356 99999
2 152 99999 99999
3 178 99999 99999
4 148 296 99999
5 196 392 99999
6 342 684 99999
7 113 226 79
8 109 218 99999
9 136 99999 99999
10 158 316 110
11 27 99999 99999
12 147 99999 99999
13 100 200 99999
14 82 164 99999
15 111 99999 99999
16 78 99999 99999
17 51 99999 99999
18 153 306 99999
19 229 99999 99999
20 210 420 147
21 160 99999 112
22 112 224 78
23 155 310 108
24 143 99999 99999
25 156 312 99999
26 155 310 99999
27 246 99999 99999
28 88 176 61
29 164 99999 114
30 140 99999 98
31 260 520 99999
32 89 99999 62
33 211 99999 99999
34 88 99999 61
35 178 99999 99999
36 67 99999 99999
37 200 99999 140
38 165 99999 115
39 147 99999 99999
40 277 554 99999
41 190 99999 99999
42 27 54 18
43 96 99999 99999
44 38 99999 99999
45 294 99999 205
46 199 398 139
47 325 99999 99999
48 113 99999 99999
49 59 99999 41
50 51 102 35
51 163 326 99999
52 112 224 78
53 214 99999 149
54 107 99999 99999
55 181 99999 126
56 34 68 99999
57 123 99999 99999
58 141 282 99999
59 138 99999 96
60 300 600 210
61 78 99999 54
62 37 99999 99999
63 154 308 99999
64 263 526 99999
65 123 99999 99999
66 218 436 152
67 73 146 99999
68 165 99999 115
69 78 99999 99999
70 69 138 48
71 133 266 93
72 126 99999 99999
73 51 99999 99999
74 210 99999 147
75 90 99999 63
76 242 484 99999
77 79 99999 99999
78 85 99999 99999
79 57 99999 99999
80 208 99999 99999
81 112 99999 99999
82 78 156 54
83 154 308 107
84 260 520 99999
85 189 99999 99999
86 256 99999 179
87 227 99999 158
88 38 99999 99999
89 78 156 54
90 31 62 21
91 171 99999 99999
92 102 99999 99999
93 178 99999 124
94 63 99999 99999
95 246 492 172
96 369 99999 99999
97 128 99999 89
98 153 306 99999
99 213 99999 149
100 248 99999 99999
<precedence relations>
1,19
1,20
1,21
1,22
2,6
2,7
2,8
2,9
3,6
3,7
3,8
3,9
4,6
4,7
4,8
4,9
5,6
5,7
5,8
5,9
6,10
6,11
7,10
7,11
8,10
8,11
9,10
9,11
10,12
11,12
12,13
12,14
13,15
13,16
13,17
13,18
14,15
14,16
14,17
14,18
15,19
15,20
15,21
15,22
16,19
16,20
16,21
16,22
17,19
17,20
17,21
17,22
18,19
18,20
18,21
18,22
19,23
19,24
19,25
19,26
20,23
20,27
21,23
21,24
21,25
21,26
22,23
22,24
22,25
22,26
23,29
24,27
24,28
25,27
25,28
25,29
26,27
27,30
27,32
28,30
28,31
28,32
28,33
29,30
29,31
29,32
29,33
30,34
30,35
30,36
31,34
31,37
32,34
32,35
32,36
32,37
33,34
33,35
33,36
33,37
34,38
35,38
36,38
37,38
38,39
38,40
38,41
38,42
39,43
39,44
39,45
39,46
40,43
40,44
40,45
40,46
41,43
41,44
41,45
41,46
42,43
42,44
42,45
42,46
43,47
43,48
43,49
44,47
45,47
45,48
45,49
46,47
46,48
46,49
47,50
47,51
47,52
48,50
48,51
48,52
49,50
49,51
50,55
50,59
51,54
51,56
51,57
52,53
53,58
54,59
54,60
54,62
55,58
55,60
56,76
56,77
56,78
57,58
58,61
58,62
59,61
59,74
60,63
60,66
60,67
61,64
61,77
62,63
62,71
63,65
63,72
64,66
64,67
65,68
65,69
65,70
66,68
66,71
66,72
66,87
67,73
68,75
68,86
68,90
69,98
70,73
70,74
72,75
72,76
72,86
73,78
74,77
74,88
75,85
75,89
76,88
76,97
77,83
77,86
78,79
78,80
78,81
78,82
78,83
79,87
79,92
81,84
81,86
81,88
82,88
83,85
83,91
84,90
86,89
86,91
86,92
87,90
87,99
88,90
88,93
88,100
89,94
90,94
91,94
91,95
91,96
93,98
95,97
95,98
96,98
96,99
96,100
<end>
