<number of tasks>
20
<number of stations>
10
<order strength>
0.8
<type of the robots>
1
<upper bound>
586
<robot flexibility>
0.2
<collaboration flexibility>
0.2
<number of robots>
4
<task times>
1 112 99999 99999
2 120 99999 99999
3 118 99999 99999
4 245 99999 171
5 157 314 109
6 142 99999 99999
7 219 99999 99999
8 40 99999 99999
9 90 99999 63
10 161 322 99999
11 51 99999 99999
12 84 99999 58
13 133 99999 99999
14 187 99999 99999
15 209 99999 99999
16 194 99999 99999
17 90 99999 99999
18 117 234 99999
19 211 422 99999
20 249 99999 99999
<precedence relations>
1,3
1,5
2,3
2,4
2,5
3,6
3,7
4,6
4,7
5,6
5,7
6,8
6,10
7,8
7,9
8,11
8,12
9,11
9,14
10,11
10,12
11,13
11,15
12,13
12,14
14,17
15,16
17,18
18,19
18,20
<end>
