<number of tasks>
20
<number of stations>
10
<order strength>
0.2
<type of the robots>
1
<upper bound>
791
<robot flexibility>
0.4
<collaboration flexibility>
0.4
<number of robots>
2
<task times>
1 27 99999 18
2 51 102 99999
3 412 99999 99999
4 141 99999 99999
5 214 428 99999
6 52 104 36
7 203 406 99999
8 81 162 99999
9 323 99999 99999
10 143 99999 99999
11 376 752 263
12 22 99999 99999
13 278 556 99999
14 391 99999 273
15 223 99999 99999
16 24 99999 16
17 354 708 247
18 269 99999 99999
19 250 99999 175
20 117 99999 81
<precedence relations>
1,5
2,6
3,8
4,7
5,9
6,10
7,11
7,13
8,12
9,15
10,14
11,17
13,16
14,18
15,19
17,20
<end>
