<number of tasks>
50
<number of stations>
13
<order strength>
0.2
<type of the robots>
1
<upper bound>
1076
<robot flexibility>
0.2
<collaboration flexibility>
0.2
<number of robots>
5
<task times>
1 29 99999 99999
2 165 99999 99999
3 259 99999 99999
4 194 388 99999
5 154 99999 99999
6 69 99999 48
7 244 99999 99999
8 175 99999 122
9 92 99999 99999
10 176 352 123
11 256 99999 99999
12 111 99999 99999
13 191 99999 99999
14 46 99999 99999
15 77 99999 99999
16 135 99999 99999
17 97 99999 67
18 40 99999 99999
19 210 99999 99999
20 136 99999 99999
21 126 99999 99999
22 124 248 86
23 231 99999 99999
24 86 172 99999
25 79 99999 55
26 355 99999 248
27 151 302 99999
28 30 99999 99999
29 176 352 99999
30 56 99999 99999
31 152 99999 99999
32 93 99999 99999
33 177 354 123
34 93 99999 99999
35 104 208 99999
36 60 99999 99999
37 30 60 99999
38 211 99999 99999
39 117 99999 99999
40 122 99999 99999
41 61 99999 99999
42 39 99999 99999
43 127 99999 88
44 255 99999 99999
45 287 99999 99999
46 285 570 99999
47 78 99999 99999
48 21 99999 99999
49 250 99999 99999
50 157 99999 109
<precedence relations>
1,8
2,10
3,11
4,7
4,9
5,12
5,14
6,13
6,15
6,16
7,17
8,22
9,18
10,20
11,22
12,21
13,19
14,23
17,26
18,26
19,24
20,25
21,26
23,27
23,28
24,29
25,30
26,31
26,32
26,47
27,32
27,34
28,33
28,35
29,36
30,38
31,37
32,40
32,42
34,41
35,39
36,43
37,43
38,44
38,47
39,45
39,46
42,46
44,49
46,50
47,48
<end>
