<number of tasks>
100
<number of stations>
50
<order strength>
0.895
<type of the robots>
1
<upper bound>
542
<robot flexibility>
0.2
<collaboration flexibility>
0.2
<number of robots>
20
<task times>
1 29 58 99999
2 34 99999 99999
3 24 99999 16
4 191 99999 99999
5 142 99999 99
6 71 99999 99999
7 111 222 77
8 302 99999 99999
9 100 99999 99999
10 118 236 99999
11 56 99999 99999
12 137 99999 95
13 294 99999 99999
14 79 99999 99999
15 213 99999 149
16 80 99999 99999
17 284 99999 198
18 226 452 158
19 30 99999 99999
20 119 99999 99999
21 262 99999 99999
22 149 99999 99999
23 94 99999 99999
24 103 99999 99999
25 83 99999 99999
26 100 99999 99999
27 115 230 80
28 98 196 99999
29 286 99999 200
30 223 99999 99999
31 88 99999 99999
32 185 99999 99999
33 133 266 99999
34 181 99999 126
35 201 99999 140
36 237 99999 99999
37 58 99999 99999
38 166 99999 99999
39 25 99999 17
40 201 99999 99999
41 102 99999 99999
42 184 368 99999
43 254 99999 99999
44 50 100 99999
45 71 99999 49
46 200 99999 99999
47 224 99999 99999
48 155 99999 99999
49 118 99999 99999
50 217 99999 99999
51 216 99999 99999
52 111 99999 99999
53 234 468 163
54 315 99999 99999
55 125 99999 99999
56 225 99999 99999
57 212 99999 148
58 124 99999 99999
59 52 99999 99999
60 247 99999 172
61 225 99999 99999
62 74 99999 99999
63 64 99999 99999
64 44 88 99999
65 71 142 99999
66 114 99999 99999
67 68 99999 99999
68 30 60 99999
69 274 548 99999
70 54 99999 37
71 30 99999 99999
72 127 99999 99999
73 112 99999 99999
74 66 99999 46
75 85 170 99999
76 109 99999 99999
77 122 99999 99999
78 208 99999 99999
79 75 99999 99999
80 131 262 99999
81 150 99999 99999
82 80 99999 99999
83 60 99999 99999
84 150 300 99999
85 51 99999 99999
86 91 99999 63
87 109 218 99999
88 244 99999 170
89 164 328 99999
90 30 99999 99999
91 243 99999 99999
92 158 99999 99999
93 94 99999 99999
94 125 99999 99999
95 96 99999 99999
96 86 99999 99999
97 59 99999 99999
98 203 406 99999
99 89 99999 99999
100 102 99999 99999
<precedence relations>
1,3
1,4
1,6
2,3
2,4
2,5
2,6
3,7
3,8
3,9
3,10
4,7
4,8
4,9
4,10
5,7
5,8
5,9
5,10
6,7
6,8
6,9
6,10
7,11
7,12
7,13
8,11
8,12
8,13
9,11
9,12
9,13
9,14
10,11
10,12
10,13
10,14
11,17
11,18
12,15
12,16
12,18
13,15
13,16
13,17
13,18
14,15
14,16
14,17
14,18
15,19
15,20
15,21
16,19
16,20
16,21
17,19
17,20
17,21
18,19
18,20
18,21
19,22
19,23
19,24
20,22
20,23
20,24
21,22
21,23
21,24
22,25
22,26
22,27
23,25
23,26
24,25
24,26
24,27
25,28
25,29
25,30
26,28
26,29
26,30
27,28
27,29
27,30
28,31
28,32
28,33
28,34
28,35
29,31
29,43
30,31
30,32
30,33
30,34
30,35
31,36
31,39
32,36
32,37
32,39
33,36
33,37
33,38
33,39
34,36
34,37
34,38
34,39
35,36
35,37
35,38
35,39
36,94
36,97
37,40
37,41
37,42
37,43
38,40
38,41
38,42
38,43
39,40
39,41
39,42
40,65
40,67
41,44
41,45
42,45
42,50
43,44
44,46
44,47
44,48
44,49
45,46
45,47
45,77
45,78
45,79
46,81
46,97
47,72
47,83
47,87
48,50
48,51
49,50
49,51
50,52
50,53
50,54
51,52
51,53
51,54
52,55
52,56
52,57
53,55
53,56
53,57
54,55
54,56
54,57
55,58
55,59
55,60
56,58
56,59
56,60
57,58
58,61
58,63
59,62
59,64
60,64
61,67
62,66
62,67
63,65
63,67
64,65
64,66
65,68
65,69
66,68
66,69
67,68
67,69
68,70
68,71
68,72
68,73
69,70
69,71
69,72
69,73
70,74
70,75
71,74
71,75
72,80
73,79
73,82
74,76
74,79
75,77
75,78
75,79
75,81
76,80
76,81
76,85
77,83
77,84
77,85
77,89
78,80
78,82
78,87
79,86
80,88
80,89
81,87
81,96
82,86
83,86
83,96
84,95
85,88
86,94
86,95
87,89
88,90
88,91
90,92
90,93
90,94
90,95
91,92
91,97
92,96
95,97
95,98
95,99
95,100
<end>
