<number of tasks>
100
<number of stations>
50
<order strength>
0.2
<type of the robots>
1
<upper bound>
1997
<robot flexibility>
0.4
<collaboration flexibility>
0.4
<number of robots>
20
<task times>
1 577 1154 99999
2 379 758 99999
3 386 772 99999
4 742 1484 99999
5 652 99999 456
6 546 99999 99999
7 634 99999 99999
8 325 99999 99999
9 469 938 328
10 609 1218 99999
11 663 99999 464
12 452 99999 316
13 403 99999 282
14 527 1054 99999
15 536 1072 99999
16 481 99999 336
17 558 1116 99999
18 394 788 99999
19 571 1142 99999
20 488 99999 341
21 538 1076 99999
22 509 99999 356
23 418 99999 99999
24 563 1126 394
25 483 99999 338
26 321 642 224
27 392 784 274
28 483 99999 338
29 473 946 99999
30 610 99999 99999
31 571 1142 99999
32 792 1584 99999
33 668 99999 99999
34 607 1214 424
35 455 99999 99999
36 647 99999 452
37 523 99999 99999
38 730 99999 99999
39 477 99999 99999
40 308 99999 99999
41 338 99999 236
42 493 986 99999
43 327 654 99999
44 286 99999 99999
45 582 99999 99999
46 665 99999 99999
47 372 99999 260
48 495 99999 99999
49 551 1102 99999
50 388 99999 271
51 420 99999 99999
52 422 99999 295
53 489 978 342
54 655 99999 99999
55 415 99999 290
56 487 99999 99999
57 475 950 332
58 628 99999 99999
59 532 99999 372
60 274 99999 99999
61 739 99999 99999
62 292 99999 204
63 436 99999 305
64 349 698 99999
65 449 99999 99999
66 450 900 99999
67 491 982 343
68 537 1074 375
69 640 1280 99999
70 591 99999 413
71 351 99999 99999
72 424 99999 296
73 485 99999 339
74 496 99999 347
75 386 772 270
76 289 99999 202
77 544 99999 99999
78 462 99999 323
79 505 99999 353
80 561 1122 392
81 695 99999 99999
82 402 99999 99999
83 393 786 275
84 685 99999 99999
85 618 99999 99999
86 496 992 99999
87 468 99999 99999
88 495 990 346
89 427 99999 99999
90 608 1216 99999
91 538 99999 99999
92 345 99999 99999
93 356 99999 249
94 621 1242 99999
95 495 990 99999
96 556 1112 389
97 480 99999 99999
98 471 942 99999
99 266 532 99999
100 762 99999 99999
<precedence relations>
1,8
2,9
2,13
3,11
6,10
7,12
7,13
8,14
9,16
10,15
10,20
11,19
12,17
12,18
14,21
15,22
16,23
17,24
17,35
19,25
19,28
20,25
20,26
20,27
21,29
22,30
23,32
24,33
25,31
25,36
26,34
26,38
27,35
27,37
27,75
28,39
28,56
29,40
30,43
31,44
32,45
33,46
34,41
35,42
35,47
36,45
37,48
39,86
40,54
41,49
42,50
43,52
44,53
45,51
45,55
45,56
46,55
46,57
48,58
49,61
50,65
51,62
52,63
53,64
54,66
54,100
55,59
56,60
56,93
59,68
60,69
61,70
62,71
63,72
64,67
64,73
64,74
65,73
65,76
66,75
67,78
68,79
69,80
70,82
71,82
72,81
73,77
73,87
74,86
75,83
75,85
76,84
77,88
78,89
79,91
80,90
81,91
84,92
87,93
88,96
89,94
90,95
91,97
91,98
91,99
91,100
<end>
