<number of tasks>
50
<number of stations>
13
<order strength>
0.201
<type of the robots>
1
<upper bound>
4260
<robot flexibility>
0.2
<collaboration flexibility>
0.2
<number of robots>
5
<task times>
1 538 99999 99999
2 469 99999 99999
3 583 99999 99999
4 429 99999 99999
5 564 1128 99999
6 585 99999 99999
7 754 99999 527
8 453 99999 99999
9 472 99999 99999
10 612 99999 428
11 389 99999 99999
12 284 99999 99999
13 725 1450 99999
14 506 99999 99999
15 583 99999 99999
16 528 99999 99999
17 572 1144 99999
18 611 99999 99999
19 673 1346 99999
20 469 99999 99999
21 639 99999 447
22 752 99999 99999
23 500 99999 99999
24 650 99999 99999
25 628 99999 99999
26 511 99999 99999
27 295 99999 99999
28 682 99999 99999
29 581 99999 406
30 662 1324 463
31 514 99999 359
32 503 99999 99999
33 559 1118 99999
34 801 99999 99999
35 676 1352 99999
36 525 99999 99999
37 798 99999 558
38 764 99999 99999
39 242 99999 99999
40 317 634 221
41 578 99999 404
42 507 99999 99999
43 366 99999 99999
44 600 99999 99999
45 556 1112 389
46 587 99999 99999
47 420 840 99999
48 552 99999 99999
49 502 99999 99999
50 618 99999 99999
<precedence relations>
1,6
2,7
3,8
4,9
4,10
4,11
5,10
5,23
5,43
6,13
7,14
8,15
9,12
9,16
10,19
11,17
11,18
12,20
13,22
14,23
15,24
16,21
17,25
18,25
19,26
19,27
20,28
21,29
22,30
23,31
25,32
26,31
26,33
28,34
29,35
30,37
31,36
31,39
32,38
34,41
35,43
36,40
37,44
38,42
39,44
39,45
39,46
40,48
41,47
42,48
43,50
44,49
<end>
