<number of tasks>
20
<number of stations>
10
<order strength>
0.8
<type of the robots>
1
<upper bound>
1992
<robot flexibility>
0.2
<collaboration flexibility>
0.2
<number of robots>
4
<task times>
1 383 99999 99999
2 567 99999 99999
3 379 99999 99999
4 236 99999 99999
5 420 99999 99999
6 470 99999 99999
7 512 1024 99999
8 497 994 347
9 619 99999 433
10 630 99999 99999
11 388 99999 271
12 580 99999 406
13 488 976 99999
14 514 99999 99999
15 662 99999 99999
16 387 99999 99999
17 561 1122 99999
18 555 99999 99999
19 534 99999 99999
20 577 99999 99999
<precedence relations>
1,4
2,5
3,8
3,9
4,6
4,7
5,6
5,7
6,8
6,9
6,10
7,8
7,9
8,11
8,12
8,13
9,11
9,12
9,13
10,11
10,12
10,15
11,16
12,18
13,14
14,15
14,16
14,17
16,18
17,19
18,19
18,20
<end>
