<number of tasks>
20
<number of stations>
10
<order strength>
0.2
<type of the robots>
1
<upper bound>
702
<robot flexibility>
0.2
<collaboration flexibility>
0.2
<number of robots>
0
<task times>
1 295 99999 99999
2 104 99999 99999
3 129 99999 99999
4 220 440 99999
5 87 99999 99999
6 148 99999 99999
7 177 354 99999
8 192 99999 99999
9 85 170 59
10 245 490 171
11 65 99999 99999
12 314 99999 99999
13 178 99999 124
14 207 99999 99999
15 157 99999 99999
16 216 99999 151
17 250 99999 99999
18 123 99999 99999
19 203 99999 99999
20 112 99999 99999
<precedence relations>
1,6
2,7
3,5
3,8
4,9
5,10
6,11
7,12
8,13
8,15
9,14
9,16
10,18
11,18
12,18
13,17
15,19
17,20
<end>
