<number of tasks>
100
<number of stations>
25
<order strength>
0.895
<type of the robots>
1
<upper bound>
1703
<robot flexibility>
0.4
<collaboration flexibility>
0.4
<number of robots>
10
<task times>
1 225 99999 157
2 357 99999 249
3 308 99999 215
4 298 99999 99999
5 105 99999 99999
6 450 900 315
7 302 604 99999
8 62 99999 43
9 398 796 99999
10 103 206 99999
11 207 99999 99999
12 94 99999 65
13 527 1054 368
14 60 99999 42
15 477 954 333
16 505 1010 99999
17 121 242 84
18 144 99999 99999
19 90 99999 63
20 154 99999 99999
21 105 99999 73
22 92 184 99999
23 165 330 115
24 102 204 99999
25 336 99999 99999
26 31 99999 21
27 40 99999 99999
28 29 58 99999
29 291 582 99999
30 47 99999 99999
31 189 99999 99999
32 172 99999 99999
33 488 976 341
34 344 688 240
35 144 288 100
36 31 99999 21
37 194 388 99999
38 42 99999 99999
39 33 99999 99999
40 43 99999 30
41 25 99999 17
42 366 99999 256
43 514 99999 99999
44 490 99999 343
45 101 99999 99999
46 84 99999 99999
47 192 99999 99999
48 134 268 99999
49 115 230 80
50 53 99999 37
51 42 99999 29
52 145 290 99999
53 93 99999 99999
54 509 1018 356
55 204 99999 142
56 27 99999 99999
57 190 380 133
58 163 99999 99999
59 151 99999 99999
60 95 99999 99999
61 30 60 99999
62 77 154 99999
63 272 544 99999
64 26 52 18
65 491 99999 343
66 140 99999 99999
67 147 99999 102
68 430 99999 99999
69 413 826 289
70 198 396 99999
71 106 212 99999
72 521 1042 99999
73 64 99999 99999
74 96 99999 99999
75 24 99999 16
76 111 99999 77
77 326 652 228
78 436 99999 99999
79 135 270 99999
80 126 252 99999
81 300 99999 99999
82 251 99999 99999
83 417 834 99999
84 38 76 99999
85 67 99999 99999
86 492 99999 344
87 227 454 99999
88 445 99999 99999
89 35 70 24
90 87 99999 99999
91 547 99999 99999
92 178 356 99999
93 98 99999 99999
94 516 99999 99999
95 70 99999 49
96 346 692 99999
97 405 99999 283
98 569 99999 99999
99 329 658 99999
100 102 99999 71
<precedence relations>
1,5
1,6
2,5
2,6
3,5
3,6
4,5
4,6
5,7
5,8
5,9
5,10
6,7
6,8
6,9
6,10
7,11
7,12
8,11
8,12
9,11
9,12
10,11
10,12
11,13
11,14
11,15
12,13
12,14
12,15
13,16
13,17
13,18
14,16
14,17
14,18
15,16
15,17
15,18
16,19
16,20
16,21
16,22
17,19
17,20
17,21
17,22
18,19
18,20
18,21
18,22
19,23
19,24
19,25
19,26
19,27
20,23
20,24
20,25
21,23
21,27
22,23
22,24
22,25
22,26
22,27
23,28
23,29
24,28
24,29
24,30
24,31
24,32
25,28
25,31
25,32
26,28
26,29
26,30
26,31
27,28
27,29
27,31
28,33
28,34
28,35
29,33
29,34
29,35
30,33
30,34
30,35
31,33
31,37
32,35
33,36
33,38
34,36
34,37
34,38
35,36
35,37
35,38
36,39
36,40
36,41
37,39
37,40
37,41
37,42
38,40
38,42
39,43
39,44
39,45
40,43
40,44
40,45
41,60
41,63
42,45
42,46
42,49
43,46
43,47
43,49
44,62
45,47
45,48
45,57
46,53
46,58
47,52
47,60
48,60
48,64
48,67
49,50
49,51
49,56
50,54
50,57
50,68
51,54
51,55
51,57
51,59
52,54
52,55
52,58
52,59
53,56
53,69
54,61
54,62
56,60
57,69
58,70
58,71
59,80
60,62
60,65
61,63
61,64
62,66
62,78
63,67
63,69
64,69
65,66
65,68
66,71
66,79
67,71
68,70
68,71
69,70
70,74
71,72
71,73
72,92
73,80
74,75
74,76
74,77
75,78
75,80
76,78
76,79
76,82
77,79
77,81
78,81
79,84
79,88
80,81
80,82
81,83
81,84
81,85
81,86
82,84
82,85
84,90
84,91
85,87
85,91
86,87
86,88
86,89
88,97
89,92
90,93
90,100
91,92
91,93
91,94
92,95
92,96
94,99
95,98
95,99
95,100
96,97
<end>
