<number of tasks>
100
<number of stations>
50
<order strength>
0.895
<type of the robots>
1
<upper bound>
552
<robot flexibility>
0.2
<collaboration flexibility>
0.2
<number of robots>
20
<task times>
1 216 432 151
2 132 264 92
3 90 99999 99999
4 232 99999 162
5 187 99999 99999
6 53 99999 37
7 123 99999 99999
8 107 99999 74
9 104 99999 99999
10 295 99999 99999
11 67 99999 99999
12 167 99999 99999
13 90 99999 99999
14 125 99999 99999
15 75 99999 99999
16 159 99999 99999
17 52 99999 99999
18 244 488 99999
19 131 99999 99999
20 95 190 99999
21 72 99999 99999
22 28 99999 99999
23 280 99999 99999
24 183 99999 99999
25 84 168 99999
26 191 382 133
27 198 99999 99999
28 171 99999 99999
29 158 99999 110
30 34 68 99999
31 205 99999 99999
32 196 99999 99999
33 202 99999 99999
34 211 99999 99999
35 209 99999 99999
36 121 99999 99999
37 303 99999 99999
38 89 99999 62
39 48 99999 99999
40 42 99999 99999
41 155 310 99999
42 108 99999 99999
43 146 99999 99999
44 170 99999 99999
45 230 99999 99999
46 128 99999 99999
47 89 99999 99999
48 82 99999 99999
49 275 99999 99999
50 44 99999 99999
51 157 99999 109
52 122 99999 85
53 181 99999 99999
54 172 99999 120
55 70 99999 99999
56 81 99999 99999
57 246 99999 99999
58 252 99999 99999
59 163 99999 99999
60 115 230 80
61 138 99999 99999
62 22 44 15
63 56 99999 39
64 70 140 99999
65 84 168 99999
66 216 99999 151
67 78 156 54
68 105 99999 99999
69 86 99999 99999
70 57 114 99999
71 185 99999 99999
72 85 170 99999
73 194 388 99999
74 249 498 99999
75 107 99999 99999
76 147 99999 99999
77 196 99999 99999
78 111 99999 99999
79 177 99999 99999
80 222 99999 99999
81 199 99999 99999
82 59 118 99999
83 122 99999 99999
84 114 99999 79
85 115 99999 99999
86 33 99999 99999
87 38 99999 26
88 177 99999 99999
89 29 99999 20
90 101 99999 99999
91 238 99999 99999
92 51 99999 99999
93 182 99999 99999
94 127 254 99999
95 60 99999 99999
96 128 99999 99999
97 147 99999 102
98 207 99999 99999
99 91 182 99999
100 238 99999 99999
<precedence relations>
1,16
1,17
2,4
2,5
2,6
3,4
3,5
3,6
4,7
4,8
5,7
5,8
5,10
6,9
7,11
7,13
8,11
8,12
8,13
9,11
9,12
9,13
10,11
10,12
10,13
11,14
11,15
11,16
11,17
12,14
12,15
12,16
12,17
13,14
13,15
13,21
14,18
14,19
15,23
15,24
15,27
16,19
16,20
16,21
17,18
17,19
17,20
17,21
18,22
18,23
18,24
18,25
19,22
19,23
19,25
20,22
20,23
20,24
20,27
21,22
21,23
21,24
22,32
23,26
23,29
24,26
24,28
24,29
25,26
25,27
25,28
25,29
26,30
27,68
27,69
28,30
28,31
29,30
29,31
30,32
30,33
30,34
31,32
31,33
31,34
32,35
32,36
32,37
32,38
33,35
33,36
33,37
33,38
34,35
34,36
34,37
34,38
35,39
35,40
36,39
37,52
38,39
38,40
39,42
39,43
40,41
40,43
41,45
41,46
42,44
42,46
43,44
43,45
43,46
44,47
44,48
44,49
44,50
45,47
45,48
46,48
47,51
47,52
48,51
48,56
49,51
49,52
49,53
50,51
50,52
50,53
51,54
51,55
51,57
52,54
52,55
52,57
53,55
53,56
53,57
54,58
54,68
54,69
55,58
55,60
55,61
55,62
56,60
57,59
57,65
58,65
58,67
59,62
60,64
60,68
61,63
62,66
62,67
62,68
62,69
63,66
63,67
63,68
64,66
64,67
64,69
65,66
65,74
66,70
66,79
66,80
67,70
67,82
68,84
68,86
68,87
69,70
69,71
70,76
71,72
71,73
71,74
72,76
72,77
73,75
73,76
73,78
74,78
75,79
75,88
76,81
78,80
79,82
80,85
81,83
81,84
81,85
82,99
83,97
84,88
85,86
85,87
86,90
86,91
86,95
87,89
87,92
87,94
88,93
89,95
89,98
90,94
92,96
93,94
93,96
93,97
94,98
94,99
95,99
95,100
97,98
97,100
<end>
