<number of tasks>
20
<number of stations>
5
<order strength>
0.2
<type of the robots>
1
<upper bound>
4306
<robot flexibility>
0.4
<collaboration flexibility>
0.4
<number of robots>
1
<task times>
1 389 778 272
2 535 99999 99999
3 582 99999 407
4 701 1402 99999
5 539 1078 99999
6 525 99999 367
7 421 99999 99999
8 359 99999 251
9 586 99999 410
10 554 1108 99999
11 663 1326 99999
12 664 99999 99999
13 648 1296 453
14 618 99999 432
15 533 99999 99999
16 373 99999 261
17 379 99999 99999
18 761 1522 99999
19 567 99999 99999
20 367 734 99999
<precedence relations>
1,5
2,6
2,7
4,8
5,13
7,11
8,9
8,10
8,12
11,14
12,17
13,15
13,16
15,20
16,18
17,19
<end>
