<number of tasks>
100
<number of stations>
50
<order strength>
0.895
<type of the robots>
1
<upper bound>
925
<robot flexibility>
0.4
<collaboration flexibility>
0.4
<number of robots>
10
<task times>
1 365 99999 99999
2 107 214 74
3 250 99999 175
4 85 99999 99999
5 166 99999 116
6 311 99999 217
7 122 99999 85
8 332 99999 99999
9 324 99999 99999
10 594 99999 415
11 170 340 99999
12 34 99999 99999
13 288 576 99999
14 361 99999 99999
15 287 99999 99999
16 292 99999 204
17 91 99999 99999
18 193 99999 99999
19 465 99999 325
20 64 99999 99999
21 32 99999 22
22 34 68 99999
23 165 99999 99999
24 101 202 70
25 471 99999 99999
26 246 99999 99999
27 335 99999 99999
28 46 99999 99999
29 209 418 146
30 229 99999 160
31 304 99999 99999
32 69 99999 48
33 23 99999 99999
34 202 99999 141
35 214 428 99999
36 133 99999 99999
37 181 362 99999
38 166 99999 116
39 182 364 127
40 131 99999 91
41 111 99999 99999
42 483 99999 99999
43 493 99999 99999
44 242 99999 99999
45 377 754 263
46 197 394 137
47 329 99999 99999
48 126 99999 99999
49 133 266 99999
50 211 422 147
51 136 272 95
52 127 254 99999
53 208 99999 145
54 381 762 99999
55 37 74 99999
56 228 456 159
57 399 99999 279
58 374 748 99999
59 194 99999 99999
60 199 398 99999
61 143 99999 99999
62 193 386 135
63 92 99999 64
64 238 476 99999
65 119 99999 83
66 90 180 99999
67 348 696 243
68 340 99999 99999
69 279 558 99999
70 503 99999 99999
71 196 99999 137
72 23 99999 99999
73 86 172 60
74 175 99999 99999
75 105 210 73
76 532 1064 99999
77 545 99999 99999
78 115 99999 80
79 491 982 343
80 513 99999 99999
81 35 70 24
82 114 228 99999
83 491 99999 343
84 441 99999 99999
85 32 99999 99999
86 27 99999 99999
87 461 922 99999
88 433 99999 303
89 66 99999 99999
90 244 99999 99999
91 453 906 99999
92 163 326 114
93 166 332 99999
94 217 434 99999
95 493 99999 99999
96 487 99999 340
97 64 128 44
98 154 308 107
99 27 54 99999
100 53 106 99999
<precedence relations>
1,18
2,4
2,5
2,6
3,4
3,5
3,6
4,7
4,8
4,9
4,10
4,11
5,7
5,8
5,9
5,10
5,11
6,7
6,8
6,9
6,10
6,11
7,12
7,13
7,14
7,15
8,12
8,13
8,14
8,15
9,12
9,13
9,14
9,15
10,12
10,13
10,14
10,15
11,12
11,13
11,14
11,15
12,16
12,17
12,18
12,19
12,20
13,16
13,17
13,18
13,19
13,20
14,16
14,17
14,18
14,19
14,20
15,16
15,17
15,18
15,19
15,20
16,21
16,22
16,23
17,21
17,22
17,23
18,21
19,23
20,21
20,23
21,24
21,25
21,26
21,27
22,24
22,25
22,26
22,27
23,24
23,25
23,26
23,27
24,28
24,29
24,32
25,28
25,31
26,30
26,34
27,28
27,29
27,30
27,31
27,32
27,33
27,34
28,36
28,41
29,35
29,36
29,37
29,38
30,35
30,36
30,38
31,35
31,37
32,54
33,45
33,47
34,35
34,36
34,37
34,38
35,39
35,40
35,41
36,39
37,39
37,40
37,41
38,39
39,42
40,45
40,47
41,42
42,43
42,44
42,45
43,47
44,46
44,48
45,46
45,48
46,49
46,50
46,51
46,52
47,49
47,50
47,51
47,52
48,59
48,63
49,54
50,53
50,54
50,55
51,54
51,55
52,53
52,54
52,55
53,56
53,62
54,56
54,57
54,58
55,56
55,57
55,58
56,59
56,60
56,61
56,63
57,59
57,61
57,62
58,61
58,64
58,84
59,64
59,65
59,66
60,87
61,67
61,76
62,63
62,65
62,72
63,67
63,68
63,73
64,93
64,96
65,68
66,67
66,68
66,69
67,75
67,91
67,98
68,70
68,71
68,77
69,70
69,72
69,73
70,74
71,75
71,76
71,80
72,79
72,91
73,76
73,77
73,80
74,78
74,79
74,80
76,78
77,78
77,79
78,83
79,81
79,82
79,84
80,82
80,84
80,86
81,85
82,88
82,93
82,94
83,85
83,86
83,87
84,92
84,93
85,96
86,89
87,88
87,92
87,94
88,90
89,90
89,91
89,92
89,93
90,95
91,94
94,97
95,96
96,98
96,99
97,100
<end>
