<number of tasks>
20
<number of stations>
5
<order strength>
0.8
<type of the robots>
1
<upper bound>
1549
<robot flexibility>
0.4
<collaboration flexibility>
0.4
<number of robots>
1
<task times>
1 112 99999 78
2 67 99999 46
3 295 590 206
4 428 856 99999
5 162 99999 99999
6 386 772 99999
7 502 99999 99999
8 391 99999 273
9 82 164 99999
10 305 610 213
11 107 214 99999
12 40 99999 99999
13 113 99999 79
14 105 210 99999
15 145 290 99999
16 161 99999 99999
17 257 99999 179
18 21 99999 99999
19 161 99999 112
20 32 99999 99999
<precedence relations>
1,3
2,9
2,11
3,4
3,5
4,8
4,10
4,12
5,6
5,7
6,9
6,10
7,8
7,9
8,13
9,12
9,13
10,11
11,15
12,14
12,15
13,14
13,15
14,16
15,16
15,17
16,19
16,20
17,18
17,19
<end>
