<number of tasks>
20
<number of stations>
5
<order strength>
0.2
<type of the robots>
1
<upper bound>
3470
<robot flexibility>
0.2
<collaboration flexibility>
0.2
<number of robots>
2
<task times>
1 458 99999 99999
2 327 99999 99999
3 363 99999 254
4 555 99999 388
5 294 99999 99999
6 373 99999 99999
7 463 99999 99999
8 413 99999 99999
9 413 826 99999
10 332 99999 99999
11 330 99999 99999
12 432 99999 99999
13 629 99999 99999
14 517 1034 99999
15 576 1152 403
16 458 99999 320
17 464 99999 99999
18 608 99999 99999
19 278 556 99999
20 391 99999 99999
<precedence relations>
1,5
2,6
3,8
4,7
4,9
5,10
6,13
7,11
8,12
10,16
11,14
12,15
14,17
15,18
16,19
16,20
<end>
