<number of tasks>
100
<number of stations>
50
<order strength>
0.201
<type of the robots>
1
<upper bound>
2027
<robot flexibility>
0.2
<collaboration flexibility>
0.2
<number of robots>
20
<task times>
1 571 99999 99999
2 468 99999 99999
3 839 99999 99999
4 421 99999 99999
5 553 99999 99999
6 448 896 99999
7 605 99999 99999
8 673 99999 471
9 401 99999 280
10 497 99999 99999
11 417 99999 99999
12 677 99999 99999
13 458 916 99999
14 492 99999 344
15 460 99999 99999
16 440 99999 99999
17 537 99999 375
18 327 99999 99999
19 482 99999 99999
20 561 99999 392
21 468 99999 99999
22 430 860 99999
23 380 99999 99999
24 499 99999 349
25 662 99999 99999
26 727 99999 99999
27 384 768 99999
28 578 99999 99999
29 560 99999 99999
30 694 99999 485
31 455 99999 99999
32 672 99999 470
33 488 99999 341
34 526 99999 99999
35 273 546 191
36 486 99999 99999
37 409 99999 99999
38 481 962 99999
39 602 99999 421
40 648 1296 99999
41 552 99999 386
42 458 99999 99999
43 433 99999 99999
44 558 99999 99999
45 593 99999 415
46 617 1234 431
47 569 99999 99999
48 446 892 99999
49 318 636 99999
50 515 99999 99999
51 536 1072 99999
52 632 99999 99999
53 364 99999 99999
54 594 99999 99999
55 405 99999 99999
56 527 1054 99999
57 524 99999 99999
58 814 99999 99999
59 416 832 99999
60 439 878 99999
61 598 99999 99999
62 633 99999 443
63 263 526 99999
64 553 99999 99999
65 547 99999 382
66 507 99999 99999
67 350 99999 99999
68 361 99999 99999
69 641 99999 99999
70 364 99999 99999
71 606 99999 99999
72 621 1242 434
73 546 99999 99999
74 417 834 99999
75 451 99999 99999
76 526 99999 99999
77 310 99999 99999
78 626 99999 438
79 587 99999 99999
80 443 99999 99999
81 424 99999 99999
82 444 888 99999
83 427 99999 99999
84 264 528 99999
85 565 99999 395
86 425 99999 297
87 295 99999 99999
88 528 99999 99999
89 553 1106 99999
90 682 99999 99999
91 585 99999 99999
92 360 99999 99999
93 330 99999 99999
94 790 99999 99999
95 429 99999 99999
96 490 99999 99999
97 611 99999 99999
98 574 99999 99999
99 537 99999 99999
100 332 99999 99999
<precedence relations>
1,72
2,12
3,13
4,14
5,15
6,16
7,11
8,9
8,10
9,60
10,72
11,72
12,19
13,21
14,18
15,17
15,20
15,22
15,25
16,23
16,24
17,28
18,26
19,30
20,29
20,32
20,53
21,55
23,33
23,34
23,35
24,27
24,31
24,36
26,60
27,60
28,37
29,39
30,41
31,40
31,43
31,45
32,42
32,44
34,46
35,38
36,47
37,60
38,72
39,50
40,49
40,54
42,48
43,53
45,52
47,51
48,60
49,57
50,56
51,55
52,58
52,59
55,60
56,60
57,63
58,61
58,62
58,66
59,64
59,65
60,67
60,68
60,69
60,70
60,71
60,75
61,72
62,72
63,73
65,74
65,76
66,77
67,82
70,84
71,86
72,78
72,79
72,80
72,81
74,83
76,85
78,87
78,90
80,91
82,88
83,89
84,92
87,93
88,94
89,95
90,96
90,99
91,97
92,98
92,100
<end>
