<number of tasks>
100
<number of stations>
50
<order strength>
0.895
<type of the robots>
1
<upper bound>
788
<robot flexibility>
0.2
<collaboration flexibility>
0.2
<number of robots>
20
<task times>
1 167 99999 116
2 23 99999 99999
3 230 99999 99999
4 43 86 99999
5 318 99999 99999
6 142 99999 99999
7 222 99999 99999
8 564 99999 99999
9 193 386 135
10 193 99999 99999
11 151 99999 99999
12 55 110 38
13 227 99999 158
14 151 99999 105
15 164 99999 99999
16 96 192 99999
17 109 218 99999
18 28 99999 99999
19 549 99999 99999
20 276 99999 99999
21 143 99999 99999
22 70 140 99999
23 101 99999 99999
24 242 99999 99999
25 248 99999 99999
26 86 99999 99999
27 289 99999 99999
28 84 99999 99999
29 405 99999 99999
30 92 99999 99999
31 393 99999 99999
32 150 300 99999
33 127 99999 88
34 72 99999 50
35 447 99999 99999
36 190 99999 99999
37 22 44 99999
38 324 99999 99999
39 194 99999 99999
40 113 99999 79
41 144 288 99999
42 132 99999 99999
43 235 99999 164
44 296 99999 99999
45 97 99999 99999
46 270 99999 99999
47 62 124 99999
48 556 1112 389
49 185 99999 99999
50 545 99999 99999
51 110 99999 99999
52 92 99999 99999
53 146 99999 99999
54 198 99999 99999
55 269 99999 99999
56 162 99999 99999
57 133 99999 99999
58 255 99999 99999
59 216 99999 151
60 167 99999 99999
61 105 99999 99999
62 169 99999 99999
63 63 99999 99999
64 140 99999 99999
65 505 1010 99999
66 278 99999 194
67 292 584 99999
68 247 99999 99999
69 248 99999 173
70 82 99999 99999
71 213 99999 99999
72 337 99999 99999
73 373 99999 99999
74 480 99999 99999
75 261 522 99999
76 209 99999 99999
77 113 226 99999
78 240 99999 99999
79 198 396 138
80 89 178 99999
81 322 99999 99999
82 88 99999 61
83 105 99999 99999
84 80 99999 56
85 231 99999 99999
86 108 99999 75
87 51 99999 99999
88 78 156 99999
89 100 99999 70
90 102 99999 99999
91 234 99999 99999
92 103 206 99999
93 69 99999 99999
94 74 99999 51
95 407 99999 99999
96 137 99999 99999
97 454 99999 99999
98 110 99999 77
99 107 214 99999
100 129 99999 99999
<precedence relations>
1,5
2,4
2,5
2,6
3,4
3,5
3,6
4,7
4,8
4,9
4,10
4,11
5,7
5,8
5,9
5,10
5,11
6,7
6,8
7,12
7,13
7,14
7,15
8,12
9,12
9,13
9,14
9,15
10,12
10,13
10,14
11,12
12,16
12,17
12,18
12,19
12,20
13,17
13,18
13,21
14,16
14,17
14,18
14,19
15,18
15,19
15,20
15,21
16,22
16,23
16,24
17,22
17,23
17,24
18,22
18,23
18,24
19,22
19,23
19,24
20,22
20,23
20,24
21,22
21,23
22,25
22,26
22,27
22,30
23,29
23,34
24,25
24,26
24,27
24,28
25,31
25,34
25,35
26,31
26,32
26,33
27,31
27,32
28,33
28,36
29,45
30,33
30,36
31,36
32,34
32,35
32,36
33,34
33,35
34,37
34,38
35,53
35,58
36,37
36,38
37,39
37,40
37,42
38,39
38,40
38,41
38,42
39,43
39,44
39,45
39,46
40,43
40,44
40,45
40,46
41,43
41,44
41,45
41,46
42,43
42,44
42,45
43,49
43,50
43,51
44,47
44,48
45,47
45,48
46,47
46,48
47,49
47,50
47,51
48,49
48,50
48,51
49,52
50,52
51,52
52,53
52,54
52,55
52,56
52,57
52,58
53,59
53,60
53,61
54,59
54,60
54,61
55,59
55,60
55,61
56,59
56,60
57,61
58,59
58,65
58,68
59,67
59,70
60,62
60,63
61,62
62,64
62,67
62,68
62,72
63,65
63,66
63,75
64,78
65,69
65,72
66,85
66,86
67,69
68,70
68,71
68,77
69,73
69,74
70,75
71,95
72,98
73,82
73,83
74,77
74,93
74,94
75,76
76,78
76,80
77,79
77,88
78,83
79,84
79,91
80,81
80,82
80,83
80,84
81,85
81,91
81,92
83,86
84,85
85,95
86,87
86,88
87,90
87,91
87,93
87,94
88,89
88,92
88,97
91,96
92,95
93,97
95,99
96,98
97,98
97,100
<end>
