<number of tasks>
20
<number of stations>
10
<order strength>
0.2
<type of the robots>
1
<upper bound>
916
<robot flexibility>
0.4
<collaboration flexibility>
0.4
<number of robots>
4
<task times>
1 149 99999 99999
2 162 99999 113
3 280 560 99999
4 140 99999 99999
5 45 90 99999
6 590 99999 99999
7 171 99999 119
8 276 99999 99999
9 111 222 99999
10 381 99999 99999
11 116 232 81
12 186 99999 130
13 482 99999 99999
14 343 686 99999
15 185 99999 99999
16 34 99999 23
17 181 362 126
18 79 158 55
19 393 99999 275
20 273 546 99999
<precedence relations>
1,6
1,8
2,7
3,10
5,9
6,11
7,12
8,14
9,13
10,15
11,16
12,18
13,17
14,18
15,19
16,20
17,20
<end>
