<number of tasks>
20
<number of stations>
10
<order strength>
0.2
<type of the robots>
1
<upper bound>
553
<robot flexibility>
0.4
<collaboration flexibility>
0.4
<number of robots>
4
<task times>
1 132 99999 99999
2 202 404 141
3 130 260 99999
4 176 99999 99999
5 253 99999 177
6 181 362 99999
7 78 99999 54
8 167 99999 99999
9 203 99999 99999
10 82 164 99999
11 155 99999 99999
12 93 186 65
13 128 256 89
14 90 180 99999
15 99 99999 69
16 63 99999 99999
17 192 99999 134
18 206 412 99999
19 63 99999 44
20 69 99999 99999
<precedence relations>
2,5
2,7
2,8
2,9
3,4
3,6
3,10
5,11
7,12
8,13
11,16
12,14
12,15
14,17
14,18
15,20
16,19
<end>
