<number of tasks>
50
<number of stations>
25
<order strength>
0.2
<type of the robots>
1
<upper bound>
621
<robot flexibility>
0.2
<collaboration flexibility>
0.2
<number of robots>
10
<task times>
1 181 362 99999
2 150 99999 105
3 98 99999 99999
4 52 99999 36
5 172 99999 99999
6 208 99999 99999
7 114 228 99999
8 149 99999 99999
9 217 99999 151
10 87 99999 99999
11 139 99999 99999
12 96 99999 99999
13 91 99999 99999
14 164 99999 99999
15 224 99999 99999
16 203 406 99999
17 122 99999 99999
18 229 99999 99999
19 240 99999 168
20 135 99999 94
21 168 99999 117
22 231 99999 99999
23 191 99999 99999
24 240 99999 99999
25 281 99999 99999
26 253 506 99999
27 158 316 99999
28 209 99999 146
29 59 99999 99999
30 24 99999 99999
31 68 99999 47
32 47 99999 99999
33 199 99999 99999
34 324 99999 99999
35 161 99999 99999
36 51 99999 99999
37 164 328 99999
38 26 52 99999
39 141 99999 99999
40 249 99999 174
41 114 99999 99999
42 154 99999 99999
43 97 99999 99999
44 243 99999 99999
45 27 99999 99999
46 69 138 99999
47 323 99999 226
48 76 152 99999
49 308 616 99999
50 28 99999 99999
<precedence relations>
1,9
2,10
3,8
3,11
4,12
5,14
6,13
7,24
7,36
8,15
9,16
10,18
11,17
12,19
14,20
14,30
15,21
16,22
17,23
18,24
18,25
19,35
20,45
21,27
22,26
23,27
24,29
25,28
25,30
25,49
26,32
27,31
27,33
27,34
27,37
28,36
30,35
31,38
32,42
33,40
34,41
35,39
35,45
36,44
36,45
37,43
38,48
39,46
40,47
41,49
43,50
<end>
