<number of tasks>
50
<number of stations>
25
<order strength>
0.199
<type of the robots>
1
<upper bound>
931
<robot flexibility>
0.2
<collaboration flexibility>
0.2
<number of robots>
10
<task times>
1 343 99999 240
2 125 99999 99999
3 263 99999 99999
4 166 99999 99999
5 196 99999 99999
6 141 282 99999
7 81 99999 99999
8 209 418 99999
9 523 99999 99999
10 37 99999 99999
11 366 99999 99999
12 141 99999 99999
13 472 99999 99999
14 165 330 99999
15 62 124 99999
16 492 99999 344
17 188 99999 99999
18 171 99999 119
19 82 99999 99999
20 474 99999 99999
21 24 99999 99999
22 364 99999 99999
23 482 99999 99999
24 520 99999 364
25 183 99999 99999
26 89 178 99999
27 163 326 99999
28 232 99999 99999
29 68 136 99999
30 469 99999 99999
31 170 99999 99999
32 78 99999 99999
33 150 99999 105
34 172 99999 99999
35 431 99999 301
36 169 338 99999
37 98 99999 99999
38 97 99999 99999
39 198 99999 138
40 63 99999 99999
41 537 99999 99999
42 150 99999 99999
43 437 99999 305
44 36 99999 99999
45 468 99999 99999
46 115 99999 99999
47 535 99999 374
48 57 114 39
49 99 198 99999
50 279 99999 99999
<precedence relations>
1,8
3,9
4,8
5,10
5,12
6,11
8,14
9,18
10,13
10,15
10,16
11,34
11,43
12,17
12,34
12,42
13,49
14,21
14,22
14,23
14,25
15,19
16,20
18,24
18,25
19,49
20,31
21,32
21,46
22,27
23,26
23,30
23,33
24,28
24,29
26,35
28,36
28,37
31,38
32,34
33,39
34,40
34,50
36,40
36,46
37,43
37,44
37,45
38,41
39,42
41,47
41,50
43,49
44,47
44,48
44,49
45,50
<end>
