<number of tasks>
100
<number of stations>
25
<order strength>
0.199
<type of the robots>
1
<upper bound>
1680
<robot flexibility>
0.2
<collaboration flexibility>
0.2
<number of robots>
5
<task times>
1 91 99999 99999
2 464 99999 324
3 418 99999 99999
4 191 99999 99999
5 304 99999 99999
6 187 374 99999
7 276 99999 99999
8 89 99999 99999
9 208 416 145
10 49 99999 99999
11 32 99999 99999
12 444 99999 99999
13 187 99999 130
14 339 99999 99999
15 243 99999 99999
16 98 99999 99999
17 199 99999 99999
18 39 99999 99999
19 238 99999 99999
20 95 190 99999
21 77 99999 99999
22 28 99999 99999
23 109 218 99999
24 350 99999 99999
25 276 99999 99999
26 346 99999 99999
27 185 370 99999
28 228 99999 99999
29 100 200 99999
30 107 99999 74
31 273 99999 99999
32 516 99999 361
33 381 762 99999
34 256 99999 179
35 193 99999 135
36 317 634 99999
37 142 99999 99
38 374 99999 99999
39 416 832 99999
40 134 268 99999
41 571 99999 99999
42 311 99999 99999
43 102 99999 71
44 263 99999 99999
45 46 92 99999
46 78 99999 99999
47 25 99999 99999
48 232 99999 99999
49 234 99999 99999
50 437 99999 99999
51 317 99999 99999
52 44 99999 99999
53 312 99999 99999
54 440 880 99999
55 237 99999 99999
56 56 99999 39
57 43 99999 99999
58 31 62 99999
59 106 99999 99999
60 136 99999 99999
61 233 99999 99999
62 171 99999 119
63 38 99999 26
64 90 99999 99999
65 139 99999 99999
66 131 99999 91
67 77 99999 99999
68 359 99999 99999
69 232 99999 162
70 31 62 99999
71 492 99999 99999
72 24 48 99999
73 135 99999 94
74 171 99999 99999
75 177 99999 99999
76 526 99999 99999
77 51 99999 99999
78 316 99999 99999
79 285 99999 99999
80 61 99999 99999
81 244 99999 170
82 405 810 99999
83 111 99999 99999
84 112 99999 99999
85 177 354 99999
86 71 99999 49
87 36 99999 25
88 326 99999 99999
89 574 1148 99999
90 251 99999 99999
91 120 99999 99999
92 176 99999 99999
93 446 99999 99999
94 448 99999 313
95 38 76 26
96 192 99999 99999
97 213 99999 99999
98 136 272 99999
99 88 99999 99999
100 71 99999 99999
<precedence relations>
1,15
1,18
2,13
2,17
2,19
2,44
3,16
4,37
4,46
5,14
5,35
6,74
6,76
7,34
7,51
7,96
8,55
8,92
9,12
9,13
9,37
10,11
11,21
12,36
13,24
13,41
14,64
15,20
15,23
16,22
17,45
17,52
19,27
19,46
20,25
20,26
20,28
20,30
21,24
21,29
23,27
23,31
25,36
25,38
25,41
26,32
27,37
27,59
27,79
29,33
29,35
29,40
30,34
30,76
31,33
31,39
32,44
32,45
33,49
33,89
34,50
34,81
35,45
35,46
36,74
38,42
38,47
38,74
40,43
40,48
41,75
41,78
42,52
42,53
42,55
43,93
44,51
44,59
45,54
45,60
45,72
46,56
48,58
48,61
49,51
49,57
52,77
54,63
56,65
56,66
61,62
61,64
61,67
62,68
62,70
65,73
66,69
66,72
66,74
67,71
70,76
70,79
71,78
71,80
72,77
72,81
73,75
75,82
76,83
76,84
76,85
76,87
76,90
77,88
77,89
79,83
81,84
81,86
83,93
83,94
84,91
84,100
85,97
85,98
86,95
88,92
88,96
89,99
<end>
