<number of tasks>
100
<number of stations>
50
<order strength>
0.895
<type of the robots>
1
<upper bound>
2007
<robot flexibility>
0.2
<collaboration flexibility>
0.2
<number of robots>
10
<task times>
1 337 99999 99999
2 379 758 99999
3 357 99999 99999
4 422 99999 99999
5 368 99999 99999
6 429 99999 99999
7 485 99999 339
8 569 99999 99999
9 317 99999 99999
10 314 99999 99999
11 511 1022 99999
12 840 99999 99999
13 378 99999 99999
14 407 99999 284
15 634 99999 99999
16 399 798 279
17 440 99999 99999
18 502 99999 351
19 561 99999 392
20 461 99999 99999
21 441 99999 99999
22 497 994 99999
23 402 99999 99999
24 487 99999 99999
25 415 830 99999
26 707 99999 494
27 558 99999 390
28 363 99999 99999
29 406 99999 99999
30 458 99999 99999
31 474 99999 99999
32 524 99999 99999
33 576 99999 99999
34 517 1034 99999
35 619 99999 99999
36 332 99999 99999
37 468 99999 99999
38 473 99999 99999
39 575 99999 99999
40 382 764 99999
41 417 99999 99999
42 351 99999 99999
43 648 1296 99999
44 526 99999 99999
45 647 99999 99999
46 292 99999 99999
47 458 99999 99999
48 390 780 99999
49 445 890 99999
50 485 99999 99999
51 776 99999 99999
52 517 99999 99999
53 457 99999 99999
54 470 99999 99999
55 608 99999 99999
56 599 99999 99999
57 551 99999 99999
58 568 1136 99999
59 484 968 338
60 649 1298 99999
61 505 99999 99999
62 609 99999 99999
63 376 99999 263
64 440 99999 99999
65 373 746 261
66 288 99999 99999
67 534 99999 373
68 498 996 99999
69 549 99999 99999
70 865 1730 99999
71 624 99999 436
72 570 99999 399
73 556 99999 389
74 434 99999 99999
75 455 99999 318
76 734 99999 99999
77 647 99999 99999
78 462 99999 99999
79 584 99999 99999
80 507 99999 99999
81 501 99999 99999
82 666 99999 99999
83 622 1244 99999
84 514 1028 99999
85 580 99999 406
86 520 99999 99999
87 633 99999 99999
88 414 99999 99999
89 547 99999 99999
90 468 99999 327
91 600 99999 420
92 353 99999 99999
93 512 99999 99999
94 801 99999 99999
95 479 958 335
96 368 99999 99999
97 578 99999 99999
98 407 99999 99999
99 478 99999 99999
100 398 796 278
<precedence relations>
1,5
1,7
2,5
2,6
2,7
3,5
3,6
3,7
4,5
4,6
4,7
5,8
5,9
5,10
6,8
6,9
6,10
7,8
7,9
7,10
8,11
8,12
8,13
9,11
9,12
9,13
10,11
10,12
10,13
11,14
11,15
11,16
12,14
12,15
13,14
13,16
14,17
14,18
14,19
14,20
14,21
15,17
15,18
15,19
15,20
16,17
16,20
17,22
17,23
18,22
19,36
20,22
20,23
20,24
21,24
22,25
22,26
22,27
23,26
23,27
24,25
24,26
24,27
25,28
25,29
25,30
25,31
26,28
26,29
26,30
26,31
27,28
27,29
27,30
27,31
28,32
28,33
29,32
29,33
30,32
30,33
31,32
31,33
32,34
32,35
32,36
32,37
33,34
33,35
33,36
34,38
34,39
34,40
34,41
34,42
35,38
35,39
35,40
35,41
35,42
36,38
36,39
36,40
36,41
37,38
37,39
37,40
37,41
37,42
38,44
38,45
39,43
39,52
40,43
40,44
41,44
41,45
42,56
43,46
43,48
44,48
45,46
45,47
45,48
46,50
46,60
47,49
47,50
47,51
47,52
47,53
48,49
48,51
48,53
49,54
49,62
49,63
50,54
50,55
51,56
51,57
52,54
52,59
52,62
53,56
54,61
55,61
55,71
56,58
56,61
57,58
57,59
58,60
58,62
58,63
59,61
59,68
60,64
60,65
61,64
62,65
63,71
63,86
64,66
65,66
65,67
65,68
66,70
67,92
67,96
68,69
69,71
69,72
69,75
70,72
70,73
70,74
70,75
71,77
71,80
72,76
74,76
75,76
75,77
75,78
76,79
76,80
76,81
77,94
78,79
79,86
80,82
80,83
80,84
80,85
83,88
83,97
84,87
84,94
86,88
86,89
87,90
88,91
89,92
89,93
91,94
92,97
93,94
93,95
93,96
94,100
95,98
95,99
97,99
<end>
