<number of tasks>
20
<number of stations>
5
<order strength>
0.8
<type of the robots>
1
<upper bound>
2140
<robot flexibility>
0.2
<collaboration flexibility>
0.2
<number of robots>
0
<task times>
1 96 99999 67
2 215 99999 99999
3 149 99999 99999
4 131 99999 99999
5 139 99999 99999
6 499 99999 99999
7 51 99999 35
8 439 99999 99999
9 228 99999 99999
10 476 99999 333
11 429 858 300
12 189 99999 99999
13 204 408 99999
14 130 99999 99999
15 475 950 99999
16 200 99999 99999
17 450 900 99999
18 267 99999 99999
19 515 99999 99999
20 67 99999 99999
<precedence relations>
1,2
1,3
2,5
3,4
4,6
4,7
5,6
5,8
6,9
7,8
8,11
8,12
9,10
9,11
9,15
10,13
10,14
11,13
11,14
12,14
12,15
13,16
14,18
15,16
15,17
16,19
16,20
18,20
<end>
