<number of tasks>
20
<number of stations>
10
<order strength>
0.8
<type of the robots>
1
<upper bound>
775
<robot flexibility>
0.2
<collaboration flexibility>
0.2
<number of robots>
2
<task times>
1 112 99999 99999
2 67 99999 46
3 295 590 99999
4 428 99999 99999
5 162 99999 99999
6 386 772 99999
7 502 99999 99999
8 391 99999 273
9 82 99999 99999
10 305 610 99999
11 107 99999 99999
12 40 99999 99999
13 113 99999 79
14 105 210 99999
15 145 99999 99999
16 161 99999 99999
17 257 99999 99999
18 21 99999 99999
19 161 99999 112
20 32 99999 99999
<precedence relations>
1,3
2,9
2,11
3,4
3,5
4,8
4,10
4,12
5,6
5,7
6,9
6,10
7,8
7,9
8,13
9,12
9,13
10,11
11,15
12,14
12,15
13,14
13,15
14,16
15,16
15,17
16,19
16,20
17,18
17,19
<end>
