<number of tasks>
100
<number of stations>
25
<order strength>
0.895
<type of the robots>
1
<upper bound>
1191
<robot flexibility>
0.4
<collaboration flexibility>
0.4
<number of robots>
5
<task times>
1 63 99999 99999
2 171 342 119
3 68 136 47
4 73 146 99999
5 60 99999 99999
6 269 99999 188
7 24 99999 99999
8 128 99999 99999
9 133 99999 99999
10 186 99999 99999
11 153 306 99999
12 40 99999 28
13 33 99999 23
14 284 99999 99999
15 148 296 103
16 129 99999 90
17 109 99999 76
18 69 138 48
19 43 99999 99999
20 115 99999 80
21 297 99999 99999
22 84 168 99999
23 97 99999 99999
24 154 99999 107
25 113 99999 99999
26 241 99999 168
27 55 99999 99999
28 107 99999 99999
29 191 99999 133
30 320 99999 99999
31 134 99999 99999
32 80 160 99999
33 109 99999 99999
34 260 520 99999
35 173 99999 99999
36 100 99999 70
37 157 314 99999
38 330 99999 231
39 29 58 99999
40 65 99999 99999
41 294 588 99999
42 25 50 17
43 109 218 76
44 124 248 86
45 237 474 99999
46 192 99999 99999
47 254 508 177
48 27 54 18
49 98 99999 99999
50 85 99999 99999
51 218 436 152
52 118 99999 99999
53 387 99999 270
54 110 220 99999
55 49 98 99999
56 119 238 83
57 71 142 99999
58 321 99999 99999
59 34 68 99999
60 209 99999 146
61 253 99999 99999
62 167 334 99999
63 125 250 99999
64 104 208 99999
65 209 418 146
66 338 99999 236
67 126 99999 88
68 51 102 99999
69 146 99999 102
70 78 156 54
71 89 178 62
72 202 99999 141
73 141 99999 99999
74 115 230 99999
75 137 99999 99999
76 231 462 99999
77 107 214 99999
78 69 138 48
79 423 99999 99999
80 109 99999 76
81 49 99999 99999
82 68 99999 47
83 166 99999 116
84 136 99999 99999
85 180 360 126
86 132 264 99999
87 124 99999 99999
88 211 422 99999
89 154 99999 107
90 200 99999 99999
91 56 99999 99999
92 206 99999 144
93 266 99999 186
94 201 99999 99999
95 83 99999 99999
96 225 99999 99999
97 139 99999 99999
98 216 432 99999
99 256 99999 99999
100 114 228 79
<precedence relations>
1,13
2,5
2,6
2,7
2,8
2,9
3,5
3,6
3,7
3,8
3,9
4,5
4,8
4,9
5,10
5,11
5,12
5,13
6,10
6,11
6,12
6,13
7,10
7,11
7,12
7,13
8,10
8,11
8,12
8,13
9,10
9,11
9,12
9,13
10,14
10,15
10,16
11,14
11,15
11,16
12,14
12,15
12,16
13,14
13,15
13,16
14,17
14,18
15,17
15,18
16,17
16,18
17,19
17,20
17,21
17,22
18,19
18,20
18,21
18,22
19,23
19,24
19,25
19,26
20,23
20,24
20,25
20,26
21,23
21,24
21,25
21,26
22,23
22,24
22,25
22,26
23,27
23,28
24,27
24,28
25,27
25,28
26,27
26,28
27,29
27,30
27,31
27,32
28,29
28,30
28,31
28,32
29,33
29,34
30,33
30,34
31,33
31,34
32,33
32,34
33,35
33,36
33,37
33,38
34,35
34,36
34,37
34,38
35,39
35,40
35,41
35,42
35,43
36,39
36,40
36,41
36,42
36,43
37,39
37,40
37,41
37,42
37,43
38,39
38,40
38,41
38,42
38,43
39,44
39,45
39,46
39,47
39,48
40,44
40,45
40,46
40,47
40,48
41,44
41,45
41,46
42,45
42,47
42,49
43,44
43,45
43,46
44,61
45,51
45,52
46,49
46,50
46,51
46,52
47,50
47,51
47,52
48,49
49,54
49,55
49,57
50,53
50,56
50,57
51,84
51,85
51,86
52,53
52,54
52,55
52,56
52,57
53,58
53,59
53,60
54,58
54,59
54,60
55,58
55,59
55,60
56,58
56,59
56,60
57,58
57,59
57,60
58,61
58,62
59,61
59,62
60,61
60,62
61,63
61,64
62,63
62,64
63,65
63,66
63,67
64,80
64,94
65,68
65,89
65,92
66,69
67,69
68,70
68,71
68,74
68,83
68,96
69,72
69,73
69,74
70,78
71,75
72,76
72,77
73,78
73,84
74,76
74,86
74,94
76,80
77,79
77,81
78,81
79,82
79,83
81,94
82,84
82,85
82,86
84,87
84,88
84,89
84,90
85,88
85,90
87,91
87,92
88,93
89,91
89,99
91,95
91,98
92,94
93,94
93,95
93,96
94,97
94,98
94,99
95,100
96,99
<end>
