<number of tasks>
100
<number of stations>
25
<order strength>
0.2
<type of the robots>
1
<upper bound>
1984
<robot flexibility>
0.4
<collaboration flexibility>
0.4
<number of robots>
10
<task times>
1 543 99999 99999
2 127 254 99999
3 326 652 99999
4 234 468 99999
5 496 992 99999
6 528 1056 369
7 465 99999 99999
8 126 252 99999
9 246 492 99999
10 489 99999 99999
11 212 424 99999
12 66 99999 46
13 221 99999 99999
14 328 99999 99999
15 67 134 99999
16 52 99999 99999
17 101 99999 99999
18 214 99999 99999
19 202 99999 99999
20 86 99999 60
21 334 99999 233
22 293 586 205
23 498 99999 99999
24 195 390 136
25 291 582 203
26 141 99999 99999
27 137 99999 95
28 66 132 99999
29 325 99999 99999
30 51 102 99999
31 324 648 226
32 162 99999 99999
33 493 99999 99999
34 188 99999 99999
35 162 324 99999
36 146 292 102
37 31 62 99999
38 307 99999 214
39 50 99999 99999
40 91 99999 99999
41 442 99999 309
42 119 99999 83
43 218 436 152
44 537 99999 375
45 206 99999 144
46 170 99999 99999
47 153 99999 107
48 550 1100 99999
49 243 99999 99999
50 289 578 99999
51 366 732 99999
52 100 200 70
53 282 99999 197
54 360 99999 252
55 331 662 99999
56 551 99999 99999
57 166 332 99999
58 196 99999 99999
59 141 282 99999
60 81 99999 56
61 209 99999 99999
62 523 99999 366
63 37 99999 99999
64 366 732 99999
65 141 99999 99999
66 472 944 99999
67 165 330 99999
68 62 124 99999
69 492 984 344
70 188 376 99999
71 171 342 119
72 82 99999 57
73 474 99999 331
74 24 99999 99999
75 364 99999 99999
76 482 99999 337
77 520 99999 99999
78 183 99999 128
79 89 99999 62
80 163 99999 99999
81 232 464 162
82 68 99999 99999
83 469 99999 328
84 170 99999 99999
85 78 99999 54
86 150 300 105
87 172 344 99999
88 431 99999 99999
89 169 99999 99999
90 98 196 68
91 97 99999 67
92 198 99999 138
93 63 126 44
94 537 99999 99999
95 150 99999 99999
96 437 874 305
97 36 72 25
98 468 99999 99999
99 115 99999 99999
100 535 99999 374
<precedence relations>
1,10
1,11
1,80
2,8
3,7
3,8
4,9
4,91
6,60
7,12
7,20
7,21
7,31
7,50
8,14
8,15
8,16
8,18
9,22
9,79
10,13
10,59
11,17
11,19
11,23
11,24
12,49
15,31
17,27
18,25
18,28
18,29
18,38
20,26
20,56
20,89
20,90
21,30
21,68
24,43
24,47
25,32
25,37
27,34
28,88
29,35
31,33
31,36
32,42
32,47
32,59
33,45
34,38
34,46
35,41
35,48
37,39
37,40
37,43
37,44
38,53
39,49
39,57
39,76
41,54
41,72
42,50
42,61
44,52
44,56
45,51
45,85
46,50
46,55
46,56
47,58
48,78
49,66
50,62
52,60
52,63
52,84
53,59
54,61
55,82
56,65
57,64
58,67
59,75
59,76
61,70
61,74
62,82
63,69
63,73
64,68
64,72
65,71
65,99
65,100
68,82
69,80
69,83
69,85
71,77
71,78
71,84
72,81
73,83
74,79
77,91
79,88
79,90
79,92
80,94
82,86
82,88
82,89
82,93
83,87
85,99
86,96
86,100
88,98
88,99
90,95
93,97
<end>
