<number of tasks>
100
<number of stations>
25
<order strength>
0.895
<type of the robots>
1
<upper bound>
1714
<robot flexibility>
0.4
<collaboration flexibility>
0.4
<number of robots>
10
<task times>
1 250 500 99999
2 104 99999 72
3 403 99999 99999
4 341 682 99999
5 439 99999 99999
6 509 99999 99999
7 510 1020 357
8 178 356 99999
9 89 99999 99999
10 206 99999 144
11 274 99999 191
12 457 914 319
13 110 99999 99999
14 39 78 99999
15 69 138 99999
16 190 99999 99999
17 122 244 99999
18 274 99999 191
19 464 928 99999
20 116 99999 99999
21 154 308 99999
22 178 356 99999
23 123 99999 99999
24 51 99999 99999
25 93 99999 99999
26 138 99999 99999
27 213 99999 149
28 29 99999 99999
29 87 174 99999
30 184 99999 99999
31 109 218 99999
32 22 99999 99999
33 40 80 99999
34 76 152 53
35 311 99999 217
36 57 114 99999
37 477 99999 333
38 334 99999 233
39 63 99999 99999
40 292 584 204
41 200 99999 140
42 101 99999 70
43 120 99999 99999
44 568 99999 397
45 100 200 99999
46 541 99999 378
47 89 178 99999
48 101 202 99999
49 36 99999 99999
50 262 524 99999
51 268 536 187
52 107 99999 74
53 48 99999 33
54 93 99999 99999
55 71 99999 49
56 71 99999 49
57 29 99999 20
58 506 1012 354
59 475 99999 99999
60 313 626 99999
61 540 99999 99999
62 102 204 99999
63 140 99999 98
64 71 142 99999
65 37 99999 99999
66 185 99999 129
67 511 99999 99999
68 122 99999 99999
69 492 984 99999
70 44 99999 30
71 113 99999 79
72 425 850 99999
73 98 196 99999
74 557 1114 389
75 115 99999 80
76 124 248 99999
77 142 99999 99999
78 110 99999 99999
79 207 99999 144
80 277 554 99999
81 336 672 235
82 328 99999 229
83 275 99999 192
84 454 99999 317
85 78 156 54
86 143 99999 99999
87 473 99999 99999
88 178 99999 99999
89 295 99999 206
90 353 99999 99999
91 250 500 99999
92 131 99999 91
93 289 578 99999
94 482 964 337
95 140 99999 99999
96 220 99999 99999
97 110 220 99999
98 28 99999 99999
99 88 176 61
100 79 158 55
<precedence relations>
1,3
1,4
1,5
2,3
2,4
2,5
3,6
3,7
3,8
4,6
4,7
4,8
5,6
5,7
5,8
6,9
6,10
6,11
6,12
6,13
7,9
7,10
7,11
7,12
7,13
8,9
8,10
8,11
8,12
8,13
9,14
9,15
9,16
9,17
10,14
10,15
10,16
10,17
11,14
11,15
11,16
11,17
12,14
12,15
12,16
12,17
13,14
13,15
13,16
13,17
14,18
14,19
14,20
15,18
15,19
15,20
16,18
16,19
16,20
17,18
17,19
17,20
18,21
18,22
18,23
18,24
19,21
19,22
19,23
19,24
20,21
20,22
20,23
20,24
21,25
21,26
21,27
21,28
21,29
22,25
22,26
22,27
22,28
22,29
23,25
23,26
23,27
23,28
23,29
24,25
24,26
24,29
25,30
26,30
27,30
28,30
29,30
30,31
30,32
30,33
31,42
31,50
31,51
32,34
32,35
32,36
33,34
33,35
33,36
34,47
35,39
35,40
36,37
36,38
36,39
37,41
37,42
37,44
37,45
38,46
39,43
40,41
40,43
40,46
41,47
42,48
43,49
44,47
44,50
44,51
45,47
45,50
46,47
46,49
46,50
46,51
47,52
47,53
47,54
47,55
48,52
48,53
48,54
48,55
49,52
49,53
49,58
50,54
50,58
51,52
51,53
51,54
51,55
52,56
52,57
53,57
54,57
55,56
55,58
56,61
56,78
56,79
57,59
58,59
59,60
59,61
59,62
59,63
60,64
60,66
61,80
61,82
61,86
62,64
62,65
62,66
63,64
63,65
63,66
64,68
64,70
64,88
65,71
66,67
66,68
66,69
67,77
67,88
69,71
69,72
70,74
70,91
70,95
71,74
71,75
71,76
72,73
72,75
72,78
73,79
75,80
75,86
76,77
76,78
76,80
77,87
77,94
78,81
78,82
78,95
79,81
79,82
80,83
80,84
80,90
81,86
81,98
82,87
82,91
82,94
83,85
84,92
85,88
86,87
86,91
87,90
87,93
88,89
88,91
88,92
91,93
92,94
92,95
93,96
93,97
94,98
94,99
94,100
95,98
<end>
