<number of tasks>
50
<number of stations>
13
<order strength>
0.2
<type of the robots>
1
<upper bound>
3938
<robot flexibility>
0.4
<collaboration flexibility>
0.4
<number of robots>
3
<task times>
1 624 99999 99999
2 682 1364 477
3 675 99999 99999
4 726 99999 508
5 501 1002 99999
6 513 99999 359
7 548 99999 99999
8 491 99999 99999
9 618 1236 432
10 615 99999 99999
11 316 632 99999
12 515 1030 99999
13 491 99999 343
14 563 99999 99999
15 230 99999 161
16 544 1088 99999
17 380 760 99999
18 410 820 99999
19 455 910 318
20 475 99999 99999
21 791 99999 553
22 495 99999 346
23 502 99999 351
24 380 760 266
25 541 1082 99999
26 481 962 99999
27 517 1034 361
28 495 99999 346
29 615 99999 99999
30 486 99999 99999
31 653 1306 99999
32 629 1258 99999
33 537 99999 99999
34 551 1102 385
35 300 99999 99999
36 758 99999 99999
37 476 99999 333
38 451 99999 315
39 418 99999 99999
40 687 99999 99999
41 604 1208 99999
42 357 99999 249
43 382 764 267
44 394 99999 99999
45 415 830 99999
46 557 99999 389
47 504 99999 99999
48 402 99999 99999
49 356 99999 249
50 487 974 99999
<precedence relations>
1,9
2,10
3,11
4,8
4,49
5,12
6,12
6,13
7,17
8,14
9,15
10,16
11,17
12,31
13,18
14,20
15,19
16,21
16,22
17,24
17,31
17,35
18,23
18,25
19,27
20,28
21,29
22,26
22,31
23,30
26,32
27,33
28,35
29,34
30,38
30,47
31,36
31,37
31,39
31,47
32,40
33,42
34,41
35,44
36,45
36,48
37,45
38,43
40,47
41,46
42,48
43,49
43,50
<end>
