<number of tasks>
20
<number of stations>
5
<order strength>
0.8
<type of the robots>
1
<upper bound>
2257
<robot flexibility>
0.2
<collaboration flexibility>
0.2
<number of robots>
0
<task times>
1 498 99999 99999
2 251 99999 99999
3 133 99999 99999
4 98 99999 99999
5 251 99999 99999
6 495 99999 99999
7 179 99999 99999
8 192 99999 99999
9 200 99999 140
10 555 1110 388
11 98 99999 99999
12 430 860 99999
13 153 99999 99999
14 500 1000 99999
15 428 99999 299
16 565 99999 99999
17 97 99999 99999
18 296 592 99999
19 178 99999 99999
20 45 99999 31
<precedence relations>
1,3
1,4
2,13
2,14
3,5
3,6
4,5
5,7
5,8
5,9
6,7
7,10
7,11
8,10
8,13
9,13
10,12
10,14
11,13
11,14
12,15
12,16
13,15
13,16
14,15
14,16
16,17
17,18
17,19
17,20
<end>
