<number of tasks>
100
<number of stations>
50
<order strength>
0.2
<type of the robots>
1
<upper bound>
1989
<robot flexibility>
0.2
<collaboration flexibility>
0.2
<number of robots>
20
<task times>
1 400 99999 99999
2 521 99999 99999
3 340 680 99999
4 522 1044 99999
5 774 1548 99999
6 622 99999 99999
7 458 99999 320
8 506 1012 99999
9 451 99999 99999
10 480 99999 99999
11 552 99999 386
12 577 99999 99999
13 325 99999 227
14 497 99999 99999
15 323 99999 99999
16 515 99999 99999
17 338 99999 236
18 792 99999 99999
19 545 99999 381
20 508 99999 355
21 447 99999 99999
22 296 99999 99999
23 426 852 99999
24 581 99999 99999
25 227 99999 99999
26 440 99999 99999
27 165 99999 99999
28 719 1438 99999
29 692 1384 99999
30 442 99999 309
31 459 99999 321
32 466 99999 99999
33 496 99999 99999
34 580 99999 99999
35 511 99999 99999
36 742 99999 519
37 556 99999 99999
38 646 99999 99999
39 423 99999 99999
40 453 99999 99999
41 545 99999 381
42 509 99999 99999
43 424 99999 99999
44 427 99999 99999
45 527 99999 99999
46 456 99999 99999
47 584 99999 99999
48 421 99999 99999
49 385 770 99999
50 334 668 233
51 723 99999 99999
52 593 1186 99999
53 661 99999 99999
54 501 99999 350
55 691 99999 99999
56 401 99999 280
57 422 99999 99999
58 450 99999 99999
59 574 99999 99999
60 481 962 99999
61 485 99999 339
62 441 99999 99999
63 504 99999 99999
64 432 864 302
65 488 99999 99999
66 709 99999 99999
67 385 770 99999
68 367 99999 256
69 459 99999 99999
70 598 1196 99999
71 463 99999 99999
72 788 99999 99999
73 389 99999 99999
74 457 99999 99999
75 741 99999 99999
76 434 99999 99999
77 629 99999 99999
78 632 99999 99999
79 551 99999 99999
80 456 99999 319
81 443 886 99999
82 339 678 99999
83 489 99999 99999
84 386 99999 270
85 663 99999 99999
86 417 99999 99999
87 452 99999 316
88 467 99999 99999
89 548 99999 99999
90 308 99999 99999
91 483 99999 99999
92 392 784 99999
93 507 99999 99999
94 748 99999 523
95 408 816 99999
96 376 752 99999
97 563 1126 99999
98 518 99999 99999
99 438 99999 99999
100 435 99999 99999
<precedence relations>
1,10
2,11
3,29
4,14
4,73
4,100
5,46
5,52
5,60
6,14
6,15
7,14
7,30
7,58
7,62
8,12
8,24
8,39
9,13
10,16
11,19
12,17
12,18
12,47
12,61
13,21
13,24
14,23
14,31
15,20
15,22
16,26
17,27
18,28
19,25
20,52
20,61
20,91
21,31
21,33
22,29
22,30
22,32
22,65
23,52
23,72
23,98
24,94
25,35
26,34
27,36
28,37
29,63
30,44
31,38
31,98
32,58
32,83
32,97
33,39
34,40
35,41
36,42
37,43
38,46
38,47
38,61
38,84
39,44
39,45
39,99
40,50
41,48
42,49
43,51
44,54
44,55
45,52
46,53
47,64
48,56
49,58
50,57
51,59
51,62
51,64
52,59
52,85
53,65
54,60
55,61
55,63
56,70
57,67
58,66
58,69
59,68
60,71
60,73
60,97
61,93
62,72
63,92
64,94
66,74
67,75
68,76
69,77
70,78
71,80
72,79
72,81
72,82
72,83
72,84
73,85
74,90
75,91
76,86
77,92
78,87
79,88
80,89
81,93
84,94
86,96
87,96
88,97
89,96
90,95
91,98
92,100
94,99
<end>
