<number of tasks>
100
<number of stations>
50
<order strength>
0.2
<type of the robots>
1
<upper bound>
554
<robot flexibility>
0.4
<collaboration flexibility>
0.4
<number of robots>
20
<task times>
1 104 99999 99999
2 65 130 99999
3 122 244 85
4 235 99999 99999
5 120 240 84
6 140 99999 99999
7 86 172 99999
8 224 448 156
9 144 288 99999
10 90 180 99999
11 139 278 99999
12 63 99999 99999
13 35 99999 99999
14 104 99999 99999
15 31 99999 99999
16 182 99999 127
17 178 99999 99999
18 273 546 191
19 205 410 143
20 319 638 99999
21 31 99999 99999
22 262 524 99999
23 236 99999 165
24 126 252 99999
25 33 99999 23
26 84 168 58
27 230 99999 161
28 164 99999 99999
29 152 99999 99999
30 140 99999 99999
31 82 99999 99999
32 129 258 90
33 165 330 115
34 113 99999 79
35 85 99999 99999
36 21 99999 99999
37 125 99999 99999
38 61 122 42
39 88 176 61
40 229 99999 99999
41 211 99999 99999
42 147 294 102
43 121 99999 84
44 148 296 99999
45 106 212 99999
46 140 99999 99999
47 213 99999 149
48 116 232 99999
49 165 99999 99999
50 133 266 93
51 101 202 99999
52 139 99999 99999
53 45 90 99999
54 144 99999 100
55 123 99999 99999
56 103 99999 72
57 60 120 99999
58 80 99999 56
59 150 99999 99999
60 263 526 99999
61 106 212 99999
62 56 99999 39
63 253 99999 99999
64 134 268 99999
65 72 144 50
66 122 244 85
67 194 388 135
68 155 99999 99999
69 81 99999 99999
70 118 99999 99999
71 147 99999 99999
72 219 99999 99999
73 149 99999 104
74 364 99999 99999
75 63 126 44
76 88 176 99999
77 136 99999 95
78 228 456 159
79 63 99999 99999
80 171 99999 119
81 31 99999 99999
82 205 99999 143
83 158 99999 99999
84 74 99999 99999
85 283 99999 99999
86 50 100 35
87 214 99999 99999
88 103 206 99999
89 137 99999 99999
90 86 99999 60
91 195 99999 136
92 124 248 99999
93 158 99999 99999
94 129 99999 90
95 152 99999 99999
96 125 99999 99999
97 119 99999 83
98 185 99999 129
99 152 304 106
100 115 230 80
<precedence relations>
1,10
2,12
3,13
4,15
5,11
5,14
5,20
6,16
6,19
7,17
7,41
7,54
7,71
7,99
9,18
9,21
10,23
11,22
12,24
13,27
14,25
15,28
16,26
17,29
17,89
18,30
18,90
19,74
19,89
20,39
20,62
21,82
21,84
21,96
22,34
23,32
24,35
25,33
26,37
27,36
28,31
28,39
28,41
29,45
29,74
30,38
30,40
30,59
30,85
31,42
32,45
33,45
34,43
35,44
36,46
37,48
38,48
38,49
38,94
39,47
39,94
42,51
43,50
44,51
45,53
45,82
45,83
45,88
46,53
47,52
49,54
50,58
51,59
51,62
51,63
51,98
52,55
52,61
52,100
53,56
53,87
54,57
54,60
55,64
56,66
57,67
58,65
58,68
58,70
58,71
59,69
61,71
61,73
62,72
62,74
64,76
65,77
66,81
67,81
68,78
69,79
70,80
71,75
71,84
72,82
72,83
73,85
73,93
74,93
74,96
75,86
76,87
77,87
78,88
79,89
80,90
81,92
81,93
82,97
83,94
84,91
86,95
87,95
89,97
90,96
90,98
96,100
98,99
<end>
