<number of tasks>
20
<number of stations>
5
<order strength>
0.8
<type of the robots>
1
<upper bound>
3886
<robot flexibility>
0.2
<collaboration flexibility>
0.2
<number of robots>
0
<task times>
1 500 99999 99999
2 359 99999 251
3 583 99999 408
4 572 99999 99999
5 584 99999 99999
6 410 99999 99999
7 463 926 324
8 535 99999 99999
9 608 99999 425
10 408 99999 99999
11 458 99999 99999
12 703 99999 99999
13 443 99999 99999
14 421 842 99999
15 461 99999 99999
16 441 882 99999
17 537 1074 99999
18 265 99999 99999
19 402 99999 99999
20 560 99999 99999
<precedence relations>
1,2
1,3
1,4
2,5
2,6
3,5
3,6
4,18
5,7
5,8
6,7
6,8
7,9
7,10
7,11
8,9
8,10
8,11
9,12
9,13
10,14
11,12
11,13
11,14
12,15
12,17
13,16
13,19
14,15
14,16
15,18
15,19
16,17
16,18
18,20
<end>
