<number of tasks>
100
<number of stations>
25
<order strength>
0.2
<type of the robots>
1
<upper bound>
1880
<robot flexibility>
0.4
<collaboration flexibility>
0.4
<number of robots>
5
<task times>
1 131 99999 91
2 458 99999 99999
3 38 99999 26
4 232 99999 99999
5 184 368 99999
6 214 99999 149
7 236 472 99999
8 331 662 231
9 302 604 211
10 214 428 99999
11 128 99999 99999
12 351 99999 245
13 64 128 99999
14 147 99999 102
15 111 99999 99999
16 22 44 99999
17 249 99999 99999
18 257 99999 179
19 528 99999 99999
20 53 106 37
21 571 1142 99999
22 201 99999 140
23 29 99999 20
24 60 99999 42
25 349 99999 244
26 177 354 99999
27 490 99999 343
28 159 318 99999
29 35 99999 99999
30 39 78 99999
31 185 370 99999
32 242 484 169
33 280 560 196
34 554 1108 99999
35 285 99999 199
36 402 804 99999
37 63 126 99999
38 236 472 165
39 37 99999 99999
40 172 99999 120
41 159 99999 99999
42 374 748 99999
43 256 99999 99999
44 172 344 99999
45 227 99999 99999
46 146 292 99999
47 266 532 99999
48 92 184 99999
49 67 99999 99999
50 76 152 99999
51 289 99999 99999
52 421 99999 99999
53 314 99999 99999
54 42 84 29
55 157 99999 109
56 246 99999 99999
57 408 99999 285
58 493 99999 345
59 30 99999 99999
60 22 99999 99999
61 77 99999 99999
62 251 99999 175
63 473 99999 99999
64 185 99999 99999
65 190 99999 133
66 383 766 268
67 112 99999 99999
68 80 99999 99999
69 477 99999 333
70 205 410 143
71 544 99999 380
72 461 99999 99999
73 464 928 99999
74 302 99999 99999
75 257 514 179
76 80 160 99999
77 54 99999 37
78 174 348 99999
79 435 99999 99999
80 171 99999 119
81 537 99999 99999
82 448 99999 99999
83 153 99999 107
84 417 834 291
85 361 99999 99999
86 178 356 99999
87 85 170 59
88 109 99999 99999
89 220 440 154
90 52 104 99999
91 346 99999 99999
92 550 99999 385
93 266 532 186
94 74 99999 99999
95 216 99999 151
96 113 226 99999
97 268 99999 99999
98 74 99999 99999
99 80 160 56
100 502 99999 99999
<precedence relations>
1,12
2,10
2,17
2,71
2,76
2,78
3,11
3,94
4,13
4,16
4,18
6,72
8,15
8,16
8,67
9,14
10,19
11,21
12,20
13,25
14,22
14,24
14,26
14,27
14,86
15,23
15,50
15,63
15,78
16,40
16,64
16,78
17,28
17,40
18,29
19,30
20,31
21,33
22,32
23,35
24,36
25,39
26,38
27,34
27,37
28,93
29,39
29,40
30,45
31,46
32,41
33,42
34,43
35,46
36,47
37,44
38,46
39,48
39,49
40,50
41,51
42,52
43,56
44,53
45,55
46,70
47,58
47,59
48,54
48,57
49,65
49,77
51,60
52,63
53,61
54,62
55,63
56,64
56,67
57,66
57,69
58,66
59,64
59,65
60,68
61,69
62,70
63,69
63,73
64,71
65,87
66,72
66,97
67,85
68,74
69,75
70,76
71,79
72,78
73,77
73,97
74,80
75,83
76,81
76,82
77,86
77,87
79,84
79,85
80,88
81,89
82,90
83,91
84,93
84,97
85,92
85,94
88,95
89,96
90,97
91,98
92,99
94,100
<end>
