<number of tasks>
100
<number of stations>
25
<order strength>
0.895
<type of the robots>
1
<upper bound>
1001
<robot flexibility>
0.2
<collaboration flexibility>
0.2
<number of robots>
5
<task times>
1 95 190 66
2 117 99999 99999
3 175 99999 99999
4 205 99999 143
5 109 99999 99999
6 109 99999 99999
7 66 132 99999
8 65 99999 45
9 94 99999 99999
10 97 194 99999
11 85 99999 99999
12 215 430 99999
13 133 99999 99999
14 175 99999 99999
15 157 99999 99999
16 140 280 99999
17 109 218 76
18 66 132 46
19 32 99999 99999
20 110 99999 99999
21 26 99999 99999
22 147 294 99999
23 76 99999 53
24 157 99999 109
25 157 99999 99999
26 90 180 99999
27 261 99999 182
28 87 174 99999
29 26 99999 99999
30 98 99999 99999
31 23 99999 99999
32 165 99999 99999
33 199 99999 139
34 141 282 99999
35 119 99999 99999
36 93 99999 99999
37 57 99999 99999
38 83 99999 99999
39 84 168 99999
40 108 99999 75
41 110 99999 99999
42 185 99999 99999
43 42 99999 99999
44 79 99999 99999
45 212 99999 99999
46 72 99999 99999
47 83 99999 99999
48 141 99999 99999
49 57 99999 99999
50 202 99999 99999
51 191 99999 99999
52 186 99999 99999
53 251 502 99999
54 134 268 99999
55 69 99999 99999
56 39 99999 99999
57 150 99999 105
58 100 99999 99999
59 260 99999 182
60 83 99999 99999
61 219 99999 99999
62 67 99999 99999
63 28 99999 99999
64 152 304 99999
65 25 99999 99999
66 52 99999 99999
67 419 838 99999
68 90 99999 99999
69 26 99999 99999
70 138 99999 96
71 48 99999 99999
72 96 192 99999
73 86 99999 99999
74 79 99999 99999
75 85 99999 99999
76 90 99999 63
77 213 99999 99999
78 168 99999 99999
79 166 332 116
80 295 99999 99999
81 222 99999 99999
82 186 99999 130
83 209 99999 99999
84 136 99999 99999
85 62 99999 43
86 156 99999 99999
87 133 99999 99999
88 85 99999 99999
89 171 99999 99999
90 41 99999 99999
91 49 99999 99999
92 199 99999 99999
93 186 372 99999
94 70 99999 49
95 166 332 99999
96 41 99999 99999
97 81 99999 56
98 203 99999 142
99 202 99999 99999
100 167 99999 99999
<precedence relations>
1,5
1,6
1,7
1,8
2,5
2,6
2,7
2,8
3,5
3,6
3,7
3,8
4,5
4,6
4,7
4,8
5,9
5,10
5,11
6,9
6,10
6,11
7,9
7,10
7,11
8,9
8,10
8,11
9,12
9,13
9,14
10,12
10,13
10,14
11,12
11,13
11,14
12,15
12,16
12,17
12,18
13,15
13,16
13,17
13,18
14,15
14,16
14,17
14,18
15,19
15,20
15,21
16,19
16,20
16,21
17,19
17,20
17,21
18,19
18,20
18,21
19,22
19,23
19,24
20,22
20,23
20,24
21,22
21,23
21,24
22,25
22,26
22,27
23,25
23,26
23,27
24,25
24,26
24,27
25,28
25,29
25,30
26,28
26,29
26,30
27,28
27,29
27,30
28,31
28,32
28,33
28,34
29,31
29,32
29,33
29,34
30,31
30,32
30,33
30,34
31,35
31,36
31,37
31,38
32,35
32,36
32,37
32,38
33,35
33,36
33,37
33,38
34,35
34,36
34,37
34,38
35,39
35,40
35,41
35,42
36,39
36,40
36,41
36,42
37,39
37,40
37,41
37,42
38,39
38,40
38,41
38,42
39,43
40,43
40,44
41,44
42,43
42,46
42,49
43,47
44,45
44,46
44,47
45,48
45,49
45,50
45,51
45,52
46,48
46,51
46,52
47,48
47,50
47,51
47,52
48,75
48,86
48,93
49,53
49,55
50,53
50,54
51,53
51,54
51,55
52,53
53,59
53,72
54,56
54,57
54,58
55,56
56,59
56,60
56,61
57,59
57,60
57,61
57,62
58,59
58,60
58,62
59,66
59,76
60,63
60,64
60,65
60,66
60,67
61,86
61,91
62,63
62,64
62,65
62,67
63,68
64,99
65,70
66,69
67,68
67,75
68,73
68,74
69,71
70,71
70,72
70,73
71,75
71,77
72,75
72,81
72,83
72,87
73,76
73,77
74,90
76,79
76,80
77,78
77,80
77,86
78,81
78,84
78,85
79,82
79,83
79,91
80,97
81,91
82,94
83,86
84,87
84,100
86,89
87,88
88,91
89,90
90,92
90,94
91,93
92,96
92,98
92,99
93,97
94,95
94,99
94,100
<end>
