<number of tasks>
100
<number of stations>
50
<order strength>
0.199
<type of the robots>
1
<upper bound>
529
<robot flexibility>
0.2
<collaboration flexibility>
0.2
<number of robots>
10
<task times>
1 80 99999 99999
2 199 99999 99999
3 59 99999 99999
4 318 99999 99999
5 129 99999 99999
6 210 99999 99999
7 55 99999 38
8 287 99999 200
9 179 358 99999
10 41 99999 99999
11 148 99999 99999
12 201 402 99999
13 74 99999 51
14 229 458 99999
15 190 99999 99999
16 239 99999 99999
17 189 99999 132
18 64 99999 99999
19 153 99999 99999
20 180 99999 99999
21 169 338 118
22 129 99999 90
23 267 99999 99999
24 35 70 99999
25 221 99999 154
26 107 99999 99999
27 47 99999 99999
28 166 99999 99999
29 81 99999 99999
30 61 122 99999
31 133 99999 99999
32 67 99999 99999
33 63 126 99999
34 167 334 99999
35 49 99999 99999
36 80 99999 99999
37 183 366 99999
38 52 104 99999
39 104 99999 99999
40 81 99999 56
41 184 99999 99999
42 151 99999 99999
43 60 99999 99999
44 116 99999 99999
45 325 99999 99999
46 117 99999 99999
47 200 99999 140
48 236 99999 99999
49 190 380 99999
50 41 82 99999
51 60 99999 99999
52 92 99999 99999
53 259 518 99999
54 117 99999 99999
55 28 99999 99999
56 145 99999 101
57 127 254 99999
58 79 99999 55
59 173 99999 121
60 94 99999 99999
61 93 99999 65
62 251 99999 99999
63 104 99999 99999
64 74 99999 99999
65 29 58 99999
66 77 99999 53
67 20 40 14
68 159 99999 99999
69 191 382 99999
70 139 99999 99999
71 174 99999 121
72 77 99999 99999
73 135 99999 94
74 50 99999 35
75 102 204 99999
76 114 99999 99999
77 246 99999 172
78 118 99999 99999
79 181 99999 99999
80 40 99999 99999
81 142 99999 99999
82 203 99999 99999
83 132 264 99999
84 96 99999 99999
85 99 99999 69
86 91 99999 99999
87 79 99999 99999
88 160 99999 99999
89 106 99999 99999
90 144 99999 99999
91 250 99999 99999
92 38 99999 99999
93 118 99999 99999
94 54 99999 99999
95 181 362 99999
96 206 99999 99999
97 92 99999 99999
98 225 99999 99999
99 27 99999 99999
100 118 99999 99999
<precedence relations>
1,8
1,9
1,14
2,11
3,12
4,10
4,15
4,74
5,49
6,13
6,16
6,17
6,19
7,18
8,41
10,93
11,21
12,27
13,25
14,22
14,59
15,32
16,20
16,23
16,24
16,26
17,88
18,28
19,90
20,34
21,32
22,32
22,33
22,34
23,76
24,31
25,32
26,29
27,30
29,35
30,68
32,37
32,38
32,40
32,41
33,36
34,39
35,42
35,45
35,48
36,43
37,44
37,49
39,69
40,46
40,69
41,47
42,57
43,51
44,50
45,50
45,52
45,53
45,55
46,51
46,54
47,56
52,59
52,62
53,91
54,60
55,65
56,58
56,63
56,64
56,68
57,61
58,70
59,69
59,71
59,72
59,74
59,97
61,73
62,66
62,68
64,65
64,67
65,75
65,76
67,77
68,83
70,78
70,82
72,80
72,81
73,79
73,94
74,84
75,93
77,86
77,92
78,94
78,95
79,87
80,89
80,91
81,88
81,90
82,85
83,93
85,97
88,96
88,98
91,100
95,99
<end>
