<number of tasks>
50
<number of stations>
13
<order strength>
0.201
<type of the robots>
1
<upper bound>
1088
<robot flexibility>
0.2
<collaboration flexibility>
0.2
<number of robots>
3
<task times>
1 89 99999 99999
2 26 99999 99999
3 57 114 39
4 216 99999 99999
5 109 99999 99999
6 67 99999 46
7 90 99999 63
8 22 99999 99999
9 221 99999 99999
10 280 99999 99999
11 236 99999 99999
12 303 99999 99999
13 333 99999 99999
14 46 99999 99999
15 197 394 99999
16 65 99999 99999
17 21 42 99999
18 204 99999 142
19 235 99999 164
20 129 258 99999
21 51 99999 99999
22 217 99999 151
23 74 99999 99999
24 46 99999 99999
25 143 99999 99999
26 208 416 99999
27 279 99999 99999
28 152 99999 99999
29 253 99999 99999
30 26 52 99999
31 237 474 99999
32 58 116 40
33 193 99999 99999
34 136 99999 99999
35 122 99999 99999
36 303 99999 99999
37 147 99999 99999
38 92 99999 99999
39 63 99999 99999
40 190 99999 99999
41 233 99999 99999
42 69 138 48
43 72 99999 99999
44 134 99999 99999
45 100 99999 99999
46 188 99999 99999
47 48 99999 33
48 132 99999 99999
49 88 99999 61
50 67 134 99999
<precedence relations>
1,11
2,8
2,9
3,25
4,13
5,12
6,10
7,44
8,35
9,15
9,18
10,16
10,19
10,20
10,21
11,14
12,17
13,20
13,45
15,22
15,36
18,24
19,23
20,22
20,27
24,25
24,26
24,27
25,29
25,44
26,28
26,31
26,32
27,30
27,33
27,34
29,37
29,40
30,38
31,41
32,35
32,36
32,39
34,48
35,48
38,44
38,47
39,42
39,45
39,46
39,49
40,43
40,50
<end>
