<number of tasks>
20
<number of stations>
5
<order strength>
0.8
<type of the robots>
1
<upper bound>
1155
<robot flexibility>
0.4
<collaboration flexibility>
0.4
<number of robots>
1
<task times>
1 213 99999 99999
2 258 99999 180
3 146 292 99999
4 75 150 99999
5 128 256 99999
6 105 99999 99999
7 113 226 99999
8 224 448 156
9 58 99999 40
10 31 62 99999
11 220 99999 154
12 124 248 99999
13 37 99999 99999
14 120 99999 84
15 178 99999 124
16 259 99999 181
17 152 304 99999
18 212 99999 99999
19 104 99999 99999
20 130 99999 91
<precedence relations>
1,2
1,3
2,5
2,6
3,4
3,5
4,7
4,8
4,9
5,7
5,8
5,9
6,7
6,8
7,10
7,11
8,10
8,11
9,10
9,11
11,12
11,13
12,15
12,16
13,14
14,17
15,19
16,18
17,18
17,19
17,20
<end>
