<number of tasks>
20
<number of stations>
5
<order strength>
0.2
<type of the robots>
1
<upper bound>
4378
<robot flexibility>
0.4
<collaboration flexibility>
0.4
<number of robots>
1
<task times>
1 660 1320 462
2 570 99999 99999
3 596 1192 99999
4 552 1104 386
5 455 99999 99999
6 398 796 99999
7 503 99999 99999
8 517 99999 99999
9 490 99999 99999
10 532 99999 372
11 667 99999 99999
12 348 99999 99999
13 768 99999 99999
14 573 99999 99999
15 515 99999 360
16 469 938 99999
17 714 1428 499
18 698 99999 488
19 470 940 329
20 448 896 313
<precedence relations>
1,3
2,4
2,5
2,6
2,7
2,8
2,9
3,10
4,11
6,12
6,14
7,13
10,15
11,17
12,16
15,18
16,19
17,20
<end>
