<number of tasks>
20
<number of stations>
5
<order strength>
0.2
<type of the robots>
1
<upper bound>
1770
<robot flexibility>
0.4
<collaboration flexibility>
0.4
<number of robots>
1
<task times>
1 133 99999 93
2 46 99999 32
3 266 532 99999
4 271 542 189
5 183 99999 99999
6 110 220 99999
7 357 714 99999
8 299 598 99999
9 69 99999 48
10 32 64 99999
11 186 372 99999
12 190 99999 99999
13 284 99999 99999
14 252 99999 176
15 79 158 55
16 262 99999 183
17 54 99999 99999
18 572 99999 400
19 252 99999 99999
20 526 99999 99999
<precedence relations>
2,7
2,8
2,9
3,6
4,5
5,10
5,11
8,13
9,12
10,16
11,14
11,15
14,18
14,19
15,17
15,20
<end>
