<number of tasks>
20
<number of stations>
5
<order strength>
0.8
<type of the robots>
1
<upper bound>
3863
<robot flexibility>
0.2
<collaboration flexibility>
0.2
<number of robots>
0
<task times>
1 579 99999 99999
2 530 1060 99999
3 358 99999 250
4 368 99999 99999
5 489 99999 99999
6 245 99999 99999
7 593 1186 415
8 548 99999 99999
9 515 99999 99999
10 687 99999 99999
11 326 99999 99999
12 349 99999 99999
13 550 1100 99999
14 562 99999 393
15 449 898 314
16 609 99999 99999
17 450 99999 99999
18 511 99999 99999
19 502 99999 99999
20 435 99999 99999
<precedence relations>
1,4
1,5
2,4
2,5
3,4
3,5
4,6
4,7
5,6
5,7
6,8
6,9
7,8
7,9
8,10
8,11
8,12
9,11
10,17
11,13
11,14
12,15
12,17
13,16
14,16
14,17
15,18
17,19
18,19
19,20
<end>
