<number of tasks>
20
<number of stations>
10
<order strength>
0.8
<type of the robots>
1
<upper bound>
957
<robot flexibility>
0.2
<collaboration flexibility>
0.2
<number of robots>
0
<task times>
1 229 99999 99999
2 29 99999 99999
3 36 99999 99999
4 244 99999 99999
5 107 99999 99999
6 264 99999 99999
7 88 99999 61
8 581 99999 406
9 132 99999 92
10 499 99999 99999
11 216 99999 99999
12 126 99999 99999
13 283 566 99999
14 123 99999 99999
15 267 534 99999
16 187 374 99999
17 567 99999 396
18 418 99999 99999
19 220 99999 99999
20 165 330 99999
<precedence relations>
1,4
2,4
2,5
3,7
4,6
5,6
6,7
6,8
7,9
7,10
7,11
8,10
8,12
8,16
9,13
10,19
10,20
11,13
12,17
12,18
13,14
13,15
13,16
14,17
14,18
15,17
15,18
16,17
16,18
17,19
17,20
18,19
18,20
<end>
