<number of tasks>
50
<number of stations>
13
<order strength>
0.201
<type of the robots>
1
<upper bound>
1022
<robot flexibility>
0.2
<collaboration flexibility>
0.2
<number of robots>
0
<task times>
1 95 190 99999
2 191 99999 99999
3 165 99999 99999
4 102 204 71
5 74 99999 51
6 167 99999 99999
7 102 99999 99999
8 163 326 99999
9 236 99999 165
10 221 99999 154
11 102 99999 99999
12 46 99999 32
13 27 99999 99999
14 120 240 84
15 90 99999 63
16 306 99999 214
17 41 99999 99999
18 63 99999 99999
19 81 99999 99999
20 180 99999 99999
21 253 99999 177
22 96 99999 99999
23 102 99999 99999
24 238 99999 99999
25 127 99999 99999
26 184 368 99999
27 102 99999 99999
28 109 218 99999
29 96 99999 99999
30 128 99999 99999
31 189 99999 132
32 97 99999 99999
33 285 570 99999
34 28 56 99999
35 165 99999 99999
36 182 99999 99999
37 202 99999 99999
38 84 99999 99999
39 23 99999 99999
40 153 99999 99999
41 78 99999 99999
42 112 224 99999
43 53 99999 99999
44 113 99999 99999
45 189 378 99999
46 82 99999 99999
47 221 99999 99999
48 51 99999 99999
49 90 99999 99999
50 237 99999 99999
<precedence relations>
1,23
2,9
3,10
4,13
5,11
6,8
7,12
8,23
9,16
10,18
11,14
11,17
11,21
12,15
13,19
13,20
13,22
14,23
15,23
16,24
17,25
21,26
22,27
22,28
23,29
23,30
23,31
23,32
23,36
24,34
25,33
27,36
28,35
28,37
29,41
29,42
33,39
36,40
37,38
38,43
38,47
41,44
41,45
41,46
43,48
44,50
46,49
<end>
