<number of tasks>
50
<number of stations>
13
<order strength>
0.199
<type of the robots>
1
<upper bound>
3822
<robot flexibility>
0.2
<collaboration flexibility>
0.2
<number of robots>
5
<task times>
1 313 99999 99999
2 654 1308 99999
3 487 99999 99999
4 567 99999 396
5 623 99999 99999
6 474 99999 99999
7 412 99999 99999
8 656 99999 99999
9 524 99999 99999
10 558 99999 99999
11 521 1042 364
12 545 99999 381
13 580 99999 99999
14 468 99999 99999
15 493 99999 99999
16 460 99999 99999
17 427 854 99999
18 506 1012 99999
19 599 99999 99999
20 519 99999 99999
21 575 99999 99999
22 328 99999 99999
23 354 99999 99999
24 593 1186 99999
25 407 814 99999
26 500 99999 99999
27 523 1046 366
28 509 99999 356
29 451 99999 99999
30 376 99999 263
31 366 99999 99999
32 374 99999 261
33 325 99999 99999
34 543 1086 99999
35 581 99999 99999
36 547 1094 99999
37 546 1092 99999
38 437 99999 305
39 752 99999 99999
40 494 99999 99999
41 722 99999 99999
42 594 99999 415
43 337 99999 99999
44 701 99999 99999
45 288 99999 99999
46 390 99999 99999
47 456 99999 319
48 429 99999 99999
49 481 99999 99999
50 476 99999 99999
<precedence relations>
2,5
2,9
2,27
2,37
3,6
3,7
3,8
4,40
5,13
5,43
6,10
6,50
7,14
7,15
8,11
8,12
10,46
11,18
11,21
12,16
12,19
13,17
15,20
16,23
16,27
17,33
18,23
18,24
18,28
19,22
19,29
20,48
21,25
21,26
22,33
23,35
23,47
24,34
25,31
26,41
27,30
27,32
30,40
30,42
31,39
32,36
34,37
34,38
35,41
36,47
37,43
37,45
37,48
40,44
41,45
41,50
42,46
42,49
<end>
