<number of tasks>
50
<number of stations>
13
<order strength>
0.2
<type of the robots>
1
<upper bound>
1939
<robot flexibility>
0.2
<collaboration flexibility>
0.2
<number of robots>
0
<task times>
1 50 99999 99999
2 351 99999 99999
3 96 99999 99999
4 476 99999 99999
5 219 99999 99999
6 194 99999 99999
7 99 99999 99999
8 516 99999 99999
9 389 778 272
10 57 99999 99999
11 246 99999 99999
12 148 99999 99999
13 62 99999 99999
14 277 99999 193
15 508 99999 355
16 246 492 99999
17 422 99999 99999
18 337 99999 235
19 211 99999 99999
20 159 318 111
21 557 99999 99999
22 106 99999 99999
23 192 384 99999
24 181 362 99999
25 554 99999 99999
26 382 99999 99999
27 179 99999 99999
28 172 344 99999
29 59 99999 41
30 81 162 56
31 303 99999 99999
32 190 99999 99999
33 81 162 99999
34 180 99999 99999
35 366 99999 99999
36 81 99999 99999
37 70 99999 49
38 357 99999 99999
39 98 196 68
40 70 99999 99999
41 114 99999 99999
42 278 99999 99999
43 564 99999 99999
44 201 99999 99999
45 503 99999 352
46 421 842 99999
47 471 99999 99999
48 120 99999 99999
49 107 99999 99999
50 497 99999 99999
<precedence relations>
1,31
2,9
3,11
4,10
4,13
4,23
5,14
5,15
6,31
7,8
7,12
8,31
9,19
10,18
11,20
12,16
12,17
12,22
12,23
12,25
13,24
15,21
16,31
17,28
18,29
21,27
21,30
25,26
26,31
27,31
28,32
29,43
30,33
30,34
30,35
31,36
31,37
31,38
31,39
31,41
32,40
33,44
35,40
35,42
35,43
36,45
39,47
43,46
45,48
46,50
47,49
<end>
