<number of tasks>
20
<number of stations>
5
<order strength>
0.2
<type of the robots>
1
<upper bound>
3515
<robot flexibility>
0.2
<collaboration flexibility>
0.2
<number of robots>
2
<task times>
1 527 99999 368
2 491 99999 343
3 346 99999 99999
4 137 274 95
5 481 99999 99999
6 519 1038 99999
7 375 750 99999
8 480 99999 336
9 433 99999 99999
10 230 99999 99999
11 366 99999 99999
12 572 99999 99999
13 595 99999 99999
14 411 99999 99999
15 432 99999 99999
16 543 1086 99999
17 398 99999 99999
18 508 99999 99999
19 538 99999 99999
20 405 99999 99999
<precedence relations>
1,9
3,6
4,5
4,7
4,8
7,12
8,10
9,11
10,13
10,15
10,16
10,17
12,14
17,18
17,19
17,20
<end>
