<number of tasks>
100
<number of stations>
25
<order strength>
0.199
<type of the robots>
1
<upper bound>
4061
<robot flexibility>
0.4
<collaboration flexibility>
0.4
<number of robots>
5
<task times>
1 469 938 328
2 678 1356 474
3 472 99999 99999
4 463 926 99999
5 597 99999 99999
6 404 99999 282
7 450 99999 315
8 592 99999 414
9 618 1236 432
10 513 99999 99999
11 538 1076 99999
12 653 1306 457
13 428 99999 299
14 603 99999 422
15 623 99999 99999
16 755 1510 99999
17 640 1280 448
18 421 842 99999
19 512 99999 358
20 555 1110 388
21 557 1114 389
22 599 99999 419
23 522 1044 99999
24 474 99999 99999
25 442 99999 99999
26 538 99999 376
27 553 99999 99999
28 532 1064 99999
29 223 446 99999
30 367 99999 256
31 591 1182 99999
32 261 522 99999
33 506 99999 99999
34 432 99999 99999
35 488 976 341
36 390 780 99999
37 397 99999 99999
38 434 868 99999
39 558 1116 99999
40 621 99999 434
41 403 806 99999
42 560 99999 392
43 500 99999 350
44 418 99999 99999
45 472 944 99999
46 469 99999 328
47 552 99999 99999
48 456 99999 319
49 681 99999 99999
50 636 99999 99999
51 429 858 99999
52 383 99999 99999
53 440 99999 99999
54 581 99999 99999
55 535 1070 374
56 573 99999 401
57 574 99999 401
58 583 99999 99999
59 546 1092 382
60 495 99999 346
61 557 99999 99999
62 444 99999 310
63 376 99999 99999
64 585 1170 409
65 508 99999 99999
66 576 1152 99999
67 540 99999 378
68 509 1018 356
69 390 99999 273
70 564 1128 99999
71 426 99999 298
72 174 348 99999
73 356 99999 99999
74 396 99999 277
75 205 99999 99999
76 365 99999 99999
77 364 99999 254
78 553 99999 99999
79 586 99999 99999
80 683 99999 99999
81 692 99999 484
82 598 99999 99999
83 664 1328 99999
84 806 99999 99999
85 445 890 311
86 582 1164 99999
87 487 974 99999
88 420 99999 99999
89 471 99999 329
90 560 1120 392
91 329 658 99999
92 461 99999 99999
93 756 1512 99999
94 643 1286 99999
95 577 1154 403
96 633 99999 99999
97 388 99999 99999
98 490 980 99999
99 445 99999 99999
100 402 99999 99999
<precedence relations>
1,6
2,7
2,8
2,9
2,14
2,54
2,75
3,10
3,12
3,89
4,10
4,11
5,13
5,75
6,15
7,16
8,17
9,18
10,19
10,20
10,55
10,65
10,85
11,20
11,21
11,22
12,20
13,54
15,26
16,23
17,24
18,28
19,25
20,33
21,27
21,83
21,98
21,99
22,43
22,74
22,81
22,89
23,33
24,29
25,32
26,31
26,34
26,35
27,30
27,46
28,56
28,96
28,97
29,37
30,38
31,39
32,44
33,57
33,74
34,36
34,41
34,42
34,46
35,40
35,43
35,45
36,49
37,51
38,55
39,52
40,47
41,48
41,88
42,50
42,54
42,97
43,53
43,57
45,56
45,96
47,58
48,59
49,64
50,61
51,65
52,62
53,63
54,60
54,64
54,81
54,83
55,68
56,67
57,66
57,98
58,69
59,70
60,71
61,72
62,73
63,75
64,74
65,96
66,88
66,95
69,78
70,81
71,76
72,77
73,79
74,80
74,82
75,82
75,83
75,84
75,85
76,88
77,88
78,86
79,89
80,87
81,92
82,91
82,92
85,90
85,92
85,93
86,94
87,95
88,100
89,96
89,97
90,97
90,99
92,98
92,99
<end>
