<number of tasks>
20
<number of stations>
5
<order strength>
0.8
<type of the robots>
1
<upper bound>
1113
<robot flexibility>
0.2
<collaboration flexibility>
0.2
<number of robots>
0
<task times>
1 158 99999 99999
2 136 99999 95
3 115 230 99999
4 212 99999 99999
5 134 268 99999
6 242 99999 99999
7 187 99999 99999
8 51 99999 99999
9 32 99999 22
10 53 99999 37
11 321 99999 99999
12 110 220 99999
13 312 99999 99999
14 24 99999 99999
15 137 99999 99999
16 199 398 139
17 89 99999 99999
18 114 99999 99999
19 53 99999 99999
20 101 99999 99999
<precedence relations>
1,7
1,13
2,4
2,5
3,4
3,5
4,6
4,7
4,8
5,6
5,7
5,8
6,9
6,10
7,11
8,9
8,10
8,12
9,16
10,13
11,12
12,14
12,15
13,14
13,15
15,16
16,17
16,18
17,19
17,20
18,20
<end>
