<number of tasks>
20
<number of stations>
5
<order strength>
0.8
<type of the robots>
1
<upper bound>
2027
<robot flexibility>
0.4
<collaboration flexibility>
0.4
<number of robots>
1
<task times>
1 288 576 99999
2 376 99999 263
3 505 1010 99999
4 527 99999 99999
5 110 220 99999
6 206 99999 99999
7 28 99999 99999
8 51 99999 35
9 221 442 99999
10 115 99999 80
11 119 99999 99999
12 168 99999 117
13 240 99999 168
14 514 1028 359
15 146 99999 99999
16 222 444 155
17 43 86 99999
18 502 1004 351
19 491 99999 99999
20 195 99999 99999
<precedence relations>
1,4
1,5
2,5
3,4
4,6
5,6
6,7
6,8
6,9
8,11
8,13
9,10
9,11
10,12
10,13
11,12
12,16
13,14
13,15
14,18
15,17
15,18
16,17
16,18
17,19
18,20
<end>
