<number of tasks>
20
<number of stations>
5
<order strength>
0.2
<type of the robots>
1
<upper bound>
2018
<robot flexibility>
0.4
<collaboration flexibility>
0.4
<number of robots>
1
<task times>
1 471 99999 329
2 107 214 99999
3 160 99999 99999
4 379 99999 265
5 491 982 99999
6 269 99999 99999
7 141 99999 98
8 119 238 99999
9 201 99999 140
10 485 970 339
11 255 99999 99999
12 312 624 99999
13 54 99999 99999
14 441 882 99999
15 302 99999 211
16 79 99999 55
17 507 99999 99999
18 47 94 32
19 81 99999 99999
20 143 286 99999
<precedence relations>
1,4
2,5
2,6
2,7
2,8
4,9
5,11
5,14
6,12
7,10
8,13
9,16
10,15
11,17
15,18
16,19
17,20
<end>
