<number of tasks>
20
<number of stations>
10
<order strength>
0.2
<type of the robots>
1
<upper bound>
582
<robot flexibility>
0.4
<collaboration flexibility>
0.4
<number of robots>
4
<task times>
1 315 99999 220
2 206 412 99999
3 84 99999 99999
4 39 78 27
5 85 170 59
6 185 99999 99999
7 178 356 124
8 59 99999 41
9 251 502 99999
10 212 424 148
11 121 99999 84
12 155 99999 99999
13 24 99999 99999
14 215 99999 99999
15 239 478 99999
16 82 99999 99999
17 26 99999 99999
18 167 99999 99999
19 230 460 161
20 35 99999 99999
<precedence relations>
1,5
2,6
3,7
4,8
4,9
5,11
6,12
7,10
7,13
10,14
11,15
12,16
14,18
15,17
16,19
16,20
<end>
