<number of tasks>
20
<number of stations>
10
<order strength>
0.8
<type of the robots>
1
<upper bound>
2036
<robot flexibility>
0.4
<collaboration flexibility>
0.4
<number of robots>
4
<task times>
1 623 99999 99999
2 431 99999 99999
3 456 99999 319
4 537 99999 99999
5 442 884 99999
6 587 99999 410
7 557 1114 99999
8 364 99999 99999
9 500 99999 350
10 542 99999 99999
11 488 99999 341
12 550 1100 99999
13 519 1038 99999
14 496 992 347
15 446 892 312
16 642 99999 99999
17 700 99999 490
18 393 786 99999
19 542 1084 99999
20 362 99999 253
<precedence relations>
1,4
2,4
2,5
3,4
4,6
5,6
6,7
6,8
6,9
7,10
7,11
8,10
8,11
9,10
9,11
10,12
10,14
11,12
11,13
12,16
14,15
15,17
15,18
16,20
17,20
18,19
<end>
