<number of tasks>
100
<number of stations>
50
<order strength>
0.895
<type of the robots>
1
<upper bound>
941
<robot flexibility>
0.2
<collaboration flexibility>
0.2
<number of robots>
0
<task times>
1 187 99999 130
2 31 99999 99999
3 184 368 128
4 65 130 99999
5 224 99999 99999
6 89 99999 99999
7 106 212 99999
8 556 99999 99999
9 39 99999 99999
10 536 99999 99999
11 517 99999 99999
12 186 99999 99999
13 68 99999 99999
14 63 99999 99999
15 213 99999 99999
16 445 99999 99999
17 257 99999 99999
18 211 99999 99999
19 45 99999 99999
20 165 99999 99999
21 290 99999 99999
22 169 338 118
23 177 99999 123
24 72 99999 99999
25 54 99999 99999
26 60 120 42
27 345 99999 99999
28 104 99999 99999
29 295 590 206
30 566 99999 99999
31 28 99999 99999
32 88 99999 61
33 59 99999 99999
34 105 99999 99999
35 362 99999 253
36 140 99999 99999
37 122 99999 99999
38 37 99999 99999
39 237 99999 99999
40 308 99999 99999
41 616 99999 99999
42 305 99999 213
43 102 99999 99999
44 75 99999 99999
45 80 99999 99999
46 174 348 99999
47 191 99999 99999
48 84 99999 58
49 105 99999 99999
50 94 99999 99999
51 53 106 37
52 452 99999 99999
53 215 99999 99999
54 73 99999 99999
55 473 99999 331
56 448 896 99999
57 495 99999 346
58 559 99999 99999
59 374 99999 99999
60 174 99999 121
61 168 99999 99999
62 128 99999 99999
63 188 99999 99999
64 569 99999 99999
65 346 99999 242
66 194 99999 99999
67 263 99999 99999
68 335 99999 99999
69 324 648 99999
70 99 99999 99999
71 424 848 99999
72 118 99999 82
73 548 99999 99999
74 429 858 99999
75 420 840 99999
76 338 99999 99999
77 74 99999 51
78 127 99999 99999
79 312 624 99999
80 277 99999 99999
81 192 99999 99999
82 295 99999 99999
83 244 99999 99999
84 360 99999 99999
85 112 99999 78
86 505 99999 99999
87 66 99999 99999
88 137 274 99999
89 137 99999 99999
90 337 99999 99999
91 134 99999 99999
92 522 1044 99999
93 248 496 99999
94 300 600 99999
95 542 99999 379
96 140 99999 98
97 352 99999 99999
98 81 99999 99999
99 31 62 99999
100 151 302 99999
<precedence relations>
1,3
1,4
2,3
2,4
3,5
3,6
3,7
3,8
3,9
4,5
4,6
4,7
4,8
4,9
5,10
5,11
5,12
6,10
6,11
6,12
7,10
7,11
7,12
8,10
8,11
8,12
9,10
9,11
9,12
10,13
10,14
10,15
11,13
11,14
11,15
12,13
12,14
12,15
13,16
13,17
13,18
13,19
14,16
14,17
14,18
14,19
15,16
15,17
15,18
15,19
16,20
16,21
16,22
16,23
17,20
18,22
18,23
19,20
19,21
20,24
20,25
20,26
21,24
21,25
21,26
22,24
22,25
22,26
23,24
23,25
23,26
24,27
24,28
24,29
25,27
25,28
25,29
25,30
26,27
26,28
26,29
26,30
27,31
27,32
27,33
28,31
28,32
28,33
29,31
29,32
29,33
30,31
30,32
30,33
31,34
31,35
31,36
32,34
32,35
32,36
33,34
33,35
33,36
34,37
34,38
35,37
35,38
36,37
36,38
37,42
38,39
38,40
38,41
38,42
39,43
39,44
39,45
40,43
40,44
40,45
41,43
41,44
41,45
42,43
42,44
42,45
43,46
43,49
44,46
44,47
44,50
45,46
45,47
45,48
45,49
45,50
46,51
47,51
48,51
49,51
50,51
51,52
51,53
51,54
51,55
52,56
52,57
52,58
53,56
53,57
53,58
54,56
54,57
54,58
55,60
55,61
56,62
56,65
56,71
57,59
58,60
58,76
58,78
59,61
61,62
61,63
61,64
61,65
62,69
63,66
63,67
63,68
64,83
64,84
65,66
65,67
66,70
66,75
66,84
67,70
67,72
67,81
68,70
68,71
68,74
69,73
69,87
69,95
70,85
71,78
72,75
72,76
74,76
74,77
75,82
75,90
76,82
76,83
76,88
77,79
78,80
78,81
79,84
79,86
80,83
80,84
81,84
81,85
81,86
82,85
83,87
83,92
84,90
84,92
85,92
85,93
85,98
85,99
86,88
86,89
88,91
88,92
88,94
88,95
89,92
90,93
90,95
90,100
92,96
92,100
94,96
94,100
95,97
95,98
95,99
<end>
