<number of tasks>
100
<number of stations>
50
<order strength>
0.201
<type of the robots>
1
<upper bound>
947
<robot flexibility>
0.2
<collaboration flexibility>
0.2
<number of robots>
0
<task times>
1 580 1160 99999
2 162 324 99999
3 126 99999 99999
4 355 99999 248
5 390 99999 99999
6 492 99999 344
7 29 58 99999
8 239 99999 99999
9 331 99999 99999
10 313 99999 99999
11 131 99999 99999
12 140 280 98
13 112 99999 78
14 27 99999 18
15 110 99999 99999
16 282 99999 99999
17 35 99999 99999
18 167 99999 99999
19 90 99999 99999
20 102 99999 99999
21 490 980 99999
22 242 99999 99999
23 425 99999 99999
24 468 99999 99999
25 587 99999 99999
26 258 99999 99999
27 273 99999 191
28 48 96 99999
29 233 99999 99999
30 182 99999 99999
31 241 482 99999
32 98 196 99999
33 203 406 142
34 241 99999 99999
35 331 99999 231
36 97 194 67
37 23 99999 99999
38 462 99999 323
39 87 99999 99999
40 220 99999 99999
41 273 99999 99999
42 133 99999 99999
43 24 99999 99999
44 169 99999 99999
45 466 99999 99999
46 64 99999 99999
47 508 99999 99999
48 99 99999 99999
49 79 99999 99999
50 376 99999 99999
51 368 99999 99999
52 353 99999 99999
53 133 99999 99999
54 297 594 99999
55 102 99999 99999
56 486 99999 99999
57 98 99999 99999
58 461 99999 99999
59 152 99999 106
60 260 520 99999
61 473 99999 99999
62 325 99999 99999
63 82 164 99999
64 430 99999 301
65 83 99999 99999
66 89 178 99999
67 205 99999 99999
68 139 99999 97
69 142 99999 99999
70 375 99999 99999
71 483 99999 338
72 51 99999 99999
73 89 99999 99999
74 555 99999 99999
75 134 99999 99999
76 578 99999 404
77 476 99999 333
78 303 99999 99999
79 308 616 99999
80 177 354 99999
81 27 99999 99999
82 44 99999 99999
83 24 48 99999
84 111 99999 99999
85 70 140 99999
86 310 99999 217
87 145 99999 99999
88 484 99999 99999
89 34 99999 99999
90 100 99999 99999
91 50 100 99999
92 285 99999 199
93 450 99999 315
94 80 99999 99999
95 531 99999 99999
96 224 99999 99999
97 476 99999 99999
98 26 99999 18
99 258 99999 99999
100 125 250 99999
<precedence relations>
1,11
2,8
2,16
2,75
3,9
3,15
4,10
4,67
4,85
5,14
6,40
6,56
7,12
7,13
7,14
8,17
9,18
10,19
11,20
12,21
13,22
14,23
14,24
14,25
14,26
16,76
16,99
17,30
18,32
19,27
20,28
21,29
22,31
24,74
25,91
26,33
27,35
28,36
29,36
30,34
31,37
32,39
32,40
32,89
33,38
34,41
35,42
36,67
37,46
37,47
37,48
38,43
38,56
38,83
39,44
39,49
40,45
41,52
42,54
43,50
43,53
43,55
44,51
44,68
45,65
45,92
45,97
46,97
47,95
48,56
49,56
50,57
51,59
52,58
53,60
54,63
55,61
55,62
55,64
55,67
56,65
56,66
56,67
56,68
57,70
58,69
59,73
60,74
61,71
62,72
63,76
64,75
64,76
64,77
65,75
66,84
67,91
67,92
67,95
68,78
68,90
69,83
70,79
71,84
72,81
73,82
74,85
75,80
77,85
78,91
79,86
80,87
81,89
82,88
84,91
84,92
85,90
86,93
87,94
88,95
89,97
89,99
91,98
91,100
92,96
<end>
