<number of tasks>
100
<number of stations>
50
<order strength>
0.895
<type of the robots>
1
<upper bound>
987
<robot flexibility>
0.2
<collaboration flexibility>
0.2
<number of robots>
20
<task times>
1 54 99999 99999
2 324 99999 99999
3 566 1132 99999
4 351 702 99999
5 244 99999 99999
6 285 570 99999
7 413 826 99999
8 492 984 344
9 155 99999 99999
10 499 99999 99999
11 392 99999 274
12 282 99999 99999
13 473 99999 99999
14 94 99999 99999
15 527 99999 99999
16 231 99999 99999
17 124 99999 99999
18 151 99999 105
19 200 99999 99999
20 222 99999 99999
21 161 99999 99999
22 438 99999 99999
23 314 99999 219
24 287 99999 99999
25 465 99999 325
26 140 280 99999
27 466 99999 326
28 154 99999 99999
29 121 99999 84
30 91 99999 99999
31 91 99999 99999
32 200 400 99999
33 557 99999 99999
34 114 99999 79
35 146 99999 99999
36 197 99999 137
37 257 99999 99999
38 419 99999 99999
39 163 99999 99999
40 189 99999 99999
41 96 192 67
42 141 282 99999
43 339 99999 99999
44 553 99999 99999
45 155 99999 99999
46 114 99999 99999
47 507 99999 99999
48 286 99999 200
49 91 99999 99999
50 493 986 345
51 393 786 99999
52 470 99999 99999
53 73 99999 99999
54 215 99999 99999
55 129 99999 90
56 219 438 153
57 189 99999 99999
58 98 196 99999
59 174 348 99999
60 77 99999 53
61 494 988 99999
62 114 99999 99999
63 282 99999 99999
64 40 99999 99999
65 147 294 99999
66 517 99999 99999
67 339 99999 99999
68 61 122 99999
69 220 99999 154
70 252 99999 176
71 186 372 99999
72 221 99999 99999
73 167 99999 99999
74 35 99999 99999
75 186 99999 99999
76 556 99999 389
77 403 806 99999
78 171 99999 99999
79 178 99999 99999
80 56 99999 99999
81 102 99999 99999
82 233 99999 99999
83 437 874 99999
84 22 99999 99999
85 108 99999 75
86 249 99999 99999
87 255 99999 99999
88 73 99999 99999
89 100 99999 99999
90 523 99999 366
91 199 99999 99999
92 20 99999 99999
93 114 99999 99999
94 409 99999 99999
95 214 99999 99999
96 248 99999 99999
97 360 99999 99999
98 164 99999 99999
99 179 99999 99999
100 177 99999 99999
<precedence relations>
1,4
1,5
1,6
1,7
2,4
2,5
2,6
2,7
3,4
3,5
3,6
3,7
4,8
4,9
4,10
5,8
5,9
5,10
6,8
6,9
6,10
7,8
7,9
7,10
8,11
8,12
8,13
9,11
9,12
9,13
10,11
10,12
10,13
11,14
11,15
11,16
11,17
11,18
12,14
12,15
12,16
12,17
12,18
13,14
13,15
13,16
13,17
13,18
14,19
14,20
15,19
15,20
16,19
16,20
17,19
17,20
18,19
18,20
19,44
20,21
20,22
21,23
21,24
21,25
22,23
22,24
22,25
23,26
23,27
23,28
24,26
24,27
24,28
25,26
25,27
25,28
26,29
26,30
27,29
27,30
27,31
28,29
28,30
28,31
29,34
29,35
29,37
30,32
30,33
30,34
30,35
31,32
31,33
31,34
31,35
32,36
32,37
33,36
34,39
35,36
36,38
36,39
36,40
37,49
37,50
37,51
38,41
38,42
39,41
39,42
39,43
39,44
40,41
40,42
40,43
40,44
41,45
41,46
41,47
41,48
42,45
42,46
42,47
42,48
43,45
43,46
43,47
43,48
44,45
44,46
44,47
44,48
45,49
45,50
45,51
46,49
46,50
46,51
47,49
47,50
47,51
48,49
48,50
48,51
49,52
49,53
49,54
50,52
50,53
50,54
51,52
51,53
51,54
52,55
52,56
52,57
52,58
53,55
53,56
53,57
53,58
54,55
54,56
54,57
54,58
55,59
55,60
55,61
56,59
56,60
56,61
57,59
57,60
58,64
58,66
59,62
59,63
59,65
60,62
60,84
61,63
61,64
62,68
62,74
62,76
62,79
63,66
64,87
65,67
65,84
65,86
66,70
66,71
67,72
68,69
68,71
69,90
69,92
70,72
70,73
70,74
71,72
72,75
72,80
73,76
73,77
73,79
74,75
74,78
75,87
75,88
75,96
75,98
77,82
77,83
77,94
79,80
79,81
80,83
80,85
81,86
81,87
82,84
82,87
82,91
82,97
83,88
83,95
85,92
86,88
86,89
86,90
86,91
87,100
88,93
90,94
90,95
91,93
92,93
92,95
92,96
93,100
94,100
95,98
95,99
96,97
96,99
<end>
