<number of tasks>
100
<number of stations>
25
<order strength>
0.199
<type of the robots>
1
<upper bound>
4232
<robot flexibility>
0.2
<collaboration flexibility>
0.2
<number of robots>
10
<task times>
1 425 99999 99999
2 601 1202 99999
3 353 99999 99999
4 372 99999 99999
5 297 99999 99999
6 613 99999 99999
7 526 99999 99999
8 479 99999 99999
9 480 960 99999
10 580 99999 99999
11 623 99999 99999
12 509 99999 99999
13 316 99999 221
14 378 99999 99999
15 553 99999 99999
16 704 99999 99999
17 541 99999 99999
18 585 99999 99999
19 413 99999 99999
20 583 99999 99999
21 337 99999 99999
22 704 99999 99999
23 664 1328 464
24 495 990 346
25 294 588 99999
26 504 99999 352
27 523 1046 99999
28 340 99999 99999
29 454 99999 99999
30 585 99999 99999
31 392 99999 99999
32 460 99999 99999
33 561 99999 99999
34 530 1060 99999
35 495 990 99999
36 681 99999 99999
37 440 880 99999
38 414 828 99999
39 734 1468 99999
40 559 99999 99999
41 320 99999 99999
42 500 1000 99999
43 724 99999 99999
44 505 99999 99999
45 704 99999 99999
46 454 99999 99999
47 584 99999 408
48 525 99999 99999
49 694 99999 485
50 402 99999 99999
51 537 99999 99999
52 445 99999 99999
53 477 99999 333
54 648 1296 99999
55 541 1082 99999
56 392 784 99999
57 394 99999 99999
58 559 99999 99999
59 472 944 330
60 683 99999 99999
61 536 99999 99999
62 548 99999 99999
63 690 99999 483
64 693 99999 485
65 482 99999 99999
66 728 99999 99999
67 447 894 99999
68 576 1152 403
69 876 99999 99999
70 441 99999 99999
71 394 788 99999
72 188 99999 99999
73 320 99999 224
74 702 99999 491
75 359 99999 251
76 417 99999 99999
77 670 99999 99999
78 737 99999 99999
79 656 99999 99999
80 491 99999 343
81 564 99999 394
82 422 99999 99999
83 362 99999 253
84 539 99999 99999
85 477 99999 99999
86 639 99999 447
87 834 1668 583
88 525 99999 99999
89 467 99999 326
90 711 99999 99999
91 616 99999 99999
92 713 99999 99999
93 619 99999 99999
94 422 99999 99999
95 677 99999 99999
96 518 99999 99999
97 516 99999 99999
98 375 99999 99999
99 715 99999 99999
100 572 99999 99999
<precedence relations>
2,17
2,19
2,64
3,18
4,15
4,21
5,12
5,53
5,60
7,14
7,27
7,58
8,46
9,74
9,79
10,16
10,60
11,13
11,14
11,69
11,73
12,22
12,25
13,20
13,23
13,26
13,65
13,84
14,78
15,26
15,27
15,28
16,61
16,63
17,24
19,21
19,57
20,72
20,78
20,81
21,31
21,56
21,100
22,33
23,29
23,34
23,92
24,92
25,36
26,38
27,37
28,30
28,32
28,35
29,39
29,52
30,43
33,44
33,74
34,41
34,44
34,46
34,56
36,40
36,45
37,42
37,90
38,39
39,51
39,58
40,48
40,56
40,90
41,53
42,49
42,50
42,83
43,47
43,52
45,54
45,55
46,96
47,63
49,57
49,60
50,59
50,62
51,83
52,67
52,94
53,74
53,75
55,61
55,64
56,58
57,69
59,65
60,66
61,70
63,68
63,84
64,67
65,100
66,71
66,73
68,72
68,74
68,75
69,76
69,80
71,78
71,81
71,84
71,96
72,80
72,87
74,81
74,83
74,85
74,89
75,76
75,77
75,79
75,82
75,86
77,90
77,91
78,92
83,93
86,88
86,89
88,95
88,96
89,94
89,97
89,99
89,100
93,98
<end>
