<number of tasks>
50
<number of stations>
25
<order strength>
0.2
<type of the robots>
1
<upper bound>
2025
<robot flexibility>
0.2
<collaboration flexibility>
0.2
<number of robots>
5
<task times>
1 524 99999 366
2 389 778 99999
3 432 99999 99999
4 457 914 99999
5 371 99999 99999
6 330 99999 231
7 428 856 99999
8 799 99999 99999
9 554 1108 99999
10 574 99999 99999
11 482 99999 99999
12 440 99999 308
13 524 99999 99999
14 494 99999 99999
15 771 99999 99999
16 489 99999 99999
17 610 99999 99999
18 406 812 284
19 483 99999 99999
20 651 99999 455
21 590 99999 99999
22 411 99999 287
23 584 1168 99999
24 407 99999 99999
25 777 1554 99999
26 513 99999 99999
27 403 99999 99999
28 532 99999 99999
29 436 872 99999
30 413 99999 99999
31 493 99999 99999
32 490 99999 99999
33 401 99999 99999
34 657 99999 99999
35 673 99999 471
36 518 99999 99999
37 662 99999 99999
38 411 99999 99999
39 620 99999 434
40 457 99999 99999
41 333 99999 99999
42 634 99999 99999
43 223 99999 156
44 500 99999 99999
45 426 99999 99999
46 613 1226 99999
47 539 99999 99999
48 451 902 99999
49 571 99999 399
50 362 99999 99999
<precedence relations>
1,4
1,5
1,6
1,7
1,8
1,9
2,3
2,26
3,10
3,15
4,11
4,43
5,12
6,13
7,14
7,15
8,21
10,17
11,18
12,19
13,20
14,16
14,21
15,22
16,23
17,24
18,25
19,25
20,26
21,27
21,28
21,29
23,33
24,31
25,30
25,32
25,42
27,34
30,35
31,36
32,39
33,37
33,38
33,40
34,41
34,42
34,43
35,47
36,44
37,45
38,46
39,47
40,49
40,50
42,48
<end>
