<number of tasks>
50
<number of stations>
13
<order strength>
0.199
<type of the robots>
1
<upper bound>
1805
<robot flexibility>
0.2
<collaboration flexibility>
0.2
<number of robots>
5
<task times>
1 462 99999 99999
2 244 99999 170
3 269 99999 99999
4 573 1146 99999
5 204 99999 99999
6 131 262 99999
7 81 99999 99999
8 205 99999 99999
9 440 99999 99999
10 307 99999 99999
11 391 782 273
12 441 99999 99999
13 236 99999 99999
14 233 99999 99999
15 200 99999 99999
16 395 99999 99999
17 233 466 163
18 112 99999 99999
19 222 444 99999
20 207 99999 144
21 148 99999 99999
22 358 99999 99999
23 513 99999 99999
24 24 48 99999
25 130 99999 91
26 131 99999 91
27 182 99999 99999
28 68 99999 47
29 69 99999 99999
30 47 99999 99999
31 115 230 99999
32 199 99999 139
33 79 158 55
34 364 99999 99999
35 118 99999 99999
36 49 99999 99999
37 517 99999 99999
38 68 99999 99999
39 227 99999 99999
40 296 99999 99999
41 390 99999 99999
42 152 99999 99999
43 26 52 99999
44 319 99999 99999
45 462 924 99999
46 174 99999 99999
47 49 99999 99999
48 532 99999 99999
49 191 99999 133
50 143 99999 99999
<precedence relations>
4,9
4,10
4,12
4,13
7,11
7,15
8,14
9,16
9,19
11,17
11,18
13,19
13,20
16,25
16,27
17,23
18,22
19,24
19,26
20,21
21,28
22,31
23,31
25,30
27,29
28,33
28,38
28,39
29,37
29,39
30,32
30,34
30,35
31,36
34,43
36,42
37,42
38,41
39,40
39,43
41,45
42,46
42,47
42,48
42,49
42,50
43,44
<end>
