<number of tasks>
50
<number of stations>
13
<order strength>
0.199
<type of the robots>
1
<upper bound>
3796
<robot flexibility>
0.2
<collaboration flexibility>
0.2
<number of robots>
0
<task times>
1 412 824 99999
2 377 99999 99999
3 292 99999 99999
4 308 99999 99999
5 429 858 300
6 411 99999 99999
7 512 99999 358
8 445 99999 99999
9 458 99999 99999
10 689 99999 99999
11 684 99999 99999
12 411 99999 99999
13 339 99999 99999
14 395 99999 99999
15 412 99999 99999
16 512 99999 99999
17 321 99999 224
18 510 99999 99999
19 574 99999 401
20 629 99999 99999
21 651 99999 99999
22 524 99999 99999
23 481 99999 99999
24 519 1038 99999
25 502 99999 99999
26 467 99999 326
27 565 1130 99999
28 662 99999 99999
29 414 828 99999
30 586 99999 410
31 269 99999 188
32 504 99999 99999
33 421 99999 99999
34 479 99999 335
35 557 1114 99999
36 517 99999 99999
37 438 99999 99999
38 559 99999 99999
39 477 954 99999
40 541 99999 99999
41 462 99999 99999
42 933 1866 99999
43 558 99999 99999
44 380 760 99999
45 497 99999 99999
46 362 99999 99999
47 479 99999 335
48 531 1062 99999
49 683 99999 99999
50 535 99999 374
<precedence relations>
3,12
3,13
4,10
6,41
8,11
9,43
10,15
10,16
11,14
11,17
11,18
14,37
15,21
16,19
17,20
18,29
18,48
19,23
19,25
20,26
20,28
20,31
21,22
21,24
21,27
21,29
21,30
22,34
23,38
23,44
23,49
26,32
26,33
26,34
27,32
27,37
28,35
28,39
28,44
31,36
31,47
33,41
33,42
34,40
34,45
36,43
37,44
38,45
40,49
42,50
43,46
44,47
45,48
<end>
