<number of tasks>
100
<number of stations>
25
<order strength>
0.201
<type of the robots>
1
<upper bound>
1097
<robot flexibility>
0.4
<collaboration flexibility>
0.4
<number of robots>
10
<task times>
1 139 99999 97
2 400 99999 99999
3 153 99999 107
4 41 99999 99999
5 89 99999 99999
6 123 99999 86
7 98 196 99999
8 224 99999 99999
9 201 402 140
10 93 186 99999
11 128 256 89
12 149 99999 99999
13 30 99999 99999
14 211 422 99999
15 197 394 99999
16 137 99999 95
17 144 99999 100
18 113 99999 79
19 50 99999 99999
20 130 99999 99999
21 200 99999 99999
22 205 410 143
23 80 99999 99999
24 35 99999 99999
25 142 99999 99999
26 47 99999 32
27 152 304 99999
28 112 99999 99999
29 67 134 46
30 343 686 99999
31 173 99999 121
32 176 352 123
33 129 99999 99999
34 153 306 99999
35 265 99999 185
36 172 99999 99999
37 69 138 48
38 209 99999 99999
39 100 99999 99999
40 217 434 99999
41 93 99999 99999
42 155 99999 99999
43 122 244 85
44 153 306 99999
45 158 316 99999
46 90 99999 63
47 58 99999 99999
48 90 99999 63
49 22 99999 99999
50 126 99999 99999
51 193 386 99999
52 122 99999 85
53 37 99999 25
54 218 436 152
55 105 210 99999
56 53 99999 99999
57 148 99999 103
58 173 346 121
59 139 278 97
60 165 330 99999
61 27 54 18
62 156 99999 99999
63 241 482 99999
64 113 99999 99999
65 299 99999 99999
66 98 99999 99999
67 169 338 99999
68 241 482 99999
69 40 80 28
70 126 99999 99999
71 77 99999 53
72 116 232 81
73 114 228 99999
74 88 176 99999
75 236 99999 99999
76 190 380 99999
77 45 90 31
78 80 160 56
79 197 99999 137
80 86 172 60
81 118 99999 82
82 163 99999 99999
83 155 99999 108
84 74 99999 51
85 167 99999 116
86 101 99999 99999
87 52 99999 99999
88 203 99999 99999
89 129 258 99999
90 247 99999 99999
91 70 99999 49
92 24 48 99999
93 180 99999 99999
94 60 99999 99999
95 118 99999 82
96 148 99999 103
97 76 152 99999
98 175 99999 122
99 278 556 99999
100 118 236 99999
<precedence relations>
1,5
1,6
1,7
1,98
2,34
2,47
2,74
3,8
3,9
4,91
5,10
6,11
7,15
8,12
8,13
8,18
9,14
9,16
9,17
10,20
11,19
12,22
13,23
14,24
15,25
16,21
16,27
17,66
17,99
18,26
19,28
20,29
21,31
22,32
23,33
24,34
25,35
26,30
26,34
27,36
27,37
27,38
27,39
28,42
29,40
30,41
31,44
32,45
33,46
34,44
34,49
35,87
36,43
36,47
36,75
36,76
38,48
38,91
38,92
40,50
41,52
42,55
43,51
43,53
43,54
44,84
45,56
45,57
46,100
47,58
48,57
49,77
49,84
50,59
51,60
52,61
53,62
54,64
55,63
56,67
56,68
56,69
56,77
57,65
57,87
58,65
58,66
59,72
60,74
61,75
62,70
63,71
64,73
65,73
65,77
66,87
67,92
67,100
68,78
69,75
69,76
69,88
70,80
71,81
72,82
73,79
73,93
74,84
75,83
75,84
77,89
78,94
79,85
80,87
81,88
82,86
83,87
83,92
83,93
84,87
84,89
84,90
84,91
84,94
84,95
85,97
86,96
87,100
88,99
94,98
<end>
