<number of tasks>
50
<number of stations>
13
<order strength>
0.2
<type of the robots>
1
<upper bound>
1726
<robot flexibility>
0.2
<collaboration flexibility>
0.2
<number of robots>
5
<task times>
1 91 99999 99999
2 208 99999 145
3 67 99999 99999
4 264 99999 184
5 468 936 99999
6 555 1110 99999
7 143 99999 99999
8 268 536 99999
9 29 99999 99999
10 282 99999 99999
11 28 99999 99999
12 254 99999 99999
13 293 99999 99999
14 166 99999 99999
15 249 99999 174
16 339 99999 237
17 238 99999 99999
18 219 99999 99999
19 191 99999 99999
20 128 256 99999
21 295 99999 99999
22 195 99999 99999
23 35 99999 99999
24 247 99999 172
25 280 99999 99999
26 509 99999 99999
27 92 99999 64
28 160 99999 112
29 59 99999 99999
30 162 99999 99999
31 309 618 99999
32 187 99999 99999
33 480 99999 99999
34 130 99999 99999
35 156 99999 99999
36 510 99999 99999
37 95 99999 66
38 224 99999 99999
39 407 99999 99999
40 527 1054 99999
41 209 418 99999
42 121 99999 99999
43 212 424 99999
44 64 128 99999
45 104 99999 99999
46 118 99999 82
47 357 99999 99999
48 406 99999 284
49 51 99999 99999
50 33 66 99999
<precedence relations>
1,34
2,9
3,8
3,10
3,11
5,13
7,12
8,34
9,18
10,15
11,17
12,16
12,20
13,14
13,19
14,34
15,23
16,21
17,22
18,34
19,24
20,25
20,26
21,29
22,30
24,27
24,28
24,32
25,31
26,33
27,34
28,35
29,36
30,38
32,37
34,39
34,40
34,41
34,42
34,43
35,44
37,45
39,48
39,50
40,46
41,47
41,49
<end>
