<number of tasks>
50
<number of stations>
25
<order strength>
0.201
<type of the robots>
1
<upper bound>
1938
<robot flexibility>
0.4
<collaboration flexibility>
0.4
<number of robots>
5
<task times>
1 697 99999 487
2 556 99999 99999
3 374 748 99999
4 468 936 99999
5 182 99999 99999
6 344 99999 240
7 392 99999 99999
8 634 1268 99999
9 147 99999 102
10 510 99999 99999
11 522 1044 365
12 678 99999 99999
13 579 99999 99999
14 286 572 99999
15 484 968 99999
16 462 99999 323
17 360 99999 99999
18 535 1070 374
19 720 99999 99999
20 520 99999 364
21 693 1386 99999
22 469 938 99999
23 594 99999 99999
24 366 99999 99999
25 312 624 99999
26 616 99999 99999
27 435 99999 304
28 568 1136 397
29 587 99999 99999
30 463 926 324
31 473 99999 99999
32 638 99999 99999
33 549 1098 384
34 287 574 200
35 340 99999 99999
36 639 1278 99999
37 412 99999 99999
38 568 1136 397
39 549 99999 99999
40 390 780 273
41 364 99999 99999
42 360 720 252
43 371 99999 99999
44 545 99999 99999
45 512 1024 358
46 680 99999 476
47 556 99999 389
48 542 1084 99999
49 595 99999 416
50 295 99999 206
<precedence relations>
1,35
2,7
3,9
4,8
4,11
5,10
5,13
6,12
7,14
8,15
9,17
10,19
11,18
12,16
14,35
15,24
16,22
16,27
17,21
17,23
17,26
18,20
19,25
20,35
21,35
22,29
23,30
23,34
24,32
26,31
26,33
27,28
28,35
29,37
30,36
32,39
33,38
33,40
35,41
35,42
35,43
35,44
35,45
36,46
37,47
37,49
40,48
41,50
<end>
