<number of tasks>
20
<number of stations>
5
<order strength>
0.8
<type of the robots>
1
<upper bound>
3875
<robot flexibility>
0.2
<collaboration flexibility>
0.2
<number of robots>
0
<task times>
1 479 99999 99999
2 506 1012 99999
3 485 970 99999
4 424 99999 99999
5 448 99999 99999
6 570 99999 399
7 551 99999 99999
8 371 99999 99999
9 567 99999 396
10 473 946 99999
11 463 99999 99999
12 639 99999 99999
13 563 99999 99999
14 497 994 99999
15 216 99999 99999
16 526 99999 99999
17 538 99999 99999
18 484 99999 338
19 307 99999 99999
20 578 99999 404
<precedence relations>
1,3
1,4
2,3
2,4
3,5
3,6
3,7
4,6
4,7
5,9
6,8
6,11
7,8
8,10
9,11
10,12
10,13
10,14
11,12
11,13
11,14
12,15
12,16
13,17
14,18
17,18
18,19
18,20
<end>
