<number of tasks>
100
<number of stations>
50
<order strength>
0.895
<type of the robots>
1
<upper bound>
965
<robot flexibility>
0.2
<collaboration flexibility>
0.2
<number of robots>
20
<task times>
1 458 99999 99999
2 165 99999 115
3 242 99999 99999
4 228 99999 159
5 235 99999 99999
6 458 916 99999
7 176 99999 123
8 96 99999 99999
9 119 99999 99999
10 72 99999 99999
11 21 99999 99999
12 182 99999 99999
13 353 99999 99999
14 269 538 99999
15 163 99999 114
16 445 99999 99999
17 480 960 99999
18 343 99999 99999
19 189 378 99999
20 477 99999 99999
21 394 99999 275
22 557 99999 99999
23 369 99999 99999
24 456 99999 99999
25 227 99999 99999
26 216 99999 99999
27 480 99999 99999
28 156 99999 109
29 285 99999 99999
30 99 99999 99999
31 368 99999 99999
32 239 99999 167
33 284 99999 99999
34 205 99999 99999
35 589 99999 99999
36 164 99999 99999
37 269 99999 99999
38 494 99999 99999
39 92 184 99999
40 577 99999 99999
41 99 99999 69
42 235 470 99999
43 544 99999 99999
44 37 74 25
45 455 910 99999
46 120 99999 99999
47 198 99999 138
48 141 99999 99999
49 146 99999 99999
50 23 46 99999
51 91 99999 99999
52 178 99999 124
53 283 99999 99999
54 78 99999 99999
55 353 99999 99999
56 157 314 109
57 120 99999 84
58 124 99999 99999
59 117 234 99999
60 239 99999 99999
61 150 99999 99999
62 490 980 343
63 377 99999 99999
64 390 99999 99999
65 195 99999 99999
66 520 99999 99999
67 36 99999 99999
68 210 420 99999
69 145 99999 99999
70 214 99999 99999
71 427 99999 99999
72 186 99999 99999
73 250 500 99999
74 188 376 131
75 459 99999 99999
76 99 99999 99999
77 103 99999 72
78 54 99999 99999
79 146 99999 99999
80 75 99999 99999
81 29 58 99999
82 61 99999 99999
83 379 99999 99999
84 194 99999 99999
85 271 99999 99999
86 243 486 99999
87 580 1160 99999
88 54 99999 37
89 198 99999 138
90 81 99999 56
91 42 99999 99999
92 108 99999 99999
93 435 99999 99999
94 419 99999 99999
95 310 99999 99999
96 107 99999 74
97 39 78 99999
98 204 408 99999
99 134 99999 99999
100 92 99999 99999
<precedence relations>
1,4
1,5
1,6
2,4
2,5
2,6
3,4
3,5
3,6
4,7
4,8
4,9
5,7
5,8
5,9
6,7
6,8
6,9
7,10
7,11
7,12
7,13
8,10
8,11
8,12
8,13
9,10
9,11
9,12
9,13
10,14
10,15
10,16
11,14
11,15
11,16
12,14
12,15
12,16
13,14
13,15
13,16
14,17
14,18
14,19
14,20
14,21
14,22
15,17
15,18
15,19
15,20
15,21
15,22
16,17
16,18
16,19
16,20
16,21
16,22
17,23
17,24
17,25
17,26
17,27
18,23
18,24
18,25
18,27
19,23
19,24
19,25
19,27
20,23
20,26
21,24
21,25
21,26
21,27
22,23
22,24
22,25
22,26
22,27
23,28
23,29
23,30
24,28
24,29
24,30
25,28
25,29
25,30
26,28
26,29
27,28
27,29
28,31
28,32
28,33
28,34
29,31
29,32
29,33
29,34
30,31
30,32
30,33
30,34
31,35
31,36
31,37
32,48
32,49
33,37
34,35
34,36
35,38
35,39
35,40
35,42
36,39
36,40
36,41
36,42
37,38
37,39
37,40
37,41
37,42
38,43
38,44
39,43
39,44
40,43
40,44
41,46
41,55
41,60
41,68
42,43
43,45
43,46
43,48
43,49
44,45
44,46
44,47
44,48
44,49
45,66
46,73
46,76
46,81
46,85
47,50
47,51
48,50
48,51
49,50
49,51
50,53
50,54
50,55
50,56
51,52
52,53
52,54
52,55
52,56
53,57
54,63
54,70
55,67
55,74
56,57
57,58
57,59
57,60
57,61
58,62
59,62
59,63
59,64
60,71
61,64
61,65
62,66
63,67
63,75
64,70
64,78
64,80
65,66
66,68
66,69
66,70
66,72
67,71
67,79
68,73
68,74
68,75
68,80
69,73
69,74
70,74
70,75
71,73
72,76
72,79
73,77
73,78
74,79
74,89
74,90
74,92
75,81
76,77
76,80
77,82
77,83
77,86
78,82
79,85
79,95
80,82
80,84
81,84
81,88
82,88
82,89
82,90
83,88
84,87
84,93
85,97
86,87
88,92
89,91
91,100
92,93
92,94
92,95
94,97
94,98
95,96
96,99
98,99
98,100
<end>
