<number of tasks>
20
<number of stations>
10
<order strength>
0.2
<type of the robots>
1
<upper bound>
946
<robot flexibility>
0.2
<collaboration flexibility>
0.2
<number of robots>
0
<task times>
1 40 99999 28
2 139 278 99999
3 419 99999 99999
4 360 99999 99999
5 23 46 99999
6 316 632 99999
7 350 99999 99999
8 78 99999 99999
9 457 99999 99999
10 208 99999 99999
11 299 598 99999
12 150 99999 99999
13 87 99999 99999
14 25 99999 99999
15 480 99999 336
16 445 99999 311
17 178 99999 99999
18 265 99999 99999
19 147 99999 102
20 260 99999 99999
<precedence relations>
2,6
2,7
3,8
3,9
6,12
7,10
7,11
10,14
10,15
11,16
12,13
15,19
16,17
16,18
16,20
<end>
