<number of tasks>
100
<number of stations>
50
<order strength>
0.199
<type of the robots>
1
<upper bound>
500
<robot flexibility>
0.2
<collaboration flexibility>
0.2
<number of robots>
10
<task times>
1 41 99999 99999
2 94 99999 99999
3 211 422 99999
4 21 99999 99999
5 54 99999 99999
6 108 99999 99999
7 32 99999 22
8 69 138 48
9 203 99999 142
10 49 98 34
11 145 99999 101
12 101 99999 99999
13 179 358 99999
14 36 99999 25
15 32 64 22
16 217 99999 99999
17 81 99999 99999
18 86 99999 60
19 67 99999 99999
20 99 99999 99999
21 96 99999 99999
22 52 99999 99999
23 175 99999 99999
24 79 99999 99999
25 146 99999 99999
26 76 99999 99999
27 133 99999 99999
28 173 99999 99999
29 119 99999 99999
30 149 298 99999
31 246 492 99999
32 171 99999 99999
33 233 466 99999
34 29 99999 99999
35 282 99999 99999
36 158 99999 99999
37 26 99999 99999
38 181 99999 99999
39 130 99999 99999
40 57 99999 99999
41 131 99999 99999
42 282 99999 99999
43 153 99999 99999
44 177 99999 99999
45 120 99999 99999
46 35 99999 99999
47 35 99999 99999
48 134 99999 99999
49 345 99999 99999
50 156 99999 99999
51 97 99999 99999
52 147 99999 99999
53 40 99999 99999
54 127 254 99999
55 208 416 99999
56 25 99999 99999
57 136 99999 99999
58 118 99999 99999
59 30 99999 99999
60 127 254 99999
61 28 56 19
62 195 99999 99999
63 153 99999 107
64 26 99999 99999
65 30 99999 99999
66 223 99999 99999
67 180 99999 126
68 277 99999 99999
69 94 188 99999
70 74 99999 99999
71 121 99999 99999
72 200 99999 99999
73 246 99999 172
74 121 99999 84
75 143 286 99999
76 81 99999 56
77 115 99999 80
78 68 99999 99999
79 70 99999 99999
80 107 99999 99999
81 144 99999 100
82 62 124 99999
83 132 99999 99999
84 125 99999 99999
85 21 42 99999
86 74 148 99999
87 209 99999 99999
88 198 396 138
89 116 99999 99999
90 117 99999 99999
91 148 99999 103
92 242 99999 99999
93 174 99999 99999
94 123 99999 86
95 92 99999 64
96 164 328 99999
97 117 234 99999
98 115 99999 99999
99 78 99999 99999
100 229 99999 99999
<precedence relations>
1,12
2,10
2,14
4,11
4,61
5,13
5,43
6,16
7,15
7,28
7,83
8,9
8,17
10,19
11,18
12,21
14,22
16,20
16,49
16,50
17,61
18,27
18,73
19,29
20,23
20,24
20,25
20,26
20,28
20,30
21,22
21,31
22,37
25,32
25,38
26,36
27,33
29,34
30,39
30,40
30,41
31,35
32,47
32,48
33,42
34,43
34,46
35,49
35,50
36,45
37,44
37,50
38,47
38,90
40,67
41,68
42,53
42,56
43,57
43,58
44,53
44,55
44,70
45,96
48,58
49,51
49,52
49,64
49,71
50,54
50,59
50,97
51,65
51,66
51,67
53,68
54,81
56,62
56,64
56,99
57,60
57,63
57,94
58,61
59,69
61,71
61,73
65,75
65,77
67,70
67,77
68,74
69,72
69,76
70,78
70,79
71,81
72,80
72,84
73,82
74,83
74,100
75,85
77,86
78,87
78,91
79,90
80,90
86,88
86,89
86,91
87,92
87,93
87,94
87,95
88,99
89,97
89,100
90,96
91,98
91,100
<end>
