<number of tasks>
20
<number of stations>
5
<order strength>
0.8
<type of the robots>
1
<upper bound>
1140
<robot flexibility>
0.4
<collaboration flexibility>
0.4
<number of robots>
1
<task times>
1 37 74 99999
2 158 99999 110
3 60 99999 42
4 228 99999 99999
5 283 566 198
6 58 99999 99999
7 62 124 99999
8 64 128 44
9 20 40 99999
10 204 99999 99999
11 97 99999 99999
12 246 99999 99999
13 123 246 99999
14 280 99999 196
15 205 99999 143
16 72 144 99999
17 268 99999 187
18 75 99999 52
19 190 380 99999
20 118 99999 99999
<precedence relations>
1,6
1,7
1,8
2,3
2,4
3,5
4,5
5,6
5,7
5,8
6,9
6,10
7,14
7,15
8,9
8,10
8,11
9,15
9,16
10,12
10,13
11,12
12,14
12,15
13,18
14,16
15,17
15,18
16,18
16,19
17,19
17,20
<end>
