<number of tasks>
50
<number of stations>
13
<order strength>
0.2
<type of the robots>
1
<upper bound>
1627
<robot flexibility>
0.4
<collaboration flexibility>
0.4
<number of robots>
3
<task times>
1 33 99999 99999
2 157 314 99999
3 44 99999 30
4 89 178 99999
5 310 620 99999
6 74 148 51
7 281 562 99999
8 567 1134 99999
9 77 99999 53
10 223 99999 99999
11 165 99999 115
12 64 128 99999
13 109 99999 99999
14 112 99999 99999
15 98 99999 68
16 31 99999 99999
17 117 99999 81
18 170 99999 119
19 128 256 89
20 348 99999 99999
21 448 99999 99999
22 235 99999 99999
23 136 99999 99999
24 117 234 81
25 99 198 69
26 185 370 129
27 167 99999 116
28 113 226 99999
29 52 99999 99999
30 353 706 99999
31 408 99999 99999
32 214 99999 99999
33 231 462 99999
34 505 1010 99999
35 501 1002 99999
36 517 99999 99999
37 75 99999 99999
38 163 326 99999
39 420 99999 294
40 322 99999 225
41 468 99999 99999
42 156 99999 99999
43 81 99999 56
44 276 99999 193
45 460 99999 99999
46 99 198 69
47 150 99999 105
48 52 99999 99999
49 85 170 59
50 290 580 203
<precedence relations>
1,7
3,9
4,8
4,10
6,11
6,12
7,13
7,44
8,16
8,23
9,14
9,21
10,15
10,17
10,20
14,20
16,19
16,21
16,24
17,18
17,22
17,23
20,27
20,29
22,33
23,26
24,25
24,28
24,30
25,32
26,33
26,34
26,40
27,36
29,34
29,35
30,31
31,39
31,42
32,41
32,46
32,47
33,44
33,45
33,46
34,37
35,38
36,40
36,43
37,49
39,47
43,48
46,50
<end>
