<number of tasks>
20
<number of stations>
5
<order strength>
0.8
<type of the robots>
1
<upper bound>
1152
<robot flexibility>
0.2
<collaboration flexibility>
0.2
<number of robots>
2
<task times>
1 191 99999 99999
2 52 99999 99999
3 100 99999 70
4 202 404 99999
5 147 99999 99999
6 161 99999 99999
7 69 99999 99999
8 162 99999 113
9 184 99999 128
10 55 99999 99999
11 121 242 99999
12 135 99999 99999
13 65 99999 45
14 357 99999 99999
15 145 290 99999
16 238 476 99999
17 35 99999 99999
18 191 99999 99999
19 153 99999 99999
20 116 99999 99999
<precedence relations>
1,4
2,4
3,4
4,5
4,6
4,7
5,8
5,9
5,10
6,16
7,10
8,15
9,15
10,11
10,12
10,13
11,14
11,15
12,14
13,14
13,15
14,17
14,18
15,16
16,17
16,18
17,19
18,20
<end>
