<number of tasks>
20
<number of stations>
5
<order strength>
0.2
<type of the robots>
1
<upper bound>
3789
<robot flexibility>
0.4
<collaboration flexibility>
0.4
<number of robots>
2
<task times>
1 429 99999 99999
2 565 99999 99999
3 497 994 347
4 435 99999 99999
5 467 934 326
6 682 99999 99999
7 261 99999 99999
8 561 99999 99999
9 430 99999 99999
10 366 732 99999
11 336 672 235
12 610 1220 427
13 499 99999 99999
14 621 99999 434
15 603 99999 99999
16 355 710 99999
17 318 636 222
18 450 99999 99999
19 369 99999 258
20 616 1232 431
<precedence relations>
1,6
1,8
3,7
3,9
6,10
7,11
7,12
10,15
11,16
12,13
12,14
13,19
13,20
14,18
15,17
<end>
