<number of tasks>
50
<number of stations>
13
<order strength>
0.201
<type of the robots>
1
<upper bound>
1846
<robot flexibility>
0.4
<collaboration flexibility>
0.4
<number of robots>
5
<task times>
1 551 99999 385
2 55 110 38
3 144 288 99999
4 190 99999 133
5 61 99999 42
6 388 99999 99999
7 300 99999 99999
8 269 99999 99999
9 68 136 99999
10 143 99999 99999
11 163 99999 114
12 366 732 256
13 160 99999 112
14 129 99999 99999
15 254 99999 99999
16 475 950 99999
17 534 99999 373
18 71 142 49
19 134 268 93
20 301 602 99999
21 93 99999 99999
22 304 99999 99999
23 58 99999 40
24 429 858 99999
25 133 99999 93
26 423 99999 99999
27 38 99999 99999
28 541 99999 99999
29 157 314 99999
30 107 99999 99999
31 514 1028 359
32 84 99999 99999
33 304 608 212
34 550 1100 99999
35 330 660 231
36 560 99999 99999
37 207 414 144
38 75 99999 99999
39 129 258 99999
40 78 156 54
41 339 678 237
42 49 98 99999
43 189 378 132
44 402 99999 281
45 249 99999 99999
46 179 99999 99999
47 109 99999 99999
48 222 99999 99999
49 49 99999 99999
50 336 99999 99999
<precedence relations>
1,20
2,20
3,20
4,13
5,14
6,10
6,12
6,23
7,15
7,42
7,50
8,11
8,16
8,19
9,17
9,18
10,20
11,20
12,21
13,22
14,22
15,23
18,24
19,25
19,41
20,26
20,27
20,28
20,29
20,30
21,31
22,33
23,32
23,45
25,48
25,49
27,37
30,36
31,35
32,34
34,39
35,40
35,41
36,38
36,42
36,43
37,50
38,44
40,45
40,46
40,47
40,48
43,45
44,48
46,49
46,50
<end>
