<number of tasks>
20
<number of stations>
5
<order strength>
0.8
<type of the robots>
1
<upper bound>
4025
<robot flexibility>
0.2
<collaboration flexibility>
0.2
<number of robots>
1
<task times>
1 442 884 99999
2 560 99999 392
3 403 99999 99999
4 462 924 99999
5 415 99999 99999
6 461 99999 99999
7 372 99999 99999
8 762 1524 533
9 664 99999 99999
10 706 99999 99999
11 328 656 99999
12 304 99999 212
13 740 99999 99999
14 621 99999 99999
15 635 99999 99999
16 332 99999 99999
17 399 99999 99999
18 544 99999 99999
19 561 99999 99999
20 350 99999 245
<precedence relations>
1,2
1,3
2,4
2,9
3,4
3,5
3,6
4,7
4,8
5,7
5,8
5,9
6,7
6,8
6,9
7,10
8,12
8,14
10,11
10,12
11,13
11,14
12,13
13,15
13,16
13,17
14,16
14,17
15,19
16,18
17,19
17,20
<end>
