<number of tasks>
20
<number of stations>
10
<order strength>
0.8
<type of the robots>
1
<upper bound>
975
<robot flexibility>
0.2
<collaboration flexibility>
0.2
<number of robots>
0
<task times>
1 228 456 99999
2 62 99999 99999
3 91 182 99999
4 277 99999 99999
5 439 99999 99999
6 544 99999 99999
7 119 99999 99999
8 507 99999 99999
9 111 222 77
10 441 99999 99999
11 184 99999 128
12 112 99999 99999
13 43 99999 99999
14 162 99999 99999
15 95 99999 99999
16 458 99999 99999
17 118 236 99999
18 451 99999 99999
19 295 99999 206
20 134 99999 93
<precedence relations>
1,3
2,4
2,5
2,6
3,4
3,5
3,6
4,7
4,8
5,7
6,7
7,9
8,10
8,12
9,11
9,12
9,13
10,15
10,20
11,14
11,15
12,14
12,15
13,14
14,16
14,17
15,18
16,18
16,19
16,20
<end>
