<number of tasks>
100
<number of stations>
25
<order strength>
0.199
<type of the robots>
1
<upper bound>
1001
<robot flexibility>
0.2
<collaboration flexibility>
0.2
<number of robots>
10
<task times>
1 86 172 99999
2 119 238 99999
3 317 99999 99999
4 105 99999 73
5 78 99999 99999
6 102 99999 99999
7 90 99999 99999
8 87 99999 99999
9 186 372 130
10 33 99999 23
11 243 486 99999
12 123 99999 99999
13 172 344 99999
14 166 99999 99999
15 57 99999 99999
16 347 99999 242
17 130 99999 91
18 28 99999 99999
19 24 99999 99999
20 96 99999 99999
21 224 99999 99999
22 216 99999 99999
23 116 99999 99999
24 80 99999 56
25 135 99999 99999
26 52 99999 99999
27 166 99999 99999
28 175 99999 99999
29 202 99999 99999
30 100 99999 70
31 103 99999 99999
32 45 99999 99999
33 180 360 99999
34 97 99999 99999
35 211 422 147
36 200 99999 99999
37 156 99999 99999
38 218 99999 99999
39 41 99999 99999
40 131 99999 99999
41 59 99999 99999
42 71 99999 99999
43 54 99999 99999
44 67 99999 99999
45 109 99999 99999
46 208 99999 145
47 190 99999 133
48 34 68 23
49 191 382 99999
50 86 99999 60
51 33 99999 99999
52 76 99999 99999
53 33 66 99999
54 53 99999 99999
55 174 348 121
56 261 99999 99999
57 65 99999 99999
58 61 99999 99999
59 201 99999 99999
60 41 99999 99999
61 79 158 99999
62 230 99999 99999
63 205 410 99999
64 31 99999 99999
65 152 99999 106
66 220 440 99999
67 36 99999 25
68 106 99999 99999
69 38 76 99999
70 80 99999 99999
71 164 99999 99999
72 99 99999 99999
73 98 99999 99999
74 95 99999 66
75 75 150 99999
76 51 102 99999
77 100 99999 99999
78 268 99999 99999
79 41 99999 99999
80 241 99999 99999
81 172 99999 99999
82 25 99999 99999
83 178 99999 99999
84 115 99999 99999
85 68 99999 99999
86 96 99999 99999
87 173 99999 121
88 136 272 95
89 141 99999 99999
90 64 99999 99999
91 150 99999 99999
92 52 99999 99999
93 166 99999 116
94 131 99999 99999
95 205 99999 99999
96 305 99999 213
97 72 144 99999
98 49 98 99999
99 76 99999 99999
100 219 99999 99999
<precedence relations>
1,12
2,20
3,15
3,16
3,20
4,13
5,11
5,14
5,57
7,95
8,10
9,17
10,23
10,24
10,26
11,19
12,68
13,25
14,18
15,21
15,22
15,61
16,23
17,20
18,28
18,36
18,37
18,54
19,33
20,27
20,30
20,34
21,77
22,29
22,32
23,35
24,31
26,28
26,73
27,44
28,38
29,46
30,45
30,73
31,41
31,42
33,39
33,54
34,43
37,40
38,52
38,99
39,50
39,65
41,51
41,81
42,47
42,48
44,69
45,49
45,81
46,73
47,57
48,56
49,54
50,53
50,55
51,72
52,58
52,59
52,60
52,61
54,64
55,67
56,65
56,93
57,66
59,62
59,69
59,70
59,71
61,63
61,68
62,75
62,76
64,79
67,72
67,73
68,74
68,77
68,88
69,80
70,100
71,78
73,82
73,83
73,84
76,88
80,81
81,90
82,87
82,89
82,91
83,86
84,85
84,88
84,92
84,93
86,97
86,100
87,99
89,94
89,96
91,98
93,95
93,97
<end>
