<number of tasks>
20
<number of stations>
10
<order strength>
0.195
<type of the robots>
1
<upper bound>
1061
<robot flexibility>
0.2
<collaboration flexibility>
0.2
<number of robots>
0
<task times>
1 224 99999 99999
2 499 99999 99999
3 373 99999 261
4 188 376 99999
5 39 78 99999
6 145 99999 99999
7 417 99999 99999
8 69 138 99999
9 167 334 99999
10 506 99999 99999
11 420 99999 99999
12 446 99999 312
13 225 99999 99999
14 229 99999 99999
15 567 99999 99999
16 291 99999 99999
17 138 99999 96
18 79 99999 99999
19 195 99999 99999
20 87 99999 60
<precedence relations>
1,5
1,8
3,6
3,7
5,9
5,12
6,13
6,14
8,10
8,11
9,17
10,16
14,15
15,18
15,19
15,20
<end>
