<number of tasks>
100
<number of stations>
25
<order strength>
0.201
<type of the robots>
1
<upper bound>
1555
<robot flexibility>
0.2
<collaboration flexibility>
0.2
<number of robots>
0
<task times>
1 146 99999 99999
2 28 99999 99999
3 249 99999 99999
4 30 99999 99999
5 174 99999 99999
6 267 534 186
7 110 220 99999
8 268 99999 187
9 76 99999 99999
10 98 99999 99999
11 184 368 99999
12 122 99999 99999
13 342 99999 99999
14 107 99999 99999
15 265 99999 99999
16 25 50 17
17 56 99999 99999
18 30 99999 21
19 211 422 99999
20 318 99999 222
21 178 99999 99999
22 169 99999 99999
23 95 99999 66
24 242 99999 99999
25 113 99999 79
26 184 99999 128
27 123 99999 86
28 43 99999 30
29 27 54 99999
30 378 99999 99999
31 169 99999 99999
32 220 99999 99999
33 190 99999 133
34 420 99999 99999
35 244 99999 99999
36 283 99999 99999
37 169 99999 99999
38 186 372 99999
39 304 99999 99999
40 263 99999 99999
41 47 99999 99999
42 528 99999 99999
43 601 99999 99999
44 254 99999 99999
45 240 99999 99999
46 272 544 99999
47 194 388 99999
48 124 248 99999
49 78 99999 99999
50 515 1030 99999
51 150 99999 105
52 77 154 53
53 48 99999 33
54 422 99999 99999
55 68 136 99999
56 77 99999 99999
57 45 99999 99999
58 181 362 99999
59 96 99999 99999
60 237 99999 99999
61 115 99999 99999
62 556 1112 389
63 69 99999 99999
64 217 99999 99999
65 61 122 99999
66 21 99999 99999
67 105 99999 99999
68 171 99999 99999
69 608 1216 99999
70 194 99999 99999
71 194 99999 99999
72 389 99999 272
73 336 99999 99999
74 30 99999 21
75 168 99999 99999
76 177 354 99999
77 101 99999 99999
78 104 99999 99999
79 173 99999 99999
80 57 99999 99999
81 122 99999 99999
82 94 188 99999
83 200 99999 99999
84 558 99999 99999
85 290 99999 99999
86 198 99999 99999
87 114 99999 99999
88 164 99999 99999
89 60 99999 99999
90 193 99999 135
91 55 99999 38
92 114 99999 99999
93 301 99999 99999
94 196 99999 99999
95 447 99999 99999
96 95 190 99999
97 330 99999 99999
98 194 99999 135
99 101 99999 99999
100 396 99999 99999
<precedence relations>
1,65
2,87
3,87
4,11
5,10
6,8
6,9
6,12
6,14
7,9
7,13
8,65
9,65
10,17
11,16
12,18
13,21
14,15
14,19
14,20
15,87
16,23
17,22
18,24
19,25
19,27
19,28
20,26
20,29
20,30
22,65
23,31
24,32
26,34
27,35
27,37
29,36
30,33
31,42
32,40
33,39
33,41
33,43
33,45
33,46
33,49
34,38
35,44
35,47
36,48
37,50
38,65
39,53
40,56
41,55
43,54
47,82
48,51
48,52
48,57
51,65
52,87
53,62
54,61
55,63
56,58
56,59
56,60
56,64
58,65
59,65
60,87
61,68
62,66
62,69
62,70
62,72
62,73
62,74
63,67
63,71
64,75
65,76
65,77
65,78
65,79
65,80
65,83
66,85
67,84
67,86
68,81
69,82
76,87
80,92
81,87
82,87
83,87
84,88
85,89
86,90
86,91
87,93
87,94
87,95
87,96
87,97
87,98
88,99
89,100
<end>
