<number of tasks>
100
<number of stations>
50
<order strength>
0.895
<type of the robots>
1
<upper bound>
2001
<robot flexibility>
0.2
<collaboration flexibility>
0.2
<number of robots>
10
<task times>
1 476 952 99999
2 723 99999 99999
3 392 99999 99999
4 383 99999 99999
5 601 99999 420
6 395 99999 99999
7 452 99999 99999
8 384 99999 268
9 562 99999 393
10 715 1430 99999
11 624 99999 99999
12 357 99999 249
13 699 1398 489
14 526 99999 99999
15 537 99999 99999
16 612 99999 99999
17 503 99999 352
18 366 99999 99999
19 489 978 99999
20 594 1188 99999
21 665 99999 99999
22 481 962 99999
23 372 744 99999
24 481 962 336
25 491 99999 99999
26 614 99999 429
27 522 1044 99999
28 441 99999 99999
29 480 960 336
30 518 99999 362
31 650 99999 99999
32 368 736 99999
33 433 99999 99999
34 590 99999 99999
35 637 99999 99999
36 539 99999 99999
37 521 99999 99999
38 329 99999 99999
39 275 99999 99999
40 518 99999 99999
41 690 99999 99999
42 467 99999 99999
43 299 99999 99999
44 619 99999 99999
45 494 99999 99999
46 142 284 99999
47 698 1396 99999
48 600 99999 99999
49 663 99999 99999
50 495 990 99999
51 495 99999 99999
52 592 99999 99999
53 576 99999 403
54 409 99999 99999
55 471 99999 99999
56 236 472 99999
57 416 99999 99999
58 676 1352 99999
59 676 99999 473
60 391 99999 99999
61 566 99999 396
62 341 99999 99999
63 563 1126 99999
64 537 1074 99999
65 406 99999 99999
66 506 99999 99999
67 541 99999 99999
68 483 99999 99999
69 245 99999 171
70 595 99999 99999
71 579 99999 99999
72 519 99999 99999
73 263 526 99999
74 591 99999 413
75 504 99999 352
76 712 99999 99999
77 476 99999 99999
78 646 99999 99999
79 535 99999 99999
80 510 99999 357
81 375 99999 99999
82 648 99999 453
83 575 99999 99999
84 534 99999 99999
85 392 99999 99999
86 478 99999 99999
87 316 99999 221
88 603 99999 99999
89 189 99999 99999
90 419 99999 99999
91 505 99999 99999
92 394 99999 99999
93 491 99999 99999
94 483 99999 99999
95 470 99999 329
96 448 896 99999
97 623 99999 99999
98 364 99999 99999
99 472 99999 99999
100 701 99999 99999
<precedence relations>
1,5
1,6
1,7
2,5
2,6
2,7
3,5
3,6
3,7
4,5
4,6
4,7
5,8
5,9
5,10
5,11
6,8
6,9
6,10
6,11
7,8
7,9
7,10
7,11
8,12
8,13
8,14
8,15
8,16
9,12
9,13
9,14
9,15
9,16
10,12
10,13
10,14
10,15
10,16
11,12
11,13
11,14
11,15
11,16
12,17
12,18
12,19
12,20
13,17
13,18
13,19
13,20
14,17
14,18
14,19
14,20
15,17
15,18
15,19
15,20
16,17
16,18
16,19
16,20
17,21
17,22
17,23
18,21
18,22
18,23
19,21
19,22
19,23
20,21
20,22
20,23
21,24
21,25
22,24
22,25
23,24
23,25
24,26
24,27
24,28
25,26
25,27
25,28
26,29
26,30
26,31
26,32
27,29
27,30
27,31
27,32
28,29
28,30
28,31
28,32
29,33
29,34
30,33
30,34
31,33
31,34
32,33
32,34
33,35
33,36
33,37
33,38
34,35
34,36
34,37
34,38
35,39
35,40
36,39
36,40
37,39
37,40
38,39
38,40
39,41
39,42
39,43
40,41
40,42
40,43
41,44
41,45
41,46
42,44
42,45
42,46
43,44
43,45
43,46
44,47
44,48
45,47
45,49
46,48
46,49
47,50
47,51
47,52
47,53
48,50
48,51
48,52
48,53
49,50
49,53
50,54
50,55
51,54
51,56
52,55
52,57
53,54
53,55
53,57
54,58
54,59
54,60
55,58
55,59
55,60
56,58
56,59
56,60
57,58
57,59
58,61
58,66
59,61
59,62
59,63
59,74
60,63
60,64
60,65
60,66
61,67
62,96
63,69
63,94
63,98
64,69
64,77
64,95
64,96
65,69
65,70
65,71
65,74
66,68
67,71
67,72
67,73
67,77
68,70
68,74
69,91
70,75
70,76
71,76
73,80
73,97
74,79
75,77
76,78
77,80
78,79
79,81
79,82
79,83
81,84
82,85
82,86
82,88
83,84
83,87
84,90
85,89
85,94
86,91
87,88
87,91
87,92
88,94
89,93
89,95
89,96
90,95
92,99
93,100
94,99
95,97
95,98
95,99
96,98
<end>
