<number of tasks>
20
<number of stations>
10
<order strength>
0.8
<type of the robots>
1
<upper bound>
841
<robot flexibility>
0.2
<collaboration flexibility>
0.2
<number of robots>
0
<task times>
1 168 99999 99999
2 468 99999 99999
3 187 99999 99999
4 96 99999 99999
5 192 99999 134
6 521 99999 99999
7 203 406 142
8 95 99999 66
9 132 99999 92
10 150 300 99999
11 108 99999 99999
12 95 190 99999
13 61 99999 99999
14 522 99999 99999
15 65 99999 99999
16 559 99999 99999
17 121 242 99999
18 250 99999 99999
19 24 99999 99999
20 187 99999 99999
<precedence relations>
1,3
1,4
1,5
2,14
2,16
3,6
4,6
5,6
6,7
6,8
6,9
7,10
7,11
7,12
8,10
8,11
8,12
9,10
9,11
9,12
10,13
10,14
11,13
12,14
12,16
13,16
14,15
14,17
14,18
15,19
16,18
18,19
18,20
<end>
