<number of tasks>
100
<number of stations>
25
<order strength>
0.895
<type of the robots>
1
<upper bound>
1028
<robot flexibility>
0.2
<collaboration flexibility>
0.2
<number of robots>
10
<task times>
1 259 99999 99999
2 228 99999 99999
3 23 99999 16
4 61 99999 99999
5 69 99999 99999
6 280 99999 99999
7 179 99999 99999
8 196 99999 99999
9 146 99999 99999
10 95 99999 99999
11 113 99999 99999
12 107 214 74
13 142 284 99999
14 92 99999 99999
15 88 99999 99999
16 205 99999 143
17 44 88 99999
18 46 99999 32
19 68 136 99999
20 122 99999 99999
21 37 99999 99999
22 247 494 99999
23 75 99999 99999
24 186 99999 99999
25 26 99999 99999
26 116 232 99999
27 65 130 99999
28 153 99999 99999
29 156 99999 99999
30 57 99999 99999
31 74 99999 99999
32 206 99999 99999
33 56 99999 99999
34 82 99999 99999
35 60 120 99999
36 97 99999 99999
37 20 99999 14
38 177 99999 123
39 91 99999 99999
40 213 426 99999
41 66 99999 99999
42 126 99999 99999
43 114 99999 79
44 133 266 99999
45 167 334 99999
46 353 706 99999
47 168 99999 99999
48 129 99999 99999
49 66 99999 99999
50 280 99999 99999
51 34 99999 99999
52 203 99999 99999
53 95 99999 66
54 24 99999 99999
55 135 270 94
56 195 99999 99999
57 126 99999 88
58 215 430 99999
59 149 99999 104
60 98 99999 99999
61 156 99999 109
62 214 99999 99999
63 192 384 99999
64 63 99999 99999
65 291 99999 99999
66 136 99999 99999
67 40 99999 99999
68 142 99999 99999
69 148 99999 99999
70 163 99999 99999
71 158 99999 110
72 227 99999 99999
73 105 99999 73
74 173 99999 99999
75 77 99999 99999
76 151 99999 99999
77 40 99999 99999
78 57 114 99999
79 130 99999 91
80 118 99999 82
81 191 99999 133
82 77 99999 99999
83 83 166 99999
84 49 98 34
85 64 99999 99999
86 182 99999 127
87 31 99999 99999
88 261 522 99999
89 152 304 99999
90 145 99999 99999
91 129 99999 99999
92 128 99999 99999
93 204 99999 99999
94 43 99999 99999
95 105 99999 73
96 41 99999 99999
97 97 99999 99999
98 223 99999 99999
99 110 99999 99999
100 111 99999 99999
<precedence relations>
1,10
2,3
2,4
3,5
3,6
4,5
4,6
5,7
5,8
5,9
5,10
6,7
6,8
6,9
6,10
7,11
7,12
7,13
7,14
7,15
8,11
8,12
8,13
8,14
8,15
9,11
9,12
9,13
9,14
9,15
10,11
10,12
10,13
10,14
10,15
11,16
11,17
11,18
11,19
12,16
12,17
12,18
12,19
13,16
13,17
13,18
13,19
14,16
14,17
14,18
14,19
15,16
15,17
15,18
15,19
16,20
16,21
17,20
17,21
18,20
18,21
19,20
19,21
20,22
20,23
20,24
21,22
21,23
21,24
22,25
22,26
22,28
23,25
23,26
23,27
23,28
24,25
24,26
24,27
24,28
25,29
25,30
25,31
26,29
26,30
26,31
27,29
27,30
27,31
28,29
28,30
28,31
29,32
29,33
29,34
29,35
29,36
30,32
30,33
30,34
30,35
30,36
31,32
31,33
31,34
31,35
31,36
32,37
32,38
32,39
33,37
33,38
33,39
34,37
34,38
34,39
35,37
35,38
35,39
36,37
36,38
36,39
37,40
37,41
37,42
37,43
37,44
38,40
38,41
38,42
38,43
38,44
39,40
39,41
39,42
39,43
39,44
40,45
40,46
40,47
41,45
41,46
41,47
42,45
42,46
43,45
44,45
44,46
44,47
45,48
45,49
45,51
46,48
46,50
47,49
48,53
48,55
48,56
49,52
49,53
49,56
49,57
50,52
50,53
50,54
50,55
51,55
51,56
52,63
53,58
53,71
53,79
54,57
55,57
56,62
56,69
57,58
57,59
57,60
58,73
58,92
59,61
59,62
59,63
60,61
60,62
60,63
61,64
61,65
61,66
62,64
63,66
63,67
64,67
64,79
65,67
65,68
66,68
67,71
68,69
68,70
68,71
69,72
69,73
69,74
69,75
70,76
70,82
70,83
71,75
71,80
72,79
73,77
73,94
74,77
74,80
75,91
75,92
75,100
76,78
76,81
77,98
77,99
78,89
78,90
78,91
79,82
80,82
80,83
80,84
81,87
81,93
82,88
82,89
83,85
83,87
84,86
85,89
85,90
85,91
86,90
86,92
89,93
89,98
91,94
91,95
92,96
93,100
94,99
95,98
96,97
<end>
