<number of tasks>
50
<number of stations>
13
<order strength>
0.199
<type of the robots>
1
<upper bound>
3883
<robot flexibility>
0.2
<collaboration flexibility>
0.2
<number of robots>
0
<task times>
1 480 960 99999
2 582 99999 407
3 456 99999 99999
4 536 1072 99999
5 436 99999 99999
6 384 99999 99999
7 361 99999 99999
8 560 99999 99999
9 447 894 312
10 432 99999 99999
11 358 99999 99999
12 514 99999 99999
13 434 99999 303
14 407 99999 99999
15 484 968 99999
16 555 1110 99999
17 562 99999 99999
18 520 99999 99999
19 471 99999 99999
20 340 99999 99999
21 800 1600 560
22 430 860 99999
23 467 99999 99999
24 533 99999 99999
25 460 99999 99999
26 675 99999 99999
27 247 99999 172
28 424 848 99999
29 574 99999 401
30 747 99999 522
31 512 99999 99999
32 582 99999 99999
33 246 99999 99999
34 479 99999 99999
35 603 99999 99999
36 484 968 99999
37 567 99999 99999
38 399 99999 279
39 533 99999 99999
40 471 99999 99999
41 646 99999 99999
42 465 99999 99999
43 439 99999 99999
44 641 99999 99999
45 569 99999 398
46 470 99999 99999
47 576 99999 99999
48 554 99999 99999
49 712 99999 498
50 613 1226 99999
<precedence relations>
1,15
2,8
2,10
2,12
2,14
3,11
3,14
4,17
5,37
5,48
6,9
6,13
7,10
7,43
8,16
9,19
10,16
12,17
13,18
14,18
15,20
15,31
16,23
16,29
16,47
17,42
18,26
19,22
19,25
19,27
20,21
20,24
20,28
23,46
25,34
26,30
26,33
26,35
27,31
27,32
28,36
28,37
29,38
30,40
31,39
32,38
32,41
36,49
37,42
38,46
40,45
41,43
41,44
42,47
43,49
45,48
46,50
47,49
<end>
