<number of tasks>
100
<number of stations>
50
<order strength>
0.2
<type of the robots>
1
<upper bound>
518
<robot flexibility>
0.4
<collaboration flexibility>
0.4
<number of robots>
20
<task times>
1 99 198 99999
2 327 99999 99999
3 94 99999 99999
4 65 99999 45
5 173 99999 99999
6 51 102 35
7 36 99999 99999
8 129 99999 99999
9 177 354 99999
10 130 260 99999
11 180 360 126
12 35 99999 24
13 103 99999 72
14 25 99999 17
15 164 328 99999
16 278 99999 99999
17 136 99999 95
18 108 216 75
19 190 99999 133
20 29 58 20
21 62 124 99999
22 318 99999 222
23 85 170 99999
24 65 130 99999
25 78 99999 54
26 152 99999 106
27 27 54 99999
28 75 150 99999
29 133 99999 99999
30 85 99999 99999
31 379 99999 265
32 34 99999 23
33 162 324 113
34 262 99999 99999
35 231 462 99999
36 333 666 233
37 116 99999 99999
38 157 314 99999
39 23 99999 99999
40 155 99999 99999
41 91 99999 63
42 91 182 99999
43 34 68 23
44 191 382 99999
45 51 99999 99999
46 72 99999 99999
47 66 132 99999
48 400 800 280
49 96 192 67
50 147 99999 99999
51 98 99999 68
52 177 354 99999
53 219 99999 153
54 235 99999 99999
55 235 470 164
56 162 324 113
57 115 99999 99999
58 85 170 99999
59 90 99999 99999
60 142 99999 99999
61 257 514 179
62 212 99999 99999
63 215 430 99999
64 93 99999 99999
65 39 99999 99999
66 23 99999 99999
67 100 99999 70
68 167 334 99999
69 141 282 98
70 139 99999 99999
71 60 99999 99999
72 66 132 46
73 89 99999 62
74 114 99999 99999
75 58 99999 40
76 88 99999 99999
77 164 99999 99999
78 200 99999 140
79 35 99999 99999
80 80 99999 56
81 52 104 99999
82 117 99999 81
83 75 150 99999
84 183 99999 99999
85 216 432 151
86 118 99999 82
87 83 99999 58
88 48 96 99999
89 84 99999 99999
90 22 99999 15
91 29 58 99999
92 49 98 99999
93 110 99999 99999
94 101 99999 70
95 109 99999 99999
96 114 99999 99999
97 324 99999 99999
98 254 508 177
99 59 99999 99999
100 184 368 99999
<precedence relations>
1,26
2,10
3,11
4,15
4,16
5,8
5,9
5,13
5,14
7,8
7,12
7,16
8,26
9,26
10,17
11,20
12,19
13,22
13,23
14,56
15,21
15,25
16,18
16,24
16,75
17,26
18,26
19,83
20,27
21,28
21,30
21,64
22,29
22,31
22,32
22,35
22,36
22,37
23,31
23,33
24,34
26,38
26,39
26,40
26,41
26,42
26,50
27,44
28,46
29,47
30,45
30,55
31,58
33,48
34,43
37,49
38,83
39,53
41,74
43,83
44,51
45,54
46,51
47,55
48,52
48,56
49,57
49,58
51,83
52,59
53,60
54,61
57,66
58,62
59,64
60,63
62,65
62,66
63,67
64,74
64,75
65,68
65,70
65,71
65,73
65,89
66,69
66,72
67,77
68,78
70,81
72,79
72,89
73,82
74,80
75,76
75,99
76,83
77,84
78,85
79,87
79,88
80,86
80,89
81,90
83,91
83,92
83,93
83,94
83,95
83,96
84,99
85,98
87,100
88,97
<end>
