<number of tasks>
20
<number of stations>
10
<order strength>
0.8
<type of the robots>
1
<upper bound>
1918
<robot flexibility>
0.2
<collaboration flexibility>
0.2
<number of robots>
2
<task times>
1 414 99999 99999
2 388 99999 99999
3 387 774 99999
4 475 99999 332
5 563 99999 99999
6 418 99999 99999
7 528 1056 99999
8 477 954 99999
9 437 99999 99999
10 679 99999 99999
11 511 99999 99999
12 277 554 99999
13 642 99999 99999
14 530 99999 99999
15 388 99999 99999
16 420 99999 294
17 498 99999 348
18 468 99999 99999
19 609 99999 426
20 480 99999 99999
<precedence relations>
1,4
1,5
2,3
2,4
2,5
3,6
4,9
5,6
5,7
6,8
6,9
6,10
7,8
7,9
8,14
9,11
10,14
10,15
11,12
11,13
11,14
11,15
12,16
12,17
14,16
14,17
15,16
15,18
16,20
17,18
18,19
18,20
<end>
