<number of tasks>
20
<number of stations>
5
<order strength>
0.2
<type of the robots>
1
<upper bound>
3917
<robot flexibility>
0.2
<collaboration flexibility>
0.2
<number of robots>
0
<task times>
1 601 99999 99999
2 370 99999 259
3 209 418 99999
4 548 99999 99999
5 641 99999 99999
6 573 99999 99999
7 515 99999 99999
8 443 99999 99999
9 278 99999 99999
10 365 99999 99999
11 447 99999 99999
12 656 99999 99999
13 393 99999 99999
14 492 984 99999
15 513 1026 359
16 686 1372 99999
17 487 99999 340
18 437 99999 99999
19 612 99999 99999
20 524 99999 366
<precedence relations>
1,8
2,7
5,6
6,11
6,12
6,13
7,9
7,10
10,16
11,14
13,15
14,19
14,20
15,17
16,18
<end>
