<number of tasks>
100
<number of stations>
50
<order strength>
0.895
<type of the robots>
1
<upper bound>
959
<robot flexibility>
0.2
<collaboration flexibility>
0.2
<number of robots>
0
<task times>
1 74 148 99999
2 543 1086 99999
3 228 99999 99999
4 256 99999 99999
5 152 304 106
6 47 99999 99999
7 59 99999 41
8 199 99999 99999
9 182 364 99999
10 445 99999 99999
11 152 99999 99999
12 48 99999 99999
13 81 99999 99999
14 302 99999 99999
15 513 99999 99999
16 175 99999 99999
17 39 99999 99999
18 469 938 99999
19 536 99999 375
20 232 99999 99999
21 112 99999 78
22 88 99999 99999
23 301 99999 210
24 72 99999 99999
25 51 99999 99999
26 532 99999 99999
27 82 164 99999
28 186 99999 99999
29 466 99999 99999
30 330 99999 99999
31 41 99999 28
32 170 99999 99999
33 217 99999 99999
34 519 99999 99999
35 199 99999 99999
36 166 99999 116
37 235 99999 164
38 504 99999 99999
39 239 478 99999
40 201 99999 99999
41 239 99999 99999
42 40 99999 99999
43 188 99999 99999
44 426 852 99999
45 89 99999 99999
46 359 99999 99999
47 485 99999 99999
48 493 99999 99999
49 70 140 49
50 474 99999 331
51 247 99999 99999
52 34 99999 99999
53 148 99999 99999
54 113 99999 79
55 192 384 134
56 124 99999 99999
57 249 99999 99999
58 546 1092 99999
59 64 99999 99999
60 99 99999 99999
61 486 99999 99999
62 533 99999 99999
63 230 99999 161
64 38 99999 99999
65 137 274 99999
66 271 542 189
67 260 99999 99999
68 542 99999 99999
69 204 99999 99999
70 497 99999 99999
71 299 99999 209
72 102 99999 99999
73 139 278 99999
74 53 99999 99999
75 124 99999 99999
76 375 750 99999
77 68 99999 47
78 108 99999 99999
79 133 99999 93
80 205 99999 99999
81 537 99999 99999
82 199 99999 99999
83 559 99999 99999
84 264 99999 184
85 268 99999 99999
86 296 99999 99999
87 228 99999 99999
88 190 380 99999
89 236 472 165
90 54 99999 99999
91 275 99999 99999
92 150 300 99999
93 286 99999 99999
94 300 99999 99999
95 223 99999 99999
96 33 99999 23
97 216 99999 99999
98 171 99999 99999
99 493 986 99999
100 64 128 99999
<precedence relations>
1,5
1,6
1,7
2,5
2,6
2,7
3,5
3,6
3,7
4,5
4,6
4,7
5,8
5,9
6,8
6,9
7,8
7,9
8,10
8,11
8,12
8,13
9,10
9,11
9,12
9,13
10,14
10,15
11,14
11,15
12,14
12,15
13,14
13,15
14,16
14,17
15,16
15,17
16,18
16,19
16,20
16,21
16,22
17,18
17,19
17,20
17,21
17,22
18,23
18,24
18,25
19,23
19,24
19,25
20,23
20,24
20,25
21,23
21,24
21,25
22,23
22,24
22,25
23,26
23,27
23,28
24,26
24,27
24,28
25,26
25,27
25,28
26,29
26,30
26,31
27,29
27,30
27,31
28,29
28,30
28,31
29,32
29,33
29,34
30,32
30,33
30,34
31,32
31,33
31,34
32,35
32,36
33,35
33,36
34,35
34,36
35,37
35,38
35,39
35,40
36,37
36,38
36,39
36,40
37,41
37,42
37,43
38,41
38,42
39,41
39,42
39,43
40,41
40,42
40,43
41,44
41,45
41,46
41,47
42,44
42,45
43,44
43,45
43,46
43,47
44,48
44,49
44,50
44,51
45,48
45,49
45,51
46,48
46,50
47,68
47,69
47,72
48,52
49,52
50,52
51,52
52,53
52,54
53,55
53,56
53,57
54,55
54,56
54,59
55,58
55,60
55,61
55,70
56,64
57,59
58,75
58,76
58,77
58,78
59,62
59,63
59,64
60,90
60,93
60,95
61,63
61,68
62,66
62,68
63,65
63,66
63,67
64,65
64,66
64,67
64,68
64,69
65,77
66,71
66,72
66,76
67,73
67,74
68,74
68,90
69,70
69,77
69,78
70,74
70,75
70,76
70,79
70,80
71,77
71,78
71,79
71,80
72,74
73,75
73,91
73,94
73,95
74,95
75,81
75,86
76,82
76,93
77,82
77,83
78,94
79,85
79,94
80,81
80,83
81,85
81,97
82,86
82,95
83,84
84,88
84,89
84,90
85,93
86,87
87,100
89,91
89,93
89,94
89,95
90,92
90,94
90,96
91,96
92,97
92,99
94,99
94,100
95,98
<end>
