<number of tasks>
50
<number of stations>
13
<order strength>
0.201
<type of the robots>
1
<upper bound>
1037
<robot flexibility>
0.2
<collaboration flexibility>
0.2
<number of robots>
5
<task times>
1 149 99999 99999
2 122 99999 99999
3 182 99999 127
4 44 99999 99999
5 98 99999 68
6 65 99999 99999
7 86 99999 99999
8 40 99999 99999
9 194 99999 99999
10 134 268 93
11 206 99999 144
12 97 99999 99999
13 26 52 99999
14 156 99999 109
15 188 99999 99999
16 84 168 99999
17 107 214 99999
18 66 99999 99999
19 161 99999 99999
20 87 99999 99999
21 67 99999 46
22 102 99999 71
23 151 99999 99999
24 158 316 99999
25 132 264 99999
26 97 194 99999
27 348 99999 99999
28 123 99999 99999
29 46 99999 99999
30 38 99999 99999
31 194 99999 99999
32 111 99999 99999
33 221 99999 154
34 304 608 99999
35 45 99999 99999
36 209 99999 99999
37 110 99999 99999
38 134 99999 99999
39 93 99999 99999
40 81 99999 99999
41 108 99999 99999
42 262 524 183
43 233 99999 99999
44 133 99999 99999
45 368 99999 99999
46 236 472 99999
47 60 99999 99999
48 33 99999 99999
49 218 99999 152
50 33 99999 99999
<precedence relations>
1,6
2,7
3,5
3,8
3,10
3,46
4,9
4,19
5,11
6,13
7,14
8,12
10,32
11,15
12,17
13,16
14,18
14,19
14,20
14,21
14,22
14,23
15,26
16,29
17,28
18,24
18,31
18,33
19,25
20,27
20,40
21,30
21,32
24,34
25,35
26,36
27,37
28,38
29,40
30,39
30,40
34,42
35,42
36,41
37,42
40,43
41,44
42,45
42,46
43,47
43,48
43,49
43,50
<end>
