<number of tasks>
20
<number of stations>
5
<order strength>
0.2
<type of the robots>
1
<upper bound>
3943
<robot flexibility>
0.2
<collaboration flexibility>
0.2
<number of robots>
0
<task times>
1 541 99999 99999
2 458 99999 99999
3 495 990 99999
4 498 99999 348
5 533 99999 99999
6 312 99999 99999
7 665 99999 99999
8 593 99999 99999
9 567 99999 99999
10 511 99999 99999
11 541 99999 378
12 529 1058 99999
13 493 99999 99999
14 532 99999 372
15 348 99999 243
16 565 99999 99999
17 413 99999 99999
18 419 838 99999
19 533 1066 99999
20 309 99999 99999
<precedence relations>
1,6
1,7
1,8
1,9
2,10
6,11
7,13
8,12
8,14
8,15
11,18
12,16
13,18
14,17
16,19
17,19
18,20
<end>
