<number of tasks>
100
<number of stations>
50
<order strength>
0.2
<type of the robots>
1
<upper bound>
895
<robot flexibility>
0.2
<collaboration flexibility>
0.2
<number of robots>
0
<task times>
1 452 99999 316
2 274 99999 99999
3 170 340 99999
4 378 99999 99999
5 113 226 99999
6 119 99999 99999
7 304 99999 212
8 344 99999 99999
9 88 176 99999
10 497 99999 99999
11 368 99999 257
12 210 99999 99999
13 185 99999 99999
14 359 99999 99999
15 150 99999 99999
16 441 882 308
17 410 99999 99999
18 272 99999 99999
19 27 99999 99999
20 122 99999 85
21 172 99999 99999
22 95 99999 99999
23 219 438 99999
24 140 99999 99999
25 166 99999 116
26 116 99999 81
27 35 99999 24
28 502 99999 99999
29 150 99999 99999
30 204 99999 99999
31 548 99999 99999
32 219 99999 99999
33 250 99999 99999
34 130 99999 99999
35 290 99999 99999
36 259 99999 99999
37 85 99999 99999
38 289 99999 99999
39 107 99999 99999
40 135 99999 99999
41 447 99999 312
42 329 99999 99999
43 74 148 99999
44 37 99999 99999
45 267 534 99999
46 104 99999 99999
47 260 99999 99999
48 281 562 99999
49 47 99999 99999
50 205 99999 99999
51 503 99999 99999
52 389 99999 99999
53 117 234 99999
54 124 248 86
55 142 99999 99
56 258 99999 99999
57 204 99999 99999
58 166 332 99999
59 125 99999 99999
60 466 99999 99999
61 183 99999 99999
62 484 99999 338
63 95 99999 99999
64 402 804 99999
65 303 99999 212
66 196 99999 99999
67 483 99999 338
68 156 99999 99999
69 52 99999 99999
70 36 99999 99999
71 53 99999 37
72 443 99999 99999
73 122 99999 99999
74 39 78 99999
75 187 99999 99999
76 220 99999 154
77 162 324 99999
78 255 99999 99999
79 32 99999 99999
80 40 80 28
81 272 99999 99999
82 172 99999 99999
83 271 99999 189
84 495 99999 99999
85 20 99999 99999
86 129 99999 99999
87 366 99999 99999
88 194 388 99999
89 59 118 99999
90 217 434 99999
91 163 99999 99999
92 480 99999 99999
93 360 99999 99999
94 56 112 99999
95 407 99999 284
96 35 99999 99999
97 111 99999 99999
98 124 248 86
99 155 99999 99999
100 405 99999 99999
<precedence relations>
1,39
2,40
3,40
4,12
5,14
6,15
7,11
7,13
8,25
9,16
9,45
10,17
11,39
12,20
13,21
14,18
15,18
16,19
16,24
16,26
16,27
17,22
17,23
17,25
17,28
18,39
19,39
20,34
21,36
22,32
25,31
25,33
25,37
25,38
26,30
27,35
28,29
29,39
30,39
31,39
32,40
33,40
34,43
35,41
35,42
35,44
36,47
38,45
38,46
39,48
39,49
39,50
39,51
39,52
40,53
40,54
40,55
40,56
40,57
40,58
41,59
42,60
50,63
57,62
59,61
60,61
61,64
61,65
61,66
62,66
62,69
62,70
63,67
63,68
63,71
63,72
64,73
65,74
65,75
66,79
68,79
69,76
69,78
71,77
73,80
74,81
75,82
75,84
76,85
77,87
78,86
79,83
80,90
81,88
82,89
83,93
84,94
85,92
86,91
88,95
89,95
90,96
91,97
91,99
93,100
94,98
<end>
