<number of tasks>
20
<number of stations>
5
<order strength>
0.2
<type of the robots>
1
<upper bound>
1427
<robot flexibility>
0.4
<collaboration flexibility>
0.4
<number of robots>
1
<task times>
1 219 438 99999
2 86 99999 99999
3 173 346 99999
4 96 99999 99999
5 259 518 181
6 179 99999 99999
7 167 99999 116
8 43 99999 99999
9 346 99999 99999
10 263 99999 184
11 202 404 141
12 130 99999 99999
13 139 99999 99999
14 117 234 81
15 41 82 28
16 194 388 99999
17 78 156 54
18 266 99999 99999
19 162 99999 113
20 405 99999 99999
<precedence relations>
1,9
2,8
3,5
3,7
4,6
5,11
6,10
8,13
9,12
12,14
13,15
13,16
15,17
15,18
16,19
16,20
<end>
