<number of tasks>
50
<number of stations>
13
<order strength>
0.199
<type of the robots>
1
<upper bound>
1558
<robot flexibility>
0.4
<collaboration flexibility>
0.4
<number of robots>
5
<task times>
1 262 99999 183
2 49 98 34
3 217 434 99999
4 322 644 99999
5 124 99999 99999
6 155 99999 99999
7 316 99999 221
8 120 99999 84
9 37 99999 25
10 364 99999 99999
11 91 99999 99999
12 510 1020 99999
13 205 410 143
14 170 99999 99999
15 198 99999 99999
16 491 982 343
17 39 78 99999
18 100 200 99999
19 23 99999 99999
20 64 99999 99999
21 108 99999 75
22 65 130 99999
23 316 632 221
24 403 99999 99999
25 112 99999 99999
26 245 490 171
27 59 99999 99999
28 103 206 99999
29 218 436 99999
30 331 99999 99999
31 468 99999 99999
32 75 150 52
33 237 474 165
34 583 99999 99999
35 154 308 99999
36 113 99999 79
37 278 99999 99999
38 262 524 99999
39 469 938 99999
40 54 99999 37
41 145 99999 101
42 225 99999 99999
43 140 280 98
44 151 99999 105
45 163 326 114
46 215 99999 99999
47 77 99999 53
48 325 99999 99999
49 76 99999 99999
50 96 99999 67
<precedence relations>
1,8
2,11
3,34
4,10
4,27
5,9
6,7
6,8
7,13
8,17
9,46
10,12
10,24
11,14
11,15
11,16
12,45
13,19
13,20
13,22
13,23
15,18
16,21
17,24
18,27
18,29
19,26
20,27
21,24
21,25
21,47
23,28
23,31
24,35
25,30
25,34
26,31
26,36
27,37
28,32
28,33
29,46
30,43
30,49
31,38
31,41
32,42
33,40
36,39
37,41
39,44
39,47
39,50
40,46
40,47
40,49
43,45
43,48
<end>
