<number of tasks>
20
<number of stations>
10
<order strength>
0.8
<type of the robots>
1
<upper bound>
2032
<robot flexibility>
0.4
<collaboration flexibility>
0.4
<number of robots>
4
<task times>
1 210 420 99999
2 530 99999 371
3 504 99999 99999
4 401 99999 99999
5 586 1172 99999
6 495 99999 346
7 479 99999 335
8 492 984 344
9 547 99999 99999
10 790 1580 553
11 342 99999 99999
12 626 99999 99999
13 268 99999 187
14 573 1146 99999
15 497 994 99999
16 576 1152 99999
17 551 99999 99999
18 486 99999 340
19 646 1292 452
20 560 99999 99999
<precedence relations>
1,15
1,16
2,4
2,5
3,4
4,6
4,7
4,8
5,6
5,7
5,8
6,9
7,9
7,10
8,14
9,11
10,11
11,12
11,13
11,14
12,15
13,16
14,15
15,17
15,18
16,17
16,18
17,19
18,20
<end>
