<number of tasks>
50
<number of stations>
25
<order strength>
0.2
<type of the robots>
1
<upper bound>
1956
<robot flexibility>
0.2
<collaboration flexibility>
0.2
<number of robots>
10
<task times>
1 212 424 99999
2 532 99999 372
3 406 99999 99999
4 375 750 99999
5 477 99999 99999
6 524 99999 366
7 526 99999 99999
8 497 99999 99999
9 357 99999 99999
10 348 696 99999
11 586 99999 99999
12 441 99999 99999
13 602 99999 99999
14 552 99999 386
15 474 99999 99999
16 465 930 325
17 401 802 99999
18 501 99999 99999
19 637 99999 99999
20 451 99999 315
21 812 99999 99999
22 651 99999 99999
23 494 99999 99999
24 505 1010 99999
25 362 724 99999
26 296 99999 99999
27 612 99999 99999
28 465 930 325
29 175 350 99999
30 388 99999 99999
31 558 99999 99999
32 387 99999 99999
33 649 99999 99999
34 543 99999 99999
35 260 99999 182
36 669 99999 99999
37 593 99999 99999
38 672 99999 99999
39 499 99999 99999
40 431 99999 99999
41 293 99999 99999
42 375 99999 262
43 692 99999 99999
44 620 99999 99999
45 640 99999 99999
46 529 99999 370
47 545 99999 99999
48 512 99999 358
49 363 726 99999
50 488 99999 99999
<precedence relations>
1,11
2,8
2,9
3,17
6,12
7,10
8,14
8,15
9,16
10,34
12,13
13,18
13,21
14,19
15,20
15,22
16,17
16,23
17,25
17,26
18,27
20,40
21,24
21,26
24,28
24,29
24,33
24,34
25,35
26,31
26,32
27,30
29,37
29,43
30,40
30,41
30,42
30,44
33,36
33,38
34,39
35,44
38,47
40,48
42,45
43,46
44,45
44,49
44,50
<end>
