<number of tasks>
20
<number of stations>
5
<order strength>
0.2
<type of the robots>
1
<upper bound>
3799
<robot flexibility>
0.2
<collaboration flexibility>
0.2
<number of robots>
1
<task times>
1 457 99999 99999
2 670 99999 99999
3 413 826 289
4 429 99999 99999
5 452 99999 316
6 579 99999 405
7 438 99999 99999
8 623 1246 99999
9 510 99999 99999
10 648 99999 99999
11 272 99999 99999
12 533 99999 99999
13 211 99999 99999
14 448 99999 99999
15 433 866 99999
16 549 99999 99999
17 494 99999 99999
18 393 99999 99999
19 496 992 347
20 449 99999 99999
<precedence relations>
1,4
2,6
3,5
3,7
3,8
3,9
4,10
5,11
6,12
7,13
7,14
8,15
10,16
11,17
12,17
13,18
16,19
18,20
<end>
