<number of tasks>
100
<number of stations>
50
<order strength>
0.895
<type of the robots>
1
<upper bound>
879
<robot flexibility>
0.2
<collaboration flexibility>
0.2
<number of robots>
20
<task times>
1 139 99999 99999
2 149 99999 99999
3 481 99999 99999
4 177 99999 123
5 87 99999 99999
6 180 99999 99999
7 392 784 99999
8 50 99999 35
9 83 99999 99999
10 193 99999 99999
11 95 99999 99999
12 500 99999 350
13 213 99999 99999
14 171 99999 99999
15 428 99999 99999
16 484 968 338
17 493 99999 99999
18 167 99999 99999
19 430 860 301
20 268 536 187
21 60 99999 99999
22 135 99999 99999
23 92 99999 99999
24 100 99999 99999
25 92 184 99999
26 246 99999 99999
27 276 99999 99999
28 101 99999 99999
29 149 298 99999
30 255 510 99999
31 246 99999 172
32 189 99999 99999
33 91 99999 63
34 247 494 99999
35 240 99999 99999
36 135 99999 99999
37 80 99999 99999
38 354 99999 99999
39 65 130 99999
40 103 99999 99999
41 312 99999 99999
42 108 99999 99999
43 221 442 99999
44 199 99999 99999
45 190 380 99999
46 74 99999 99999
47 25 99999 99999
48 110 99999 99999
49 59 99999 99999
50 91 182 99999
51 107 99999 99999
52 247 99999 172
53 44 99999 99999
54 528 1056 99999
55 341 99999 238
56 441 99999 99999
57 172 99999 99999
58 83 166 99999
59 88 99999 99999
60 482 99999 99999
61 150 300 99999
62 121 242 99999
63 105 99999 99999
64 49 99999 34
65 473 99999 99999
66 580 99999 99999
67 361 99999 99999
68 336 99999 99999
69 219 99999 99999
70 226 99999 99999
71 156 99999 99999
72 241 99999 99999
73 233 99999 163
74 50 99999 99999
75 137 99999 99999
76 483 99999 99999
77 63 99999 99999
78 123 99999 99999
79 563 99999 394
80 48 99999 99999
81 240 99999 99999
82 241 99999 99999
83 246 99999 172
84 375 750 262
85 327 99999 228
86 27 99999 99999
87 101 99999 99999
88 511 1022 99999
89 407 814 99999
90 139 99999 99999
91 24 99999 99999
92 360 99999 99999
93 434 868 99999
94 336 99999 99999
95 344 99999 240
96 55 99999 99999
97 302 99999 211
98 93 99999 99999
99 203 99999 142
100 133 99999 93
<precedence relations>
1,5
1,6
2,4
2,5
2,6
3,4
3,5
3,6
4,7
4,8
4,9
4,10
5,7
5,8
5,9
5,10
6,7
6,8
6,9
6,10
7,11
7,12
7,13
8,11
8,12
8,13
9,11
9,12
9,13
10,11
10,12
10,13
11,14
11,15
11,16
12,14
12,15
12,16
13,14
13,15
13,16
14,17
14,18
14,19
14,20
15,17
15,18
15,19
15,20
16,17
16,18
16,19
16,20
17,21
17,22
17,23
18,21
18,22
18,23
19,21
19,22
19,23
20,21
20,22
20,23
21,24
21,25
21,26
21,27
22,24
22,25
22,26
22,27
23,24
23,25
23,26
23,27
24,28
24,29
24,30
24,31
24,32
25,28
25,29
25,30
25,31
25,32
26,28
26,29
26,30
26,31
26,32
27,38
27,41
27,43
28,33
28,34
29,33
29,35
30,33
31,33
31,34
31,35
32,36
33,36
34,36
34,37
34,38
35,36
35,37
35,38
36,39
36,40
36,41
36,42
36,43
37,39
37,40
37,41
38,42
38,47
39,44
39,45
39,46
40,44
40,46
41,44
41,45
42,46
42,53
43,49
44,47
45,51
45,52
46,71
46,86
47,48
47,49
47,50
47,51
47,52
48,53
48,56
48,57
49,53
49,54
49,55
49,56
49,57
50,53
50,54
51,53
51,54
51,55
51,56
52,57
52,69
52,70
52,78
53,58
53,59
53,60
54,58
54,59
54,60
55,58
55,59
55,60
56,58
56,59
56,60
57,73
57,81
58,61
59,61
60,61
61,62
61,63
61,64
61,65
63,67
63,68
63,69
64,70
64,82
64,84
65,66
65,67
65,68
65,69
65,70
66,71
67,72
67,73
67,74
68,83
68,87
68,89
69,77
70,71
70,98
71,90
71,91
72,77
72,81
73,76
73,77
74,75
74,78
75,79
75,80
75,81
76,79
76,80
76,82
77,80
77,82
78,79
78,80
79,83
79,84
79,85
80,83
80,84
81,83
81,90
82,85
83,91
84,87
85,86
85,87
86,89
87,88
88,90
88,91
88,92
88,93
89,91
89,92
92,94
92,95
92,96
93,94
94,97
94,99
94,100
95,97
95,98
<end>
