<number of tasks>
20
<number of stations>
5
<order strength>
0.8
<type of the robots>
1
<upper bound>
2119
<robot flexibility>
0.2
<collaboration flexibility>
0.2
<number of robots>
0
<task times>
1 219 99999 99999
2 117 99999 81
3 134 99999 99999
4 496 99999 99999
5 466 99999 99999
6 483 99999 99999
7 145 290 99999
8 325 99999 99999
9 311 99999 99999
10 142 99999 99999
11 550 1100 99999
12 192 384 99999
13 198 99999 99999
14 237 99999 99999
15 136 99999 99999
16 428 99999 299
17 252 99999 99999
18 273 99999 191
19 170 340 99999
20 22 99999 15
<precedence relations>
1,3
1,4
2,6
3,6
4,5
4,6
4,7
5,8
5,9
6,8
6,10
7,8
8,11
9,10
9,13
10,12
11,12
11,13
12,14
12,15
13,15
13,20
14,16
14,17
15,19
16,18
16,20
17,19
<end>
