<number of tasks>
20
<number of stations>
5
<order strength>
0.8
<type of the robots>
1
<upper bound>
1160
<robot flexibility>
0.2
<collaboration flexibility>
0.2
<number of robots>
2
<task times>
1 185 99999 99999
2 220 99999 99999
3 120 240 99999
4 129 258 99999
5 41 82 28
6 155 99999 99999
7 71 99999 99999
8 79 99999 99999
9 318 99999 99999
10 224 99999 156
11 81 99999 99999
12 234 99999 99999
13 86 99999 99999
14 99 99999 99999
15 72 99999 99999
16 28 99999 99999
17 135 99999 99999
18 125 250 99999
19 184 99999 128
20 312 99999 218
<precedence relations>
1,3
1,4
2,4
3,5
3,6
4,6
4,9
4,11
5,7
5,8
5,9
6,7
7,10
8,11
9,14
10,13
11,12
11,13
12,15
13,14
13,15
14,16
14,17
14,18
15,16
15,18
15,19
17,19
18,20
<end>
