<number of tasks>
20
<number of stations>
10
<order strength>
0.2
<type of the robots>
1
<upper bound>
2144
<robot flexibility>
0.2
<collaboration flexibility>
0.2
<number of robots>
0
<task times>
1 531 1062 99999
2 703 99999 99999
3 562 99999 99999
4 491 99999 99999
5 694 99999 485
6 533 99999 99999
7 550 99999 99999
8 537 99999 99999
9 468 99999 99999
10 628 1256 439
11 608 1216 99999
12 307 99999 214
13 435 99999 99999
14 665 99999 99999
15 435 870 99999
16 418 99999 292
17 706 99999 99999
18 504 99999 99999
19 613 99999 99999
20 328 99999 99999
<precedence relations>
1,4
1,5
1,7
2,6
4,9
4,13
6,12
6,14
7,8
7,10
7,11
8,16
11,18
12,17
14,15
17,19
17,20
<end>
