<number of tasks>
20
<number of stations>
10
<order strength>
0.2
<type of the robots>
1
<upper bound>
583
<robot flexibility>
0.2
<collaboration flexibility>
0.2
<number of robots>
2
<task times>
1 155 99999 99999
2 128 99999 99999
3 167 99999 99999
4 66 132 99999
5 212 99999 99999
6 159 99999 99999
7 75 150 52
8 168 336 99999
9 70 99999 99999
10 126 99999 88
11 22 99999 99999
12 186 99999 99999
13 267 99999 99999
14 69 99999 99999
15 302 99999 211
16 192 99999 99999
17 99 99999 99999
18 218 436 99999
19 131 99999 91
20 101 99999 99999
<precedence relations>
1,5
1,7
1,9
2,6
2,8
8,11
8,12
8,13
9,10
13,14
13,15
13,16
14,17
14,18
14,19
14,20
<end>
