<number of tasks>
50
<number of stations>
25
<order strength>
0.201
<type of the robots>
1
<upper bound>
1032
<robot flexibility>
0.2
<collaboration flexibility>
0.2
<number of robots>
5
<task times>
1 266 532 99999
2 520 99999 99999
3 510 99999 99999
4 122 99999 99999
5 175 350 122
6 141 99999 99999
7 156 99999 99999
8 23 46 99999
9 380 99999 266
10 116 99999 81
11 203 99999 99999
12 185 370 99999
13 298 99999 208
14 298 99999 99999
15 275 99999 99999
16 239 99999 167
17 149 99999 99999
18 340 99999 99999
19 37 99999 99999
20 97 99999 99999
21 208 99999 99999
22 347 99999 99999
23 164 99999 99999
24 83 99999 99999
25 511 99999 99999
26 399 99999 99999
27 133 99999 93
28 133 99999 99999
29 151 99999 99999
30 215 99999 99999
31 561 99999 99999
32 101 99999 99999
33 243 486 99999
34 399 798 279
35 269 99999 99999
36 249 99999 99999
37 256 512 99999
38 280 560 196
39 245 99999 99999
40 623 99999 436
41 77 154 99999
42 304 99999 99999
43 62 99999 99999
44 352 99999 99999
45 217 99999 99999
46 546 99999 99999
47 142 99999 99999
48 578 99999 99999
49 78 156 54
50 432 99999 99999
<precedence relations>
1,7
1,10
2,21
3,9
5,8
7,12
8,11
8,13
9,13
9,44
10,14
11,15
12,16
13,17
13,19
13,20
14,18
14,21
14,22
14,23
15,24
16,26
17,28
18,29
19,25
19,27
20,31
21,44
22,30
24,37
25,33
26,34
27,35
28,32
29,38
30,36
30,37
30,39
32,40
33,42
34,44
35,41
36,43
38,45
40,47
41,47
42,46
43,48
44,48
44,49
45,50
<end>
