<number of tasks>
20
<number of stations>
5
<order strength>
0.8
<type of the robots>
1
<upper bound>
2245
<robot flexibility>
0.4
<collaboration flexibility>
0.4
<number of robots>
2
<task times>
1 279 558 99999
2 346 692 242
3 149 298 99999
4 117 234 99999
5 468 936 327
6 152 99999 106
7 81 99999 99999
8 489 99999 99999
9 341 99999 99999
10 509 99999 356
11 528 99999 369
12 171 342 119
13 144 99999 99999
14 501 99999 99999
15 453 99999 317
16 200 99999 99999
17 57 99999 39
18 198 396 99999
19 219 99999 99999
20 209 418 99999
<precedence relations>
1,4
1,6
2,4
2,5
3,4
3,6
4,7
5,6
6,7
6,8
7,9
7,15
8,9
8,10
9,14
9,18
10,11
10,12
11,13
11,14
11,15
12,13
12,14
13,16
13,17
13,18
14,16
14,17
15,18
16,19
17,20
18,19
<end>
