<number of tasks>
20
<number of stations>
5
<order strength>
0.8
<type of the robots>
1
<upper bound>
1679
<robot flexibility>
0.2
<collaboration flexibility>
0.2
<number of robots>
2
<task times>
1 542 99999 99999
2 299 99999 99999
3 152 99999 99999
4 97 99999 99999
5 96 192 99999
6 184 368 99999
7 83 99999 99999
8 112 99999 99999
9 139 99999 97
10 199 99999 99999
11 103 206 72
12 324 99999 99999
13 404 99999 99999
14 298 99999 208
15 253 506 177
16 34 99999 99999
17 124 99999 99999
18 290 99999 99999
19 146 99999 99999
20 318 99999 99999
<precedence relations>
1,5
2,4
2,5
3,4
3,5
4,6
4,7
4,8
5,6
5,7
5,8
6,12
7,10
7,14
8,9
9,11
10,13
10,15
10,18
11,12
12,13
12,14
12,15
13,16
13,17
14,16
14,18
15,16
17,20
18,19
<end>
