<number of tasks>
100
<number of stations>
25
<order strength>
0.895
<type of the robots>
1
<upper bound>
3981
<robot flexibility>
0.4
<collaboration flexibility>
0.4
<number of robots>
5
<task times>
1 307 99999 99999
2 450 900 99999
3 555 1110 99999
4 476 99999 99999
5 624 99999 99999
6 391 99999 99999
7 335 99999 99999
8 676 99999 473
9 498 99999 348
10 504 99999 99999
11 448 99999 99999
12 404 99999 282
13 590 99999 99999
14 733 1466 513
15 366 732 99999
16 525 99999 99999
17 558 1116 390
18 347 99999 99999
19 607 99999 99999
20 502 99999 99999
21 508 99999 99999
22 372 99999 260
23 507 99999 354
24 326 99999 99999
25 617 99999 431
26 667 1334 466
27 510 99999 99999
28 654 99999 99999
29 421 99999 294
30 715 1430 99999
31 443 99999 99999
32 540 1080 378
33 507 1014 99999
34 472 944 330
35 559 99999 99999
36 214 428 99999
37 641 1282 448
38 598 99999 99999
39 496 99999 347
40 339 678 99999
41 392 99999 99999
42 540 1080 99999
43 584 99999 99999
44 421 99999 294
45 692 99999 484
46 747 1494 522
47 124 248 99999
48 664 99999 464
49 636 1272 99999
50 338 676 99999
51 604 99999 422
52 609 99999 99999
53 611 1222 99999
54 471 942 329
55 760 1520 532
56 527 1054 99999
57 407 814 99999
58 414 99999 289
59 473 99999 99999
60 556 99999 389
61 658 99999 99999
62 691 1382 99999
63 444 99999 99999
64 523 99999 366
65 289 578 99999
66 560 1120 392
67 305 99999 213
68 515 1030 99999
69 495 990 99999
70 552 1104 386
71 563 99999 394
72 622 1244 99999
73 447 894 99999
74 226 99999 99999
75 576 99999 99999
76 677 1354 99999
77 538 99999 99999
78 445 99999 99999
79 633 99999 99999
80 421 842 99999
81 627 1254 99999
82 599 1198 419
83 624 99999 436
84 402 804 281
85 574 1148 99999
86 384 99999 268
87 283 99999 198
88 533 1066 373
89 533 99999 99999
90 331 99999 231
91 406 812 99999
92 557 99999 389
93 464 928 324
94 508 99999 99999
95 420 99999 294
96 279 99999 99999
97 337 99999 99999
98 368 99999 99999
99 427 99999 298
100 350 99999 245
<precedence relations>
1,6
1,8
2,5
2,6
2,7
2,8
2,9
3,5
3,6
3,7
3,8
3,9
4,5
4,6
4,7
4,8
4,9
5,10
5,11
5,12
6,10
7,10
7,11
7,12
8,10
8,11
8,12
9,10
9,11
9,12
10,13
10,14
10,15
11,13
11,14
11,15
12,13
12,14
12,15
13,16
13,17
13,18
14,16
14,17
14,18
15,16
15,17
15,18
16,19
16,20
16,21
16,22
17,19
17,20
17,21
17,22
18,19
18,20
18,21
18,22
19,23
19,24
19,25
20,23
20,24
20,25
21,23
21,24
21,25
22,23
22,24
22,25
23,26
23,27
23,28
24,26
24,27
24,28
25,26
25,27
25,28
26,29
27,29
28,29
29,30
29,31
29,32
29,33
30,34
30,35
30,36
30,37
31,34
31,35
31,36
31,37
32,34
32,35
32,36
32,37
33,34
33,35
34,38
34,39
34,40
35,54
36,38
36,39
36,40
37,39
38,41
39,41
39,42
40,41
41,43
41,44
42,43
42,44
43,45
43,46
44,45
44,46
44,47
45,67
46,48
46,50
47,48
47,49
47,50
48,51
48,52
48,54
49,64
49,67
50,51
50,52
50,53
50,54
51,55
51,56
52,55
52,56
53,55
53,56
54,55
54,56
55,57
55,58
55,59
55,60
55,61
56,57
56,58
56,59
56,60
57,62
57,64
57,67
58,64
58,65
58,75
59,62
59,63
60,62
61,67
61,68
62,68
62,79
64,66
65,67
66,69
66,71
66,80
67,71
67,72
67,76
68,70
68,73
69,74
70,76
71,77
71,85
72,74
72,81
73,75
73,76
73,77
73,82
74,79
74,88
76,78
76,80
76,85
77,86
78,83
78,89
78,94
79,82
79,83
79,84
79,85
79,86
79,91
80,81
80,84
81,88
82,90
84,87
84,92
84,95
85,89
85,97
86,87
86,90
86,99
87,94
88,91
88,92
89,93
91,97
92,97
93,95
93,99
94,96
95,98
97,99
97,100
<end>
