<number of tasks>
20
<number of stations>
5
<order strength>
0.800
<type of the robots>
4
<robot flexibility>
0.20
<collaboration flexibility>
0.20
<number of robots>
1
1
0
0
<task times>
1 229 10000 10000 10000 428 10000 10000 10000 192
2 29 10000 10000 10000 10000 10000 10000 10000 16
3 36 10000 10000 86 10000 10000 10000 10000 10000
4 244 10000 390 10000 10000 204 10000 10000 10000
5 107 10000 10000 174 10000 59 10000 10000 10000
6 264 471 10000 452 10000 221 10000 147 10000
7 88 10000 10000 10000 10000 10000 10000 10000 73
8 581 10000 10000 10000 1101 10000 10000 10000 10000
9 132 10000 10000 10000 10000 10000 10000 73 10000
10 499 10000 10000 10000 10000 10000 10000 10000 419
11 216 10000 10000 10000 10000 10000 10000 10000 10000
12 126 10000 302 10000 10000 10000 10000 10000 10000
13 283 10000 10000 10000 10000 10000 158 10000 10000
14 123 10000 10000 10000 10000 10000 10000 10000 68
15 267 10000 10000 10000 10000 10000 10000 10000 10000
16 187 10000 299 410 10000 10000 10000 10000 104
17 567 10000 10000 10000 10000 10000 10000 476 10000
18 418 10000 1003 1003 10000 10000 10000 351 10000
19 220 10000 10000 10000 10000 10000 10000 10000 10000
20 165 10000 10000 396 264 10000 10000 92 10000
<precedence relations>
1,4
2,4
2,5
3,7
4,6
5,6
6,7
6,8
7,9
7,10
7,11
8,10
8,12
8,16
9,13
10,19
10,20
11,13
12,17
12,18
13,14
13,15
13,16
14,17
14,18
15,17
15,18
16,17
16,18
17,19
17,20
18,19
18,20
<end>