<number of tasks>
20
<number of stations>
10
<order strength>
0.800
<type of the robots>
4
<robot flexibility>
0.20
<collaboration flexibility>
0.20
<number of robots>
1
1
0
0
<task times>
1 653 1210 10000 10000 10000 10000 10000 10000 548
2 418 10000 668 10000 10000 10000 10000 10000 10000
3 359 10000 10000 614 10000 10000 10000 10000 10000
4 546 10000 10000 1058 1022 10000 388 10000 10000
5 527 10000 10000 10000 10000 442 295 10000 10000
6 545 1163 10000 10000 10000 10000 457 10000 457
7 353 10000 10000 10000 10000 10000 10000 197 10000
8 500 10000 10000 10000 10000 10000 10000 10000 10000
9 304 10000 10000 10000 10000 10000 170 10000 10000
10 768 10000 10000 10000 10000 10000 430 10000 10000
11 181 10000 434 10000 10000 10000 10000 10000 10000
12 408 10000 652 10000 10000 10000 10000 10000 10000
13 455 728 10000 10000 10000 10000 10000 10000 10000
14 548 10000 10000 10000 1315 10000 306 10000 10000
15 586 10000 1370 10000 10000 492 10000 10000 350
16 618 10000 10000 1483 10000 519 10000 10000 10000
17 581 10000 1394 10000 10000 10000 10000 10000 488
18 657 1510 10000 10000 10000 10000 10000 10000 10000
19 503 10000 10000 1207 10000 10000 10000 10000 422
20 468 748 10000 10000 10000 10000 262 393 393
<precedence relations>
1,2
1,3
1,4
2,6
2,7
3,5
4,5
4,6
4,7
5,8
5,9
6,9
6,11
7,8
7,9
8,10
8,11
9,10
9,13
10,12
10,19
11,12
11,13
12,20
13,14
13,15
14,16
14,17
15,16
15,18
15,19
17,19
17,20
<end>