<number of tasks>
50
<number of stations>
13
<order strength>
0.200
<type of the robots>
4
<robot flexibility>
0.20
<collaboration flexibility>
0.20
<number of robots>
1
1
1
0
<task times>
1 91 10000 10000 218 10000 51 55 10000 50
2 208 10000 10000 480 10000 10000 10000 10000 10000
3 67 10000 10000 10000 10000 10000 10000 10000 10000
4 264 10000 10000 10000 10000 221 10000 10000 10000
5 468 10000 10000 10000 10000 10000 10000 328 10000
6 555 10000 10000 10000 1324 310 10000 10000 359
7 143 10000 10000 10000 10000 10000 120 10000 10000
8 268 643 10000 10000 570 10000 10000 150 10000
9 29 10000 10000 10000 69 10000 10000 10000 10000
10 282 10000 10000 10000 454 10000 10000 10000 219
11 28 10000 10000 10000 10000 10000 23 10000 10000
12 254 10000 609 10000 10000 10000 213 10000 10000
13 293 10000 10000 10000 10000 10000 164 10000 164
14 166 398 265 10000 10000 10000 10000 10000 10000
15 249 398 10000 10000 10000 10000 10000 209 139
16 339 10000 542 10000 10000 10000 10000 10000 10000
17 238 10000 10000 10000 571 10000 10000 133 10000
18 219 10000 10000 10000 350 10000 10000 10000 10000
19 191 10000 10000 10000 10000 10000 160 10000 10000
20 128 10000 10000 10000 10000 10000 10000 71 10000
21 295 708 10000 10000 10000 10000 10000 10000 10000
22 195 312 312 10000 10000 109 10000 10000 10000
23 35 10000 10000 10000 56 10000 10000 10000 10000
24 247 10000 10000 10000 10000 138 10000 10000 10000
25 280 10000 10000 10000 10000 10000 10000 10000 10000
26 509 10000 10000 10000 1221 427 10000 10000 10000
27 92 10000 10000 10000 220 10000 10000 10000 10000
28 160 10000 10000 256 10000 10000 134 10000 10000
29 59 96 10000 10000 10000 10000 33 10000 33
30 162 10000 259 262 10000 136 10000 10000 10000
31 309 10000 741 494 10000 173 259 223 10000
32 187 10000 10000 10000 10000 10000 157 157 10000
33 480 822 10000 10000 10000 307 268 10000 10000
34 130 312 10000 10000 10000 10000 10000 10000 10000
35 156 374 10000 374 10000 131 10000 10000 87
36 510 10000 10000 10000 1007 10000 10000 10000 10000
37 95 10000 10000 10000 10000 10000 10000 10000 79
38 224 10000 10000 10000 10000 10000 10000 10000 10000
39 407 10000 10000 10000 10000 10000 341 10000 10000
40 527 10000 10000 10000 10000 10000 10000 10000 10000
41 209 10000 10000 10000 10000 10000 10000 117 10000
42 121 10000 10000 10000 221 10000 101 10000 10000
43 212 10000 10000 10000 10000 10000 10000 10000 10000
44 64 10000 10000 10000 125 10000 10000 10000 10000
45 104 10000 249 10000 10000 10000 10000 10000 10000
46 118 283 188 10000 10000 10000 10000 10000 10000
47 357 10000 10000 10000 10000 199 10000 10000 10000
48 406 10000 10000 788 10000 10000 10000 10000 10000
49 51 10000 10000 10000 10000 10000 10000 10000 10000
50 33 52 10000 10000 10000 10000 10000 10000 10000
<precedence relations>
1,34
2,9
3,8
3,10
3,11
5,13
7,12
8,34
9,18
10,15
11,17
12,16
12,20
13,14
13,19
14,34
15,23
16,21
17,22
18,34
19,24
20,25
20,26
21,29
22,30
24,27
24,28
24,32
25,31
26,33
27,34
28,35
29,36
30,38
32,37
34,39
34,40
34,41
34,42
34,43
35,44
37,45
39,48
39,50
40,46
41,47
41,49
<end>