<number of tasks>
50
<number of stations>
13
<order strength>
0.200
<type of the robots>
4
<robot flexibility>
0.40
<collaboration flexibility>
0.40
<number of robots>
2
1
1
1
<task times>
1 589 1091 1294 10000 10000 10000 329 494 329
2 549 10000 10000 10000 1310 10000 461 307 10000
3 255 544 10000 10000 10000 142 214 214 10000
4 400 714 10000 10000 10000 336 10000 10000 259
5 643 1391 10000 10000 1369 360 10000 10000 10000
6 472 10000 1132 10000 1132 10000 396 10000 10000
7 504 10000 10000 1209 10000 423 289 423 392
8 356 854 10000 10000 573 299 199 10000 199
9 639 10000 10000 10000 10000 10000 536 10000 357
10 407 10000 10000 10000 657 10000 10000 285 227
11 524 10000 10000 838 10000 10000 10000 10000 299
12 487 10000 10000 10000 10000 10000 10000 409 272
13 631 1268 1009 1514 1009 10000 10000 10000 10000
14 497 10000 1192 10000 10000 10000 10000 10000 10000
15 373 10000 596 10000 10000 10000 10000 10000 313
16 434 694 10000 10000 1041 10000 10000 10000 243
17 712 1708 10000 1139 1708 10000 425 398 398
18 496 793 10000 1190 793 277 416 10000 277
19 427 10000 10000 1019 10000 10000 10000 10000 10000
20 438 10000 1051 10000 10000 10000 10000 10000 10000
21 385 924 10000 10000 10000 10000 323 10000 10000
22 449 10000 1077 718 1077 251 377 10000 10000
23 557 10000 1336 10000 1336 10000 311 10000 311
24 695 10000 1112 10000 1112 389 583 10000 10000
25 565 904 10000 10000 10000 10000 316 467 316
26 435 10000 10000 10000 10000 10000 243 10000 365
27 459 10000 10000 734 10000 10000 385 10000 10000
28 570 10000 10000 10000 10000 10000 10000 10000 10000
29 494 10000 10000 1185 10000 10000 10000 276 10000
30 378 10000 807 907 10000 10000 10000 317 256
31 536 857 10000 10000 10000 10000 10000 300 10000
32 582 1396 931 931 10000 10000 325 10000 10000
33 384 614 10000 614 10000 10000 322 10000 322
34 685 10000 1096 1644 10000 10000 10000 10000 383
35 521 833 10000 10000 10000 302 10000 291 291
36 497 10000 1192 10000 881 417 278 10000 10000
37 507 10000 956 1023 1216 10000 10000 309 10000
38 566 1324 10000 10000 10000 10000 475 10000 475
39 490 10000 10000 10000 10000 10000 10000 274 10000
40 384 625 10000 921 820 215 10000 215 10000
41 404 691 10000 10000 646 10000 10000 10000 10000
42 443 10000 10000 10000 810 10000 10000 10000 10000
43 483 936 772 1159 10000 10000 405 10000 10000
44 509 1221 979 10000 997 10000 285 427 10000
45 480 1152 1076 808 10000 10000 403 10000 403
46 234 561 10000 10000 475 10000 10000 196 10000
47 459 10000 10000 734 748 10000 385 257 10000
48 508 10000 10000 10000 10000 10000 426 10000 10000
49 540 948 10000 10000 10000 10000 453 10000 10000
50 314 753 10000 609 10000 10000 175 10000 10000
<precedence relations>
1,7
2,8
3,10
4,9
6,11
7,12
8,12
10,14
11,13
12,15
13,16
13,19
13,20
13,21
14,17
14,18
14,22
15,23
16,25
17,24
17,26
17,28
18,27
18,29
19,29
20,45
22,50
23,30
24,31
25,32
26,33
27,35
28,34
28,38
29,36
29,37
29,39
30,43
31,43
32,41
33,44
34,42
35,43
36,40
38,45
38,46
39,47
40,48
41,49
42,49
45,50
<end>