<number of tasks>
100
<number of stations>
25
<order strength>
0.199
<type of the robots>
4
<robot flexibility>
0.40
<collaboration flexibility>
0.40
<number of robots>
2
1
1
1
<task times>
1 41 10000 65 10000 65 10000 34 10000 10000
2 94 10000 207 150 185 10000 78 10000 52
3 211 10000 10000 10000 10000 118 10000 118 10000
4 21 33 10000 10000 10000 17 10000 10000 17
5 54 10000 10000 86 10000 30 30 30 30
6 108 259 10000 10000 10000 10000 60 60 90
7 32 10000 10000 51 10000 10000 10000 10000 10000
8 69 10000 10000 10000 165 10000 10000 10000 57
9 203 10000 324 10000 351 10000 10000 10000 155
10 49 10000 10000 10000 111 10000 10000 27 41
11 145 232 10000 10000 10000 121 81 10000 121
12 101 232 242 161 10000 84 73 10000 10000
13 179 429 341 10000 10000 128 10000 10000 10000
14 36 10000 10000 10000 57 20 30 10000 20
15 32 51 57 10000 10000 10000 10000 10000 10000
16 217 347 10000 520 10000 10000 10000 10000 121
17 81 10000 129 10000 194 68 68 68 10000
18 86 10000 196 10000 10000 10000 48 48 10000
19 67 10000 10000 10000 107 37 56 10000 10000
20 99 237 158 237 10000 10000 10000 10000 83
21 96 153 10000 10000 10000 53 10000 73 53
22 52 10000 100 10000 10000 10000 29 10000 29
23 175 280 280 10000 10000 146 10000 98 10000
24 79 126 153 10000 10000 44 10000 10000 10000
25 146 341 10000 10000 10000 10000 122 10000 10000
26 76 142 10000 121 182 42 63 42 63
27 133 10000 319 10000 10000 10000 10000 111 74
28 173 415 278 346 10000 96 10000 10000 145
29 119 10000 247 10000 10000 10000 10000 10000 99
30 149 10000 10000 10000 357 83 10000 83 83
31 246 476 393 464 10000 137 10000 137 137
32 171 10000 10000 273 273 10000 95 10000 10000
33 233 10000 376 559 372 195 130 10000 130
34 29 69 10000 10000 69 10000 17 10000 24
35 282 10000 10000 451 676 236 157 157 10000
36 158 10000 252 319 252 10000 10000 88 132
37 26 45 10000 10000 10000 10000 21 21 21
38 181 10000 10000 10000 338 10000 10000 10000 101
39 130 312 10000 10000 10000 109 10000 10000 10000
40 57 136 136 10000 113 10000 31 31 45
41 131 10000 314 10000 10000 10000 73 10000 10000
42 282 10000 451 534 10000 236 10000 157 236
43 153 10000 367 10000 10000 10000 10000 10000 10000
44 177 10000 10000 10000 10000 148 10000 99 10000
45 120 10000 10000 10000 10000 69 67 10000 10000
46 35 10000 10000 10000 10000 19 29 10000 10000
47 35 84 10000 76 10000 29 10000 10000 29
48 134 10000 215 10000 10000 75 75 10000 75
49 345 10000 10000 10000 741 289 10000 10000 10000
50 156 10000 10000 10000 10000 87 10000 10000 131
51 97 183 10000 10000 10000 10000 10000 81 10000
52 147 315 235 10000 352 10000 123 10000 10000
53 40 96 91 10000 64 10000 10000 10000 22
54 127 10000 10000 203 10000 10000 10000 71 10000
55 208 10000 332 499 332 10000 141 116 169
56 25 60 42 51 60 10000 14 10000 10000
57 136 326 326 10000 326 10000 10000 76 10000
58 118 10000 10000 283 10000 10000 99 10000 10000
59 30 10000 64 10000 10000 10000 10000 10000 10000
60 127 10000 203 203 247 10000 10000 10000 10000
61 28 10000 51 10000 10000 23 10000 10000 10000
62 195 468 10000 10000 312 109 163 10000 109
63 153 244 10000 10000 244 10000 88 128 10000
64 26 55 50 10000 41 21 19 10000 21
65 30 48 10000 10000 10000 25 16 25 10000
66 223 10000 535 10000 10000 10000 10000 167 124
67 180 10000 10000 10000 10000 10000 100 10000 10000
68 277 10000 10000 443 10000 155 155 232 232
69 94 10000 173 10000 10000 10000 10000 10000 10000
70 74 118 10000 177 177 41 62 41 10000
71 121 290 10000 10000 10000 67 70 70 101
72 200 320 320 10000 320 168 168 10000 10000
73 246 590 553 10000 393 145 10000 206 10000
74 121 281 10000 193 10000 10000 10000 67 101
75 143 228 10000 228 228 80 10000 10000 120
76 81 155 10000 10000 129 68 68 68 10000
77 115 10000 276 184 10000 96 10000 10000 10000
78 68 154 108 10000 163 10000 57 10000 57
79 70 10000 134 112 10000 58 10000 10000 10000
80 107 10000 204 10000 256 10000 10000 10000 59
81 144 345 278 10000 10000 10000 120 10000 10000
82 62 10000 10000 10000 10000 10000 10000 10000 10000
83 132 299 10000 10000 10000 110 110 10000 73
84 125 10000 10000 10000 10000 70 70 105 10000
85 21 10000 10000 42 46 17 17 10000 10000
86 74 10000 10000 10000 10000 62 10000 62 62
87 209 10000 10000 10000 10000 10000 10000 10000 136
88 198 316 10000 10000 10000 139 10000 110 10000
89 116 10000 10000 10000 10000 10000 64 64 10000
90 117 187 187 10000 10000 98 10000 65 10000
91 148 10000 10000 355 10000 82 124 124 10000
92 242 10000 543 537 387 203 10000 135 10000
93 174 10000 289 10000 10000 97 10000 133 10000
94 123 10000 10000 295 10000 10000 68 10000 10000
95 92 10000 10000 10000 10000 10000 10000 10000 10000
96 164 10000 393 262 262 10000 91 137 10000
97 117 280 187 10000 280 10000 10000 10000 65
98 115 274 10000 10000 10000 10000 64 64 64
99 78 10000 124 10000 10000 65 10000 10000 10000
100 229 366 10000 10000 366 128 192 10000 128
<precedence relations>
1,12
2,10
2,14
4,11
4,61
5,13
5,43
6,16
7,15
7,28
7,83
8,9
8,17
10,19
11,18
12,21
14,22
16,20
16,49
16,50
17,61
18,27
18,73
19,29
20,23
20,24
20,25
20,26
20,28
20,30
21,22
21,31
22,37
25,32
25,38
26,36
27,33
29,34
30,39
30,40
30,41
31,35
32,47
32,48
33,42
34,43
34,46
35,49
35,50
36,45
37,44
37,50
38,47
38,90
40,67
41,68
42,53
42,56
43,57
43,58
44,53
44,55
44,70
45,96
48,58
49,51
49,52
49,64
49,71
50,54
50,59
50,97
51,65
51,66
51,67
53,68
54,81
56,62
56,64
56,99
57,60
57,63
57,94
58,61
59,69
61,71
61,73
65,75
65,77
67,70
67,77
68,74
69,72
69,76
70,78
70,79
71,81
72,80
72,84
73,82
74,83
74,100
75,85
77,86
78,87
78,91
79,90
80,90
86,88
86,89
86,91
87,92
87,93
87,94
87,95
88,99
89,97
89,100
90,96
91,98
91,100
<end>