<number of tasks>
100
<number of stations>
25
<order strength>
0.200
<type of the robots>
4
<robot flexibility>
0.20
<collaboration flexibility>
0.20
<number of robots>
3
3
2
2
<task times>
1 543 10000 10000 10000 1019 10000 456 10000 10000
2 127 271 10000 10000 10000 10000 10000 10000 10000
3 326 10000 10000 10000 10000 10000 10000 10000 10000
4 234 10000 10000 381 10000 10000 10000 10000 131
5 496 10000 10000 10000 10000 10000 10000 10000 10000
6 528 1142 10000 1267 10000 10000 295 10000 295
7 465 10000 10000 10000 10000 390 10000 260 10000
8 126 10000 291 302 201 10000 10000 10000 10000
9 246 10000 10000 10000 10000 10000 10000 206 10000
10 489 10000 10000 10000 996 410 10000 10000 10000
11 212 10000 10000 10000 10000 10000 10000 10000 10000
12 66 105 10000 10000 10000 10000 47 10000 10000
13 221 10000 10000 10000 10000 10000 10000 10000 10000
14 328 10000 10000 10000 787 10000 10000 275 10000
15 67 10000 10000 10000 10000 10000 10000 10000 10000
16 52 10000 10000 10000 10000 10000 10000 10000 10000
17 101 10000 10000 10000 10000 10000 10000 10000 10000
18 214 10000 10000 10000 10000 10000 10000 179 119
19 202 10000 10000 10000 10000 10000 10000 113 10000
20 86 10000 10000 206 10000 10000 10000 10000 72
21 334 10000 10000 10000 10000 10000 187 207 280
22 293 10000 10000 10000 10000 10000 243 10000 10000
23 498 10000 10000 10000 1195 10000 278 10000 10000
24 195 10000 10000 10000 10000 163 10000 10000 109
25 291 10000 10000 10000 10000 10000 244 244 10000
26 141 10000 10000 10000 338 10000 10000 10000 10000
27 137 10000 10000 10000 219 76 10000 115 76
28 66 105 105 10000 10000 55 10000 10000 10000
29 325 10000 10000 10000 520 10000 182 10000 10000
30 51 10000 10000 122 10000 10000 10000 10000 10000
31 324 10000 10000 10000 10000 10000 181 272 10000
32 162 259 10000 10000 10000 10000 10000 10000 10000
33 493 10000 10000 10000 10000 10000 301 276 10000
34 188 10000 10000 10000 10000 105 10000 10000 10000
35 162 10000 10000 388 10000 90 10000 10000 10000
36 146 10000 10000 10000 10000 81 10000 81 10000
37 31 10000 10000 10000 10000 10000 17 10000 10000
38 307 10000 10000 10000 10000 10000 10000 10000 10000
39 50 10000 10000 10000 10000 32 28 28 42
40 91 10000 10000 10000 10000 10000 76 50 10000
41 442 1060 1060 10000 10000 371 10000 10000 10000
42 119 10000 10000 190 285 10000 10000 10000 99
43 218 10000 10000 348 10000 10000 10000 122 122
44 537 10000 10000 10000 10000 10000 451 300 10000
45 206 10000 10000 10000 10000 173 10000 115 10000
46 170 10000 10000 10000 10000 142 95 10000 10000
47 153 10000 10000 10000 10000 10000 10000 10000 10000
48 550 10000 1067 10000 10000 10000 356 10000 10000
49 243 10000 10000 388 10000 204 10000 10000 10000
50 289 10000 10000 10000 10000 10000 10000 10000 10000
51 366 10000 10000 10000 878 10000 10000 10000 10000
52 100 10000 10000 10000 10000 10000 84 10000 56
53 282 10000 10000 10000 10000 10000 157 10000 10000
54 360 10000 747 10000 10000 10000 201 10000 10000
55 331 10000 10000 678 10000 278 185 10000 185
56 551 10000 10000 10000 10000 10000 10000 462 10000
57 166 10000 268 265 10000 10000 10000 10000 139
58 196 10000 10000 10000 470 113 10000 10000 164
59 141 338 338 10000 10000 78 78 10000 10000
60 81 10000 10000 10000 10000 10000 10000 10000 10000
61 209 10000 10000 10000 10000 10000 10000 10000 10000
62 523 10000 10000 10000 10000 10000 10000 367 10000
63 37 10000 10000 10000 10000 10000 10000 10000 10000
64 366 694 10000 10000 10000 10000 10000 215 10000
65 141 10000 10000 10000 10000 118 10000 10000 10000
66 472 1014 10000 10000 755 396 10000 10000 10000
67 165 10000 10000 10000 10000 10000 10000 10000 10000
68 62 10000 10000 10000 10000 52 10000 10000 10000
69 492 10000 787 10000 10000 10000 275 10000 10000
70 188 10000 300 300 10000 10000 157 105 10000
71 171 10000 410 10000 10000 10000 10000 10000 10000
72 82 10000 10000 10000 10000 10000 10000 10000 10000
73 474 10000 10000 10000 10000 10000 10000 10000 10000
74 24 10000 10000 10000 10000 10000 10000 10000 10000
75 364 10000 10000 10000 10000 305 10000 10000 10000
76 482 10000 10000 10000 10000 10000 10000 10000 10000
77 520 10000 1248 10000 10000 291 291 291 10000
78 183 292 10000 346 10000 10000 10000 10000 10000
79 89 10000 10000 195 10000 74 10000 10000 49
80 163 10000 10000 10000 362 10000 10000 10000 10000
81 232 10000 10000 10000 371 10000 10000 194 10000
82 68 10000 10000 10000 10000 10000 10000 38 10000
83 469 10000 10000 967 10000 10000 262 10000 10000
84 170 10000 335 10000 10000 10000 10000 10000 10000
85 78 10000 133 124 10000 10000 10000 10000 10000
86 150 10000 10000 10000 10000 10000 10000 84 10000
87 172 10000 10000 10000 10000 10000 10000 10000 10000
88 431 813 10000 10000 10000 10000 10000 10000 10000
89 169 10000 405 10000 10000 10000 10000 94 141
90 98 188 10000 10000 10000 10000 82 10000 10000
91 97 10000 10000 10000 10000 10000 10000 10000 10000
92 198 10000 362 405 10000 10000 166 166 10000
93 63 10000 10000 10000 10000 10000 10000 10000 10000
94 537 10000 10000 1288 10000 10000 10000 10000 10000
95 150 10000 10000 10000 360 10000 10000 10000 10000
96 437 1048 10000 10000 10000 10000 10000 244 244
97 36 10000 10000 10000 10000 30 10000 10000 10000
98 468 10000 10000 10000 748 10000 10000 10000 10000
99 115 10000 10000 10000 10000 10000 10000 10000 10000
100 535 10000 10000 10000 10000 10000 10000 10000 434
<precedence relations>
1,10
1,11
1,80
2,8
3,7
3,8
4,9
4,91
6,60
7,12
7,20
7,21
7,31
7,50
8,14
8,15
8,16
8,18
9,22
9,79
10,13
10,59
11,17
11,19
11,23
11,24
12,49
15,31
17,27
18,25
18,28
18,29
18,38
20,26
20,56
20,89
20,90
21,30
21,68
24,43
24,47
25,32
25,37
27,34
28,88
29,35
31,33
31,36
32,42
32,47
32,59
33,45
34,38
34,46
35,41
35,48
37,39
37,40
37,43
37,44
38,53
39,49
39,57
39,76
41,54
41,72
42,50
42,61
44,52
44,56
45,51
45,85
46,50
46,55
46,56
47,58
48,78
49,66
50,62
52,60
52,63
52,84
53,59
54,61
55,82
56,65
57,64
58,67
59,75
59,76
61,70
61,74
62,82
63,69
63,73
64,68
64,72
65,71
65,99
65,100
68,82
69,80
69,83
69,85
71,77
71,78
71,84
72,81
73,83
74,79
77,91
79,88
79,90
79,92
80,94
82,86
82,88
82,89
82,93
83,87
85,99
86,96
86,100
88,98
88,99
90,95
93,97
<end>