<number of tasks>
20
<number of stations>
10
<order strength>
0.200
<type of the robots>
4
<robot flexibility>
0.40
<collaboration flexibility>
0.40
<number of robots>
1
1
1
1
<task times>
1 27 10000 10000 64 10000 15 10000 10000 10000
2 51 10000 10000 89 122 10000 42 10000 10000
3 412 659 10000 10000 988 10000 230 346 10000
4 141 10000 10000 338 338 118 10000 118 10000
5 214 10000 10000 513 342 119 119 10000 10000
6 52 10000 83 124 10000 43 10000 43 29
7 203 487 487 324 487 10000 113 10000 10000
8 81 10000 129 10000 10000 45 10000 47 68
9 323 10000 606 10000 516 271 271 10000 271
10 143 343 343 10000 10000 10000 80 80 80
11 376 10000 10000 10000 10000 10000 10000 315 10000
12 22 10000 35 10000 10000 10000 12 12 12
13 278 10000 10000 667 10000 10000 10000 233 155
14 391 10000 10000 10000 625 10000 10000 234 328
15 223 10000 356 10000 10000 187 10000 10000 10000
16 24 10000 10000 57 57 10000 16 10000 13
17 354 711 849 10000 10000 10000 10000 10000 10000
18 269 430 10000 10000 10000 150 225 10000 10000
19 250 600 10000 10000 10000 140 10000 210 10000
20 117 187 10000 10000 10000 10000 10000 10000 10000
<precedence relations>
1,5
2,6
3,8
4,7
5,9
6,10
7,11
7,13
8,12
9,15
10,14
11,17
13,16
14,18
15,19
17,20
<end>