<number of tasks>
100
<number of stations>
50
<order strength>
0.895
<type of the robots>
4
<robot flexibility>
0.40
<collaboration flexibility>
0.40
<number of robots>
3
3
2
2
<task times>
1 476 10000 761 10000 10000 10000 266 10000 10000
2 723 10000 1390 10000 1585 404 607 10000 10000
3 392 10000 10000 716 10000 10000 329 219 10000
4 383 10000 871 10000 10000 10000 10000 10000 10000
5 601 10000 10000 1178 10000 10000 504 504 10000
6 395 632 10000 10000 10000 330 10000 10000 221
7 452 10000 1084 10000 10000 10000 10000 10000 10000
8 384 10000 10000 10000 10000 215 10000 221 322
9 562 10000 10000 10000 10000 10000 472 10000 10000
10 715 1716 10000 10000 10000 600 10000 10000 400
11 624 998 1497 1267 998 524 349 10000 10000
12 357 10000 10000 10000 10000 10000 299 10000 299
13 699 10000 1118 10000 1118 10000 587 10000 10000
14 526 1209 1051 858 1085 10000 10000 441 10000
15 537 1288 10000 10000 1288 382 10000 300 300
16 612 979 1468 10000 979 10000 342 10000 10000
17 503 10000 804 10000 804 10000 422 10000 422
18 366 585 10000 10000 878 10000 10000 204 307
19 489 10000 10000 1173 10000 273 273 10000 10000
20 594 10000 1425 10000 1216 498 10000 332 10000
21 665 1596 10000 10000 10000 372 550 372 10000
22 481 10000 1148 10000 10000 10000 10000 10000 10000
23 372 595 595 696 10000 10000 10000 10000 10000
24 481 10000 10000 10000 10000 10000 10000 10000 10000
25 491 10000 10000 10000 1178 274 10000 10000 274
26 614 10000 982 10000 10000 10000 10000 10000 355
27 522 835 10000 1252 10000 438 292 10000 438
28 441 705 1058 10000 705 10000 10000 370 246
29 480 10000 1152 10000 10000 10000 10000 10000 10000
30 518 10000 10000 10000 10000 10000 10000 10000 10000
31 650 10000 10000 1560 10000 364 10000 10000 10000
32 368 860 588 10000 588 213 309 309 10000
33 433 10000 10000 10000 10000 10000 242 242 10000
34 590 10000 944 10000 944 10000 10000 10000 495
35 637 10000 1528 10000 10000 10000 10000 10000 356
36 539 10000 1088 1293 10000 10000 10000 10000 398
37 521 848 10000 10000 10000 437 10000 322 437
38 329 563 789 789 10000 184 10000 10000 10000
39 275 533 524 10000 10000 10000 10000 168 10000
40 518 10000 10000 10000 10000 290 10000 10000 10000
41 690 10000 1236 10000 1104 579 10000 10000 10000
42 467 10000 10000 10000 747 10000 261 10000 392
43 299 717 10000 10000 10000 10000 167 10000 10000
44 619 1087 1485 10000 10000 519 10000 395 346
45 494 10000 831 1185 10000 414 10000 10000 414
46 142 10000 334 227 10000 119 10000 10000 10000
47 698 10000 1206 1675 1675 10000 586 10000 10000
48 600 10000 960 10000 1332 10000 336 10000 10000
49 663 10000 10000 10000 10000 10000 10000 10000 371
50 495 1188 10000 10000 1188 415 10000 10000 10000
51 495 10000 960 792 792 10000 10000 10000 10000
52 592 10000 10000 10000 1420 10000 10000 331 10000
53 576 1382 1374 10000 921 10000 10000 10000 10000
54 409 10000 870 10000 10000 10000 10000 343 313
55 471 881 10000 1057 753 10000 10000 263 10000
56 236 10000 566 10000 10000 10000 10000 198 10000
57 416 10000 670 10000 10000 10000 269 10000 232
58 676 1081 10000 10000 10000 10000 10000 10000 10000
59 676 1622 1403 10000 10000 10000 10000 10000 10000
60 391 10000 625 10000 770 10000 218 218 10000
61 566 905 10000 940 10000 475 10000 316 10000
62 341 10000 551 545 10000 10000 10000 190 10000
63 563 10000 10000 900 900 10000 10000 472 472
64 537 10000 10000 10000 10000 10000 10000 10000 10000
65 406 974 649 10000 10000 10000 10000 227 10000
66 506 10000 10000 809 1214 10000 283 10000 10000
67 541 10000 1011 867 10000 302 10000 302 10000
68 483 10000 10000 10000 10000 405 405 10000 10000
69 245 10000 10000 392 10000 147 10000 137 205
70 595 10000 10000 1428 10000 10000 10000 333 333
71 579 1389 10000 10000 10000 10000 10000 486 10000
72 519 1245 830 10000 1245 10000 290 10000 435
73 263 10000 10000 448 541 10000 10000 220 10000
74 591 1418 10000 1211 10000 10000 10000 330 10000
75 504 1209 10000 10000 1209 423 423 10000 10000
76 712 1139 1139 10000 10000 10000 598 10000 10000
77 476 10000 10000 10000 10000 266 266 10000 266
78 646 1550 10000 1033 10000 10000 542 542 10000
79 535 10000 10000 10000 10000 10000 449 10000 10000
80 510 10000 10000 819 10000 427 285 285 10000
81 375 10000 600 750 10000 10000 10000 10000 210
82 648 10000 10000 10000 1555 10000 10000 10000 362
83 575 10000 10000 10000 1380 322 10000 322 483
84 534 1281 10000 1007 854 10000 10000 299 10000
85 392 10000 10000 10000 644 219 219 10000 219
86 478 10000 1147 764 10000 267 10000 10000 401
87 316 10000 10000 758 758 10000 10000 10000 10000
88 603 10000 10000 10000 964 337 10000 337 10000
89 189 10000 10000 10000 453 10000 105 10000 158
90 419 10000 827 10000 10000 351 351 304 10000
91 505 10000 867 10000 1212 282 10000 10000 282
92 394 10000 945 630 693 10000 10000 10000 10000
93 491 10000 10000 10000 10000 412 10000 10000 10000
94 483 10000 10000 10000 10000 10000 10000 10000 270
95 470 752 10000 10000 10000 10000 10000 10000 263
96 448 1075 794 1075 10000 10000 10000 10000 10000
97 623 1449 10000 10000 10000 10000 348 348 10000
98 364 10000 10000 10000 873 10000 305 203 10000
99 472 10000 10000 10000 10000 10000 10000 10000 10000
100 701 10000 1682 1328 10000 412 10000 10000 10000
<precedence relations>
1,5
1,6
1,7
2,5
2,6
2,7
3,5
3,6
3,7
4,5
4,6
4,7
5,8
5,9
5,10
5,11
6,8
6,9
6,10
6,11
7,8
7,9
7,10
7,11
8,12
8,13
8,14
8,15
8,16
9,12
9,13
9,14
9,15
9,16
10,12
10,13
10,14
10,15
10,16
11,12
11,13
11,14
11,15
11,16
12,17
12,18
12,19
12,20
13,17
13,18
13,19
13,20
14,17
14,18
14,19
14,20
15,17
15,18
15,19
15,20
16,17
16,18
16,19
16,20
17,21
17,22
17,23
18,21
18,22
18,23
19,21
19,22
19,23
20,21
20,22
20,23
21,24
21,25
22,24
22,25
23,24
23,25
24,26
24,27
24,28
25,26
25,27
25,28
26,29
26,30
26,31
26,32
27,29
27,30
27,31
27,32
28,29
28,30
28,31
28,32
29,33
29,34
30,33
30,34
31,33
31,34
32,33
32,34
33,35
33,36
33,37
33,38
34,35
34,36
34,37
34,38
35,39
35,40
36,39
36,40
37,39
37,40
38,39
38,40
39,41
39,42
39,43
40,41
40,42
40,43
41,44
41,45
41,46
42,44
42,45
42,46
43,44
43,45
43,46
44,47
44,48
45,47
45,49
46,48
46,49
47,50
47,51
47,52
47,53
48,50
48,51
48,52
48,53
49,50
49,53
50,54
50,55
51,54
51,56
52,55
52,57
53,54
53,55
53,57
54,58
54,59
54,60
55,58
55,59
55,60
56,58
56,59
56,60
57,58
57,59
58,61
58,66
59,61
59,62
59,63
59,74
60,63
60,64
60,65
60,66
61,67
62,96
63,69
63,94
63,98
64,69
64,77
64,95
64,96
65,69
65,70
65,71
65,74
66,68
67,71
67,72
67,73
67,77
68,70
68,74
69,91
70,75
70,76
71,76
73,80
73,97
74,79
75,77
76,78
77,80
78,79
79,81
79,82
79,83
81,84
82,85
82,86
82,88
83,84
83,87
84,90
85,89
85,94
86,91
87,88
87,91
87,92
88,94
89,93
89,95
89,96
90,95
92,99
93,100
94,99
95,97
95,98
95,99
96,98
<end>