<number of tasks>
20
<number of stations>
10
<order strength>
0.200
<type of the robots>
4
<robot flexibility>
0.40
<collaboration flexibility>
0.40
<number of robots>
1
1
1
1
<task times>
1 295 546 472 708 472 10000 165 10000 10000
2 104 10000 249 10000 10000 10000 58 10000 87
3 129 275 10000 283 10000 72 10000 108 72
4 220 392 352 528 10000 10000 184 10000 184
5 87 10000 10000 208 10000 73 10000 73 48
6 148 320 10000 10000 10000 10000 10000 10000 10000
7 177 283 10000 331 10000 148 10000 10000 10000
8 192 10000 10000 307 460 137 10000 107 107
9 85 10000 159 204 10000 71 47 10000 10000
10 245 10000 588 392 10000 10000 137 10000 205
11 65 149 10000 10000 10000 10000 10000 54 36
12 314 10000 502 10000 502 175 10000 10000 263
13 178 10000 10000 427 10000 10000 10000 10000 10000
14 207 331 10000 392 10000 10000 10000 10000 10000
15 157 376 251 337 10000 87 101 10000 10000
16 216 10000 10000 10000 345 10000 10000 181 120
17 250 10000 600 10000 600 10000 210 10000 210
18 123 196 295 295 232 10000 10000 10000 103
19 203 10000 10000 487 324 170 10000 10000 10000
20 112 10000 196 10000 10000 62 10000 10000 10000
<precedence relations>
1,6
2,7
3,5
3,8
4,9
5,10
6,11
7,12
8,13
8,15
9,14
9,16
10,18
11,18
12,18
13,17
15,19
17,20
<end>