<number of tasks>
20
<number of stations>
10
<order strength>
0.800
<type of the robots>
4
<robot flexibility>
0.20
<collaboration flexibility>
0.20
<number of robots>
1
1
1
1
<task times>
1 219 10000 10000 10000 10000 10000 122 10000 10000
2 117 216 10000 10000 10000 10000 10000 65 65
3 134 10000 10000 10000 10000 10000 10000 10000 10000
4 496 10000 10000 10000 10000 10000 277 10000 10000
5 466 10000 10000 1118 10000 10000 10000 10000 10000
6 483 1030 10000 10000 10000 10000 10000 10000 10000
7 145 10000 10000 281 10000 10000 10000 10000 10000
8 325 10000 10000 10000 10000 10000 10000 10000 182
9 311 10000 10000 10000 10000 10000 261 10000 10000
10 142 10000 10000 10000 10000 10000 10000 10000 10000
11 550 10000 880 10000 10000 308 10000 10000 10000
12 192 10000 10000 10000 10000 10000 107 10000 107
13 198 316 10000 347 10000 166 10000 10000 10000
14 237 10000 10000 10000 10000 10000 10000 199 199
15 136 10000 10000 10000 10000 10000 10000 114 10000
16 428 10000 10000 10000 10000 10000 10000 359 359
17 252 10000 10000 10000 10000 10000 10000 10000 10000
18 273 10000 10000 10000 10000 10000 10000 10000 10000
19 170 10000 10000 10000 10000 10000 10000 10000 10000
20 22 10000 10000 10000 10000 10000 12 10000 10000
<precedence relations>
1,3
1,4
2,6
3,6
4,5
4,6
4,7
5,8
5,9
6,8
6,10
7,8
8,11
9,10
9,13
10,12
11,12
11,13
12,14
12,15
13,15
13,20
14,16
14,17
15,19
16,18
16,20
17,19
<end>