<number of tasks>
100
<number of stations>
25
<order strength>
0.895
<type of the robots>
4
<robot flexibility>
0.40
<collaboration flexibility>
0.40
<number of robots>
3
3
2
2
<task times>
1 307 10000 10000 561 10000 10000 10000 10000 10000
2 450 10000 720 10000 1080 252 378 10000 10000
3 555 888 1326 10000 888 10000 10000 10000 466
4 476 10000 1082 10000 10000 398 10000 399 10000
5 624 10000 10000 10000 1497 10000 10000 10000 10000
6 391 10000 938 766 10000 10000 10000 10000 218
7 335 10000 10000 680 10000 10000 10000 193 187
8 676 10000 10000 10000 10000 10000 567 10000 10000
9 498 10000 1131 812 1027 10000 418 10000 278
10 504 10000 10000 10000 1209 10000 10000 423 423
11 448 10000 10000 716 10000 10000 250 10000 10000
12 404 969 10000 646 10000 226 10000 10000 226
13 590 10000 10000 1416 10000 495 10000 330 10000
14 733 10000 1172 1372 1759 10000 615 410 410
15 366 10000 10000 10000 10000 10000 307 10000 10000
16 525 840 1049 1260 10000 10000 10000 10000 441
17 558 10000 1339 10000 1142 468 312 468 10000
18 347 797 10000 10000 10000 10000 10000 291 10000
19 607 1456 10000 10000 1456 432 10000 10000 10000
20 502 803 10000 1204 10000 10000 421 281 10000
21 508 812 10000 10000 10000 10000 284 426 284
22 372 892 10000 10000 10000 208 312 10000 215
23 507 10000 832 10000 10000 10000 425 10000 10000
24 326 10000 693 10000 521 273 182 10000 273
25 617 987 10000 10000 987 345 10000 518 10000
26 667 10000 10000 10000 10000 10000 10000 10000 10000
27 510 816 816 10000 10000 10000 10000 10000 10000
28 654 10000 10000 10000 10000 366 366 10000 366
29 421 10000 10000 807 1001 353 10000 10000 235
30 715 1144 10000 10000 1144 10000 10000 10000 10000
31 443 1036 1063 846 902 10000 10000 10000 372
32 540 1014 10000 1046 864 10000 453 10000 453
33 507 10000 1216 10000 10000 283 10000 425 10000
34 472 1132 10000 10000 10000 264 10000 10000 10000
35 559 10000 894 894 10000 10000 10000 10000 10000
36 214 342 10000 10000 10000 119 10000 10000 10000
37 641 10000 1079 1538 10000 10000 10000 358 10000
38 598 956 10000 10000 956 10000 10000 10000 334
39 496 961 803 793 1190 10000 10000 416 416
40 339 10000 542 10000 753 10000 244 10000 189
41 392 10000 940 10000 10000 10000 329 10000 300
42 540 10000 10000 10000 1296 453 10000 10000 10000
43 584 1401 1114 10000 10000 490 10000 10000 10000
44 421 739 10000 10000 10000 10000 235 10000 10000
45 692 1660 10000 10000 1107 581 10000 10000 581
46 747 10000 10000 10000 10000 627 627 418 10000
47 124 10000 10000 10000 198 10000 104 10000 10000
48 664 10000 10000 10000 10000 10000 371 10000 371
49 636 10000 10000 10000 1253 534 10000 10000 356
50 338 10000 10000 10000 540 10000 10000 10000 10000
51 604 10000 10000 10000 10000 507 507 507 507
52 609 10000 1091 10000 10000 10000 10000 10000 511
53 611 1466 977 10000 10000 10000 342 10000 10000
54 471 881 10000 1130 10000 10000 263 263 10000
55 760 1216 10000 10000 10000 425 492 10000 425
56 527 10000 10000 10000 1264 442 10000 10000 442
57 407 10000 10000 651 10000 227 341 10000 10000
58 414 10000 10000 725 10000 10000 10000 10000 315
59 473 10000 918 762 10000 397 393 10000 397
60 556 10000 1334 10000 1334 10000 432 10000 10000
61 658 10000 10000 1052 10000 10000 10000 10000 368
62 691 10000 10000 10000 10000 10000 386 10000 386
63 444 10000 10000 710 1065 10000 248 372 248
64 523 1255 10000 10000 10000 312 10000 292 10000
65 289 693 10000 10000 10000 10000 161 10000 10000
66 560 1344 902 10000 10000 10000 10000 10000 470
67 305 10000 10000 488 10000 256 10000 170 170
68 515 1236 832 10000 10000 288 294 288 432
69 495 10000 10000 793 10000 10000 10000 277 277
70 552 1324 10000 10000 908 10000 309 10000 463
71 563 10000 10000 900 1351 472 10000 10000 10000
72 622 10000 995 10000 995 10000 522 10000 10000
73 447 715 10000 10000 1072 10000 10000 375 10000
74 226 10000 542 10000 10000 10000 10000 10000 189
75 576 10000 10000 10000 10000 10000 10000 10000 10000
76 677 1446 1624 10000 10000 10000 379 379 568
77 538 10000 860 10000 860 10000 10000 10000 301
78 445 10000 10000 10000 712 10000 249 10000 10000
79 633 10000 10000 10000 10000 354 10000 476 354
80 421 10000 10000 10000 10000 10000 353 10000 235
81 627 1504 10000 1504 10000 10000 10000 526 10000
82 599 958 10000 958 10000 335 10000 335 10000
83 624 10000 10000 1002 1497 349 10000 10000 10000
84 402 10000 10000 10000 10000 10000 10000 10000 10000
85 574 10000 10000 10000 10000 321 10000 10000 482
86 384 921 614 921 10000 322 322 269 10000
87 283 10000 10000 10000 679 10000 158 10000 237
88 533 10000 855 10000 10000 10000 10000 313 10000
89 533 10000 852 852 10000 10000 447 298 10000
90 331 10000 10000 529 529 10000 224 185 10000
91 406 649 926 10000 10000 239 10000 227 341
92 557 10000 10000 10000 1040 10000 10000 404 10000
93 464 10000 742 1113 10000 10000 259 259 10000
94 508 10000 10000 10000 1011 426 10000 10000 10000
95 420 10000 744 672 902 10000 10000 352 10000
96 279 446 10000 10000 10000 10000 10000 10000 10000
97 337 10000 808 539 699 10000 283 10000 10000
98 368 707 10000 10000 883 309 309 220 10000
99 427 10000 10000 10000 1024 10000 239 10000 10000
100 350 10000 10000 560 560 10000 10000 10000 10000
<precedence relations>
1,6
1,8
2,5
2,6
2,7
2,8
2,9
3,5
3,6
3,7
3,8
3,9
4,5
4,6
4,7
4,8
4,9
5,10
5,11
5,12
6,10
7,10
7,11
7,12
8,10
8,11
8,12
9,10
9,11
9,12
10,13
10,14
10,15
11,13
11,14
11,15
12,13
12,14
12,15
13,16
13,17
13,18
14,16
14,17
14,18
15,16
15,17
15,18
16,19
16,20
16,21
16,22
17,19
17,20
17,21
17,22
18,19
18,20
18,21
18,22
19,23
19,24
19,25
20,23
20,24
20,25
21,23
21,24
21,25
22,23
22,24
22,25
23,26
23,27
23,28
24,26
24,27
24,28
25,26
25,27
25,28
26,29
27,29
28,29
29,30
29,31
29,32
29,33
30,34
30,35
30,36
30,37
31,34
31,35
31,36
31,37
32,34
32,35
32,36
32,37
33,34
33,35
34,38
34,39
34,40
35,54
36,38
36,39
36,40
37,39
38,41
39,41
39,42
40,41
41,43
41,44
42,43
42,44
43,45
43,46
44,45
44,46
44,47
45,67
46,48
46,50
47,48
47,49
47,50
48,51
48,52
48,54
49,64
49,67
50,51
50,52
50,53
50,54
51,55
51,56
52,55
52,56
53,55
53,56
54,55
54,56
55,57
55,58
55,59
55,60
55,61
56,57
56,58
56,59
56,60
57,62
57,64
57,67
58,64
58,65
58,75
59,62
59,63
60,62
61,67
61,68
62,68
62,79
64,66
65,67
66,69
66,71
66,80
67,71
67,72
67,76
68,70
68,73
69,74
70,76
71,77
71,85
72,74
72,81
73,75
73,76
73,77
73,82
74,79
74,88
76,78
76,80
76,85
77,86
78,83
78,89
78,94
79,82
79,83
79,84
79,85
79,86
79,91
80,81
80,84
81,88
82,90
84,87
84,92
84,95
85,89
85,97
86,87
86,90
86,99
87,94
88,91
88,92
89,93
91,97
92,97
93,95
93,99
94,96
95,98
97,99
97,100
<end>