<number of tasks>
100
<number of stations>
50
<order strength>
0.201
<type of the robots>
4
<robot flexibility>
0.20
<collaboration flexibility>
0.20
<number of robots>
3
3
2
2
<task times>
1 146 10000 10000 266 10000 10000 10000 10000 10000
2 28 10000 10000 54 10000 10000 10000 23 10000
3 249 10000 597 10000 10000 10000 10000 10000 209
4 30 10000 68 10000 48 10000 10000 18 10000
5 174 10000 10000 10000 278 97 10000 10000 10000
6 267 10000 10000 10000 10000 224 10000 196 10000
7 110 10000 10000 10000 10000 10000 10000 61 10000
8 268 579 10000 10000 10000 10000 10000 10000 10000
9 76 10000 10000 10000 182 10000 10000 10000 10000
10 98 10000 10000 10000 10000 82 10000 10000 10000
11 184 10000 10000 10000 10000 154 10000 10000 10000
12 122 292 10000 10000 10000 10000 10000 10000 10000
13 342 10000 10000 10000 10000 10000 10000 10000 10000
14 107 10000 10000 10000 10000 10000 10000 62 89
15 265 424 10000 10000 10000 10000 222 10000 148
16 25 60 10000 10000 10000 18 10000 21 15
17 56 10000 111 89 89 10000 10000 10000 10000
18 30 72 10000 10000 10000 10000 25 10000 10000
19 211 10000 506 10000 337 10000 10000 10000 10000
20 318 10000 10000 10000 10000 10000 10000 10000 10000
21 178 427 10000 10000 10000 10000 10000 10000 10000
22 169 10000 10000 10000 10000 10000 10000 141 10000
23 95 152 10000 10000 10000 10000 53 53 10000
24 242 10000 397 580 387 10000 10000 10000 10000
25 113 10000 240 271 10000 10000 10000 10000 10000
26 184 10000 10000 10000 10000 10000 10000 10000 103
27 123 196 10000 10000 10000 10000 10000 10000 10000
28 43 10000 10000 10000 103 10000 10000 10000 10000
29 27 10000 10000 10000 10000 10000 10000 10000 10000
30 378 10000 604 10000 10000 10000 10000 10000 10000
31 169 10000 10000 10000 10000 10000 10000 10000 10000
32 220 10000 10000 10000 528 123 184 10000 10000
33 190 10000 10000 368 10000 10000 10000 159 10000
34 420 719 10000 10000 10000 10000 352 10000 10000
35 244 10000 10000 10000 585 10000 10000 10000 10000
36 283 10000 10000 10000 452 10000 10000 10000 10000
37 169 10000 284 10000 10000 10000 10000 10000 10000
38 186 10000 10000 10000 446 104 10000 156 10000
39 304 10000 492 10000 10000 255 10000 170 10000
40 263 462 420 10000 10000 220 10000 10000 10000
41 47 10000 10000 10000 10000 10000 10000 10000 10000
42 528 10000 10000 10000 10000 443 10000 10000 295
43 601 10000 10000 10000 10000 10000 10000 10000 10000
44 254 10000 10000 10000 10000 10000 10000 10000 10000
45 240 10000 10000 10000 10000 10000 10000 10000 201
46 272 10000 10000 10000 435 10000 10000 10000 10000
47 194 10000 10000 10000 465 10000 10000 10000 108
48 124 10000 10000 10000 10000 10000 10000 10000 10000
49 78 10000 10000 10000 10000 10000 43 43 10000
50 515 10000 10000 10000 10000 10000 288 10000 10000
51 150 10000 10000 10000 10000 126 10000 84 10000
52 77 10000 10000 10000 10000 10000 10000 10000 64
53 48 115 10000 10000 10000 10000 40 10000 10000
54 422 10000 710 10000 10000 10000 10000 236 10000
55 68 10000 10000 163 10000 10000 57 10000 10000
56 77 10000 10000 10000 10000 10000 10000 43 10000
57 45 10000 10000 10000 72 10000 10000 10000 10000
58 181 10000 10000 10000 434 10000 10000 10000 10000
59 96 179 10000 10000 10000 10000 53 53 10000
60 237 10000 10000 10000 10000 10000 10000 10000 10000
61 115 10000 10000 10000 184 10000 10000 64 10000
62 556 10000 1326 889 10000 10000 10000 311 10000
63 69 10000 10000 10000 10000 10000 10000 10000 10000
64 217 347 10000 10000 347 10000 10000 10000 10000
65 61 146 10000 10000 146 10000 10000 10000 10000
66 21 10000 10000 10000 50 10000 10000 10000 10000
67 105 10000 10000 10000 168 10000 10000 10000 10000
68 171 324 275 10000 10000 10000 10000 10000 10000
69 608 10000 10000 1459 10000 10000 10000 10000 510
70 194 10000 10000 10000 10000 10000 10000 146 10000
71 194 10000 310 10000 310 10000 10000 162 108
72 389 836 622 10000 10000 326 10000 10000 10000
73 336 10000 10000 10000 10000 10000 192 10000 188
74 30 10000 10000 10000 10000 10000 16 10000 10000
75 168 10000 10000 10000 10000 10000 10000 94 10000
76 177 10000 10000 10000 10000 148 10000 10000 10000
77 101 10000 10000 10000 10000 10000 10000 10000 10000
78 104 10000 10000 249 10000 10000 58 10000 10000
79 173 10000 10000 10000 10000 10000 10000 10000 10000
80 57 10000 10000 114 10000 10000 10000 10000 10000
81 122 10000 10000 10000 10000 10000 10000 10000 10000
82 94 10000 10000 10000 10000 10000 52 10000 10000
83 200 10000 320 10000 474 10000 10000 10000 10000
84 558 10000 10000 10000 10000 10000 10000 10000 10000
85 290 10000 10000 10000 10000 10000 10000 10000 10000
86 198 10000 10000 10000 10000 10000 10000 110 10000
87 114 10000 273 182 10000 10000 63 10000 10000
88 164 393 10000 393 10000 10000 10000 91 10000
89 60 10000 136 10000 10000 10000 10000 10000 10000
90 193 10000 10000 10000 10000 162 108 10000 10000
91 55 132 10000 10000 10000 10000 46 10000 10000
92 114 265 10000 10000 10000 67 10000 10000 89
93 301 481 533 481 646 10000 10000 10000 252
94 196 377 10000 10000 470 164 10000 10000 164
95 447 10000 10000 847 10000 10000 10000 10000 10000
96 95 213 10000 10000 152 10000 10000 10000 53
97 330 10000 10000 10000 792 10000 277 10000 10000
98 194 10000 10000 310 10000 10000 108 10000 10000
99 101 10000 10000 10000 10000 10000 10000 10000 10000
100 396 10000 10000 10000 10000 10000 10000 332 10000
<precedence relations>
1,65
2,87
3,87
4,11
5,10
6,8
6,9
6,12
6,14
7,9
7,13
8,65
9,65
10,17
11,16
12,18
13,21
14,15
14,19
14,20
15,87
16,23
17,22
18,24
19,25
19,27
19,28
20,26
20,29
20,30
22,65
23,31
24,32
26,34
27,35
27,37
29,36
30,33
31,42
32,40
33,39
33,41
33,43
33,45
33,46
33,49
34,38
35,44
35,47
36,48
37,50
38,65
39,53
40,56
41,55
43,54
47,82
48,51
48,52
48,57
51,65
52,87
53,62
54,61
55,63
56,58
56,59
56,60
56,64
58,65
59,65
60,87
61,68
62,66
62,69
62,70
62,72
62,73
62,74
63,67
63,71
64,75
65,76
65,77
65,78
65,79
65,80
65,83
66,85
67,84
67,86
68,81
69,82
76,87
80,92
81,87
82,87
83,87
84,88
85,89
86,90
86,91
87,93
87,94
87,95
87,96
87,97
87,98
88,99
89,100
<end>