<number of tasks>
20
<number of stations>
5
<order strength>
0.800
<type of the robots>
4
<robot flexibility>
0.40
<collaboration flexibility>
0.40
<number of robots>
1
0
0
0
<task times>
1 288 533 691 10000 10000 10000 10000 10000 10000
2 376 802 601 660 10000 210 210 10000 210
3 505 10000 808 1212 10000 10000 10000 10000 423
4 527 941 10000 1158 1264 442 10000 10000 10000
5 110 10000 10000 10000 176 61 10000 92 92
6 206 10000 494 494 10000 10000 10000 10000 10000
7 28 10000 10000 10000 10000 10000 10000 10000 10000
8 51 10000 10000 10000 10000 10000 10000 42 10000
9 221 478 10000 530 10000 10000 10000 185 123
10 115 10000 10000 215 10000 10000 64 64 10000
11 119 10000 10000 10000 10000 10000 99 99 10000
12 168 10000 10000 268 10000 141 98 10000 10000
13 240 576 10000 576 10000 10000 201 10000 134
14 514 10000 822 822 10000 10000 10000 307 10000
15 146 10000 237 350 233 122 81 10000 10000
16 222 446 380 10000 10000 10000 10000 186 10000
17 43 10000 10000 103 10000 10000 10000 36 10000
18 502 803 973 1204 10000 10000 10000 10000 281
19 491 1178 1178 785 1178 274 274 412 10000
20 195 312 10000 10000 312 109 163 10000 163
<precedence relations>
1,4
1,5
2,5
3,4
4,6
5,6
6,7
6,8
6,9
8,11
8,13
9,10
9,11
10,12
10,13
11,12
12,16
13,14
13,15
14,18
15,17
15,18
16,17
16,18
17,19
18,20
<end>