<number of tasks>
100
<number of stations>
50
<order strength>
0.895
<type of the robots>
4
<robot flexibility>
0.40
<collaboration flexibility>
0.40
<number of robots>
5
5
5
5
<task times>
1 128 237 295 307 10000 71 10000 10000 10000
2 145 10000 10000 348 348 121 81 10000 10000
3 291 621 581 465 10000 10000 162 10000 10000
4 58 10000 10000 10000 92 32 10000 10000 10000
5 62 99 10000 148 10000 10000 52 10000 10000
6 230 10000 10000 10000 10000 193 10000 193 10000
7 159 365 381 10000 10000 10000 10000 10000 122
8 163 391 10000 391 391 136 91 101 91
9 80 10000 10000 154 10000 10000 10000 10000 10000
10 214 10000 351 342 10000 10000 10000 131 10000
11 173 347 367 415 276 10000 145 145 117
12 54 10000 128 86 10000 30 30 10000 10000
13 49 10000 10000 10000 10000 27 41 10000 10000
14 269 10000 10000 10000 10000 225 10000 150 150
15 166 265 10000 10000 10000 92 10000 10000 10000
16 73 175 10000 10000 10000 10000 10000 10000 61
17 206 10000 10000 494 329 10000 10000 173 173
18 151 241 10000 10000 10000 84 84 10000 10000
19 112 179 179 179 10000 10000 10000 10000 10000
20 57 10000 10000 136 136 10000 10000 10000 31
21 69 10000 10000 10000 10000 57 10000 10000 57
22 142 227 10000 227 10000 79 119 10000 10000
23 55 10000 10000 10000 124 32 46 30 42
24 72 10000 10000 10000 10000 10000 40 40 60
25 148 346 249 236 10000 124 10000 10000 10000
26 131 10000 10000 10000 10000 73 73 10000 10000
27 159 254 10000 10000 10000 10000 10000 10000 10000
28 79 10000 10000 126 126 44 66 44 66
29 77 10000 10000 184 10000 10000 56 10000 10000
30 224 10000 362 358 366 10000 10000 125 188
31 149 10000 284 251 238 96 125 10000 10000
32 136 10000 10000 10000 10000 114 76 10000 10000
33 158 10000 283 10000 10000 10000 10000 10000 10000
34 175 280 10000 280 420 146 146 98 10000
35 60 10000 10000 96 10000 10000 10000 10000 10000
36 161 10000 10000 10000 10000 10000 135 90 10000
37 160 281 10000 384 10000 10000 89 10000 10000
38 230 10000 541 392 10000 193 10000 10000 10000
39 137 10000 10000 10000 219 115 10000 10000 76
40 149 357 10000 305 10000 125 10000 125 10000
41 104 10000 179 10000 10000 87 10000 87 10000
42 42 10000 67 67 10000 10000 10000 10000 23
43 268 643 10000 10000 10000 10000 150 10000 10000
44 87 10000 10000 10000 10000 73 57 48 10000
45 93 174 180 10000 10000 10000 10000 10000 10000
46 236 10000 563 10000 566 10000 198 198 198
47 29 10000 10000 46 10000 10000 16 10000 16
48 68 108 144 136 10000 38 10000 10000 10000
49 77 10000 10000 145 10000 64 10000 43 10000
50 48 115 10000 76 115 10000 10000 26 40
51 83 132 10000 10000 199 10000 65 10000 10000
52 174 10000 10000 307 10000 104 97 10000 10000
53 127 10000 10000 10000 10000 106 71 10000 71
54 137 328 221 219 241 115 76 115 76
55 208 499 10000 10000 10000 174 10000 116 116
56 58 10000 10000 10000 139 32 34 48 32
57 237 568 10000 10000 10000 10000 10000 10000 199
58 123 10000 196 248 10000 10000 10000 68 10000
59 210 10000 504 398 504 10000 117 10000 10000
60 268 428 10000 10000 10000 225 225 10000 10000
61 77 164 10000 10000 123 10000 10000 10000 10000
62 26 10000 41 57 10000 10000 21 14 10000
63 27 10000 10000 10000 10000 10000 10000 15 10000
64 187 10000 10000 299 349 104 104 157 10000
65 55 10000 10000 132 122 30 10000 30 46
66 192 460 307 10000 10000 10000 10000 107 10000
67 113 10000 10000 10000 10000 63 63 10000 79
68 149 10000 10000 10000 238 83 125 10000 125
69 154 246 369 10000 10000 10000 86 10000 10000
70 41 98 65 84 85 10000 34 22 10000
71 111 177 177 10000 266 93 10000 93 93
72 80 10000 182 192 10000 47 55 44 10000
73 66 10000 10000 10000 158 10000 36 10000 10000
74 172 10000 275 10000 10000 10000 10000 10000 10000
75 53 10000 10000 10000 10000 10000 44 29 29
76 178 10000 10000 427 10000 10000 10000 149 10000
77 183 10000 324 10000 10000 10000 10000 10000 10000
78 210 10000 10000 10000 370 10000 10000 10000 10000
79 70 168 10000 10000 10000 10000 10000 39 10000
80 86 10000 10000 176 10000 10000 72 10000 10000
81 167 388 400 10000 400 10000 10000 140 10000
82 228 10000 416 10000 364 10000 127 10000 10000
83 128 204 250 10000 10000 71 10000 71 10000
84 161 10000 10000 302 10000 10000 135 10000 10000
85 82 157 10000 196 10000 10000 48 45 10000
86 215 10000 10000 344 344 180 158 10000 175
87 96 10000 230 10000 10000 80 10000 10000 10000
88 66 10000 10000 105 158 10000 10000 10000 10000
89 223 10000 412 10000 535 187 124 10000 10000
90 278 632 10000 444 542 10000 10000 233 10000
91 77 10000 10000 156 10000 10000 10000 10000 10000
92 29 69 10000 69 46 10000 10000 10000 10000
93 25 10000 10000 10000 10000 10000 10000 10000 14
94 284 645 10000 10000 454 10000 159 10000 159
95 142 10000 340 340 10000 10000 10000 10000 119
96 167 10000 10000 267 367 140 10000 93 10000
97 130 10000 10000 208 10000 10000 72 109 10000
98 21 33 39 50 33 10000 11 11 10000
99 128 307 10000 284 307 10000 10000 10000 10000
100 84 10000 201 10000 201 10000 10000 10000 10000
<precedence relations>
1,5
1,6
1,7
2,5
2,6
2,7
3,5
3,6
3,7
4,5
4,6
4,7
5,8
5,9
5,10
6,8
6,9
6,10
7,8
7,9
7,10
8,11
8,12
8,13
9,11
9,12
9,13
10,11
10,12
10,13
11,14
11,15
11,16
11,17
12,14
12,15
12,16
12,17
13,14
13,15
13,16
13,17
14,18
14,19
15,18
15,19
16,18
16,19
17,18
17,19
18,20
18,21
18,22
19,20
19,21
19,22
20,23
20,24
20,25
21,23
21,24
21,25
22,23
22,24
22,25
23,26
23,27
23,28
23,29
24,26
24,27
24,28
24,29
25,26
25,27
25,28
25,29
26,30
27,30
28,30
29,30
30,31
30,32
30,33
30,34
31,35
31,36
31,37
31,38
31,39
31,40
32,35
32,36
32,37
32,38
32,39
32,40
33,35
33,36
33,37
33,38
33,39
33,40
34,35
34,36
34,37
34,38
34,39
34,40
35,41
35,42
35,43
35,44
36,41
36,42
36,43
36,44
37,41
37,42
37,43
37,44
38,41
38,42
38,43
38,44
39,41
39,42
39,43
39,44
40,48
41,45
41,46
41,47
42,45
42,67
43,45
43,62
44,45
44,46
45,60
45,61
46,48
46,49
46,50
47,48
47,68
48,62
48,65
48,67
48,72
49,51
49,52
49,53
49,54
50,51
50,52
50,53
50,54
51,55
52,62
53,55
53,56
53,57
54,55
54,56
54,57
55,61
56,58
56,60
57,59
57,64
57,66
57,69
58,62
58,63
58,64
58,65
58,66
59,62
59,63
60,63
60,65
60,66
60,70
61,65
62,70
63,68
64,67
65,69
66,96
67,74
68,71
68,72
69,71
70,71
71,73
71,74
71,75
72,73
72,74
72,75
74,76
74,77
75,79
76,79
76,81
77,78
77,80
77,82
78,83
78,86
78,87
79,83
80,85
80,89
81,94
81,96
82,84
82,96
83,88
83,89
83,90
83,91
83,92
84,88
84,92
84,97
85,92
86,90
86,91
86,92
87,88
89,96
91,93
92,94
93,95
93,96
93,97
93,99
94,98
95,100
98,100
<end>