<number of tasks>
100
<number of stations>
50
<order strength>
0.200
<type of the robots>
4
<robot flexibility>
0.40
<collaboration flexibility>
0.40
<number of robots>
5
5
5
5
<task times>
1 400 10000 10000 10000 640 224 224 336 10000
2 521 10000 1250 833 10000 435 437 10000 10000
3 340 10000 10000 544 544 10000 10000 10000 10000
4 522 835 1252 10000 1252 292 10000 10000 10000
5 774 10000 1788 10000 10000 650 10000 10000 10000
6 622 10000 1243 10000 1273 348 10000 348 522
7 458 10000 10000 10000 10000 384 256 384 256
8 506 10000 10000 10000 1214 10000 283 290 10000
9 451 1082 1082 10000 10000 10000 10000 252 261
10 480 10000 10000 10000 768 10000 10000 10000 10000
11 552 10000 883 10000 883 463 10000 10000 463
12 577 1384 10000 1384 10000 410 484 10000 10000
13 325 520 10000 10000 10000 10000 182 10000 10000
14 497 10000 1192 1192 1182 10000 411 10000 278
15 323 10000 771 775 10000 10000 10000 271 10000
16 515 10000 10000 10000 824 288 288 10000 288
17 338 10000 10000 10000 10000 10000 283 283 10000
18 792 10000 1267 1267 10000 10000 10000 665 10000
19 545 10000 872 10000 1110 10000 10000 10000 457
20 508 10000 1119 974 10000 426 10000 10000 10000
21 447 10000 10000 10000 10000 10000 375 285 375
22 296 10000 10000 10000 473 10000 165 10000 10000
23 426 681 717 814 10000 10000 10000 10000 238
24 581 1394 10000 10000 10000 10000 10000 10000 488
25 227 10000 367 10000 10000 10000 10000 127 190
26 440 10000 704 1056 10000 246 317 369 369
27 165 264 10000 264 264 92 10000 10000 10000
28 719 10000 10000 10000 1150 603 10000 10000 603
29 692 10000 10000 10000 1427 10000 581 10000 10000
30 442 10000 1060 10000 1060 10000 270 10000 10000
31 459 734 734 10000 10000 10000 10000 10000 10000
32 466 745 10000 10000 745 10000 10000 10000 10000
33 496 10000 1131 10000 10000 277 10000 277 277
34 580 1356 10000 1392 10000 10000 324 10000 324
35 511 10000 10000 817 873 10000 10000 429 10000
36 742 1393 1780 10000 1742 10000 10000 10000 499
37 556 1334 10000 10000 889 10000 10000 10000 10000
38 646 10000 10000 10000 10000 361 542 10000 542
39 423 10000 10000 10000 10000 236 236 10000 10000
40 453 10000 10000 1087 10000 10000 10000 10000 10000
41 545 872 917 10000 10000 348 10000 10000 10000
42 509 10000 10000 814 10000 427 10000 285 10000
43 424 678 678 10000 1017 10000 10000 10000 10000
44 427 10000 10000 747 10000 10000 239 239 10000
45 527 10000 10000 849 10000 442 10000 10000 10000
46 456 801 10000 10000 10000 383 10000 10000 10000
47 584 10000 10000 10000 1401 490 10000 10000 10000
48 421 1010 817 10000 10000 10000 10000 10000 10000
49 385 10000 10000 10000 792 323 10000 10000 215
50 334 10000 797 10000 10000 10000 10000 10000 10000
51 723 1735 10000 10000 10000 10000 10000 10000 607
52 593 1423 10000 1423 1423 498 10000 10000 332
53 661 10000 10000 10000 10000 10000 428 370 370
54 501 10000 1066 10000 10000 10000 10000 10000 280
55 691 10000 1658 10000 1658 10000 10000 386 10000
56 401 10000 646 641 10000 10000 10000 224 10000
57 422 10000 10000 711 10000 10000 328 10000 10000
58 450 10000 10000 10000 1080 10000 10000 252 10000
59 574 918 10000 10000 10000 10000 321 10000 10000
60 481 1154 10000 10000 769 10000 10000 10000 10000
61 485 776 10000 776 10000 10000 10000 10000 10000
62 441 1058 10000 705 10000 253 10000 370 10000
63 504 806 10000 1209 10000 301 10000 282 10000
64 432 1036 10000 10000 1036 362 10000 10000 10000
65 488 1171 780 10000 780 10000 273 367 10000
66 709 1701 10000 1701 1166 10000 397 10000 595
67 385 10000 10000 10000 10000 323 10000 10000 323
68 367 10000 10000 10000 880 10000 210 10000 10000
69 459 734 10000 734 10000 385 10000 10000 257
70 598 10000 956 956 1435 10000 334 502 10000
71 463 1111 1111 10000 814 259 388 10000 10000
72 788 10000 10000 10000 1260 10000 10000 10000 10000
73 389 10000 10000 624 10000 10000 326 10000 10000
74 457 10000 10000 10000 10000 10000 10000 255 383
75 741 1185 1185 1482 10000 10000 414 10000 10000
76 434 10000 694 10000 694 10000 243 10000 10000
77 629 10000 1509 1186 10000 10000 10000 10000 352
78 632 1011 10000 10000 10000 529 530 10000 10000
79 551 10000 10000 881 1322 462 10000 10000 308
80 456 729 10000 805 1094 10000 255 255 383
81 443 10000 10000 708 10000 248 10000 372 372
82 339 542 544 686 10000 284 10000 189 189
83 489 10000 782 782 10000 10000 10000 10000 279
84 386 10000 10000 617 10000 10000 324 10000 324
85 663 10000 10000 10000 10000 371 448 10000 10000
86 417 10000 10000 10000 830 10000 350 350 10000
87 452 10000 776 856 971 10000 10000 10000 253
88 467 1120 1120 10000 10000 392 10000 10000 10000
89 548 1034 971 10000 10000 460 306 306 10000
90 308 10000 739 675 10000 172 10000 10000 239
91 483 10000 10000 10000 1159 10000 10000 405 10000
92 392 627 10000 10000 10000 245 10000 10000 329
93 507 1211 1083 811 10000 10000 283 283 10000
94 748 10000 10000 10000 10000 628 495 418 628
95 408 10000 10000 10000 10000 10000 10000 10000 10000
96 376 10000 10000 10000 601 315 10000 10000 210
97 563 1280 900 1351 10000 10000 472 10000 10000
98 518 10000 1051 1068 10000 435 10000 290 435
99 438 10000 10000 1051 10000 10000 252 367 245
100 435 10000 709 10000 10000 10000 10000 10000 243
<precedence relations>
1,10
2,11
3,29
4,14
4,73
4,100
5,46
5,52
5,60
6,14
6,15
7,14
7,30
7,58
7,62
8,12
8,24
8,39
9,13
10,16
11,19
12,17
12,18
12,47
12,61
13,21
13,24
14,23
14,31
15,20
15,22
16,26
17,27
18,28
19,25
20,52
20,61
20,91
21,31
21,33
22,29
22,30
22,32
22,65
23,52
23,72
23,98
24,94
25,35
26,34
27,36
28,37
29,63
30,44
31,38
31,98
32,58
32,83
32,97
33,39
34,40
35,41
36,42
37,43
38,46
38,47
38,61
38,84
39,44
39,45
39,99
40,50
41,48
42,49
43,51
44,54
44,55
45,52
46,53
47,64
48,56
49,58
50,57
51,59
51,62
51,64
52,59
52,85
53,65
54,60
55,61
55,63
56,70
57,67
58,66
58,69
59,68
60,71
60,73
60,97
61,93
62,72
63,92
64,94
66,74
67,75
68,76
69,77
70,78
71,80
72,79
72,81
72,82
72,83
72,84
73,85
74,90
75,91
76,86
77,92
78,87
79,88
80,89
81,93
84,94
86,96
87,96
88,97
89,96
90,95
91,98
92,100
94,99
<end>