<number of tasks>
20
<number of stations>
5
<order strength>
0.200
<type of the robots>
4
<robot flexibility>
0.20
<collaboration flexibility>
0.20
<number of robots>
1
0
0
0
<task times>
1 155 10000 248 10000 10000 86 10000 130 86
2 128 273 307 10000 10000 107 10000 10000 10000
3 167 10000 10000 10000 10000 10000 93 10000 10000
4 66 10000 10000 10000 105 10000 10000 10000 10000
5 212 10000 10000 10000 452 10000 10000 178 10000
6 159 10000 254 254 10000 10000 10000 10000 10000
7 75 10000 10000 10000 10000 10000 10000 10000 10000
8 168 10000 268 10000 403 94 10000 94 10000
9 70 10000 10000 10000 112 58 10000 58 10000
10 126 10000 10000 10000 10000 105 10000 10000 10000
11 22 52 10000 10000 35 10000 18 10000 10000
12 186 10000 318 352 10000 133 104 10000 10000
13 267 10000 10000 10000 10000 10000 10000 10000 149
14 69 10000 10000 10000 10000 10000 10000 10000 10000
15 302 10000 724 10000 483 10000 10000 10000 10000
16 192 307 10000 10000 10000 161 10000 10000 10000
17 99 158 10000 10000 237 10000 55 10000 55
18 218 10000 10000 10000 10000 10000 10000 183 10000
19 131 10000 10000 314 10000 10000 10000 10000 10000
20 101 161 10000 10000 10000 10000 10000 10000 10000
<precedence relations>
1,5
1,7
1,9
2,6
2,8
8,11
8,12
8,13
9,10
13,14
13,15
13,16
14,17
14,18
14,19
14,20
<end>