<number of tasks>
100
<number of stations>
50
<order strength>
0.895
<type of the robots>
4
<robot flexibility>
0.20
<collaboration flexibility>
0.20
<number of robots>
3
3
2
2
<task times>
1 216 10000 10000 352 10000 10000 10000 10000 10000
2 132 10000 10000 316 10000 10000 10000 10000 73
3 90 10000 144 10000 10000 10000 50 10000 10000
4 232 10000 556 10000 10000 10000 10000 10000 10000
5 187 10000 10000 10000 10000 10000 10000 10000 10000
6 53 10000 10000 98 10000 10000 10000 10000 10000
7 123 10000 10000 10000 295 10000 10000 10000 10000
8 107 10000 10000 10000 10000 10000 10000 10000 59
9 104 10000 10000 10000 10000 58 10000 10000 10000
10 295 10000 10000 472 10000 10000 247 10000 10000
11 67 10000 10000 10000 160 56 10000 10000 10000
12 167 10000 10000 10000 267 10000 10000 10000 140
13 90 144 10000 10000 10000 10000 10000 75 10000
14 125 287 10000 10000 10000 10000 10000 10000 70
15 75 10000 10000 10000 10000 10000 10000 10000 10000
16 159 10000 10000 381 10000 113 10000 89 133
17 52 124 10000 10000 10000 10000 10000 10000 10000
18 244 10000 10000 10000 10000 10000 204 10000 10000
19 131 209 10000 10000 10000 110 10000 10000 73
20 95 10000 10000 10000 10000 10000 53 10000 10000
21 72 172 10000 10000 10000 10000 40 45 10000
22 28 10000 10000 10000 10000 10000 10000 10000 19
23 280 10000 672 10000 10000 10000 10000 10000 10000
24 183 10000 439 10000 429 102 10000 10000 102
25 84 10000 10000 10000 10000 10000 47 10000 10000
26 191 10000 10000 458 10000 10000 10000 10000 10000
27 198 10000 316 316 10000 110 10000 10000 10000
28 171 10000 10000 10000 10000 10000 10000 95 10000
29 158 10000 10000 10000 10000 10000 10000 10000 10000
30 34 10000 10000 10000 10000 10000 28 28 10000
31 205 10000 10000 10000 354 114 10000 114 10000
32 196 10000 10000 10000 10000 10000 10000 10000 10000
33 202 10000 385 10000 10000 10000 10000 10000 10000
34 211 10000 10000 10000 10000 10000 10000 10000 10000
35 209 10000 10000 10000 473 117 10000 10000 10000
36 121 10000 10000 10000 10000 10000 67 67 10000
37 303 10000 10000 10000 10000 169 10000 10000 231
38 89 10000 10000 10000 10000 10000 10000 10000 10000
39 48 10000 10000 10000 115 10000 10000 10000 10000
40 42 10000 10000 67 10000 10000 10000 10000 10000
41 155 10000 372 10000 10000 10000 10000 10000 10000
42 108 10000 10000 10000 10000 10000 10000 10000 10000
43 146 10000 10000 246 10000 10000 122 10000 81
44 170 10000 293 272 10000 95 95 10000 10000
45 230 10000 10000 368 10000 10000 10000 10000 10000
46 128 10000 10000 10000 10000 10000 10000 10000 10000
47 89 10000 10000 10000 10000 10000 10000 10000 10000
48 82 10000 10000 131 196 10000 10000 45 10000
49 275 10000 10000 10000 10000 10000 10000 10000 10000
50 44 105 10000 10000 10000 10000 10000 10000 10000
51 157 10000 374 10000 10000 87 10000 10000 10000
52 122 10000 10000 10000 10000 10000 79 10000 68
53 181 10000 385 10000 10000 10000 152 10000 10000
54 172 10000 10000 10000 10000 10000 10000 144 10000
55 70 10000 10000 112 112 10000 10000 10000 10000
56 81 10000 10000 10000 10000 10000 10000 45 10000
57 246 460 393 10000 10000 10000 10000 10000 206
58 252 477 10000 10000 10000 211 10000 10000 10000
59 163 10000 10000 10000 10000 10000 91 91 10000
60 115 10000 10000 10000 10000 10000 10000 10000 10000
61 138 10000 10000 10000 10000 10000 10000 10000 10000
62 22 10000 10000 10000 35 10000 10000 10000 10000
63 56 10000 10000 10000 10000 10000 10000 10000 10000
64 70 150 113 10000 10000 10000 10000 10000 10000
65 84 10000 10000 10000 10000 10000 10000 10000 10000
66 216 10000 10000 346 10000 10000 10000 10000 120
67 78 10000 10000 124 10000 10000 10000 10000 10000
68 105 10000 10000 185 10000 10000 10000 10000 10000
69 86 10000 10000 10000 137 10000 49 10000 10000
70 57 10000 10000 91 91 10000 10000 31 10000
71 185 10000 10000 10000 10000 103 10000 10000 10000
72 85 10000 10000 10000 10000 10000 10000 10000 71
73 194 10000 10000 10000 10000 162 10000 108 10000
74 249 10000 10000 10000 10000 10000 139 10000 10000
75 107 10000 10000 234 10000 10000 10000 89 10000
76 147 235 10000 10000 352 10000 10000 82 10000
77 196 10000 10000 10000 10000 10000 10000 164 10000
78 111 10000 10000 10000 10000 10000 62 10000 64
79 177 10000 10000 10000 419 10000 148 10000 10000
80 222 10000 10000 10000 10000 124 10000 10000 10000
81 199 10000 10000 10000 442 10000 111 10000 10000
82 59 10000 10000 94 10000 33 33 10000 10000
83 122 10000 292 10000 10000 10000 10000 10000 10000
84 114 10000 10000 10000 227 10000 10000 10000 89
85 115 10000 10000 10000 10000 10000 10000 10000 10000
86 33 10000 10000 10000 70 10000 10000 10000 10000
87 38 10000 10000 91 10000 10000 10000 10000 10000
88 177 10000 10000 10000 10000 148 10000 99 10000
89 29 10000 10000 10000 10000 18 10000 10000 10000
90 101 161 10000 10000 242 10000 56 84 10000
91 238 10000 10000 10000 10000 199 10000 10000 199
92 51 10000 10000 10000 10000 10000 10000 10000 10000
93 182 10000 10000 10000 291 101 10000 10000 10000
94 127 10000 271 10000 10000 10000 10000 10000 71
95 60 10000 10000 10000 10000 10000 10000 10000 10000
96 128 10000 10000 10000 10000 10000 107 10000 10000
97 147 10000 10000 10000 10000 123 123 82 10000
98 207 10000 405 10000 10000 10000 10000 10000 10000
99 91 10000 10000 10000 10000 10000 10000 10000 76
100 238 571 10000 10000 10000 10000 10000 10000 10000
<precedence relations>
1,16
1,17
2,4
2,5
2,6
3,4
3,5
3,6
4,7
4,8
5,7
5,8
5,10
6,9
7,11
7,13
8,11
8,12
8,13
9,11
9,12
9,13
10,11
10,12
10,13
11,14
11,15
11,16
11,17
12,14
12,15
12,16
12,17
13,14
13,15
13,21
14,18
14,19
15,23
15,24
15,27
16,19
16,20
16,21
17,18
17,19
17,20
17,21
18,22
18,23
18,24
18,25
19,22
19,23
19,25
20,22
20,23
20,24
20,27
21,22
21,23
21,24
22,32
23,26
23,29
24,26
24,28
24,29
25,26
25,27
25,28
25,29
26,30
27,68
27,69
28,30
28,31
29,30
29,31
30,32
30,33
30,34
31,32
31,33
31,34
32,35
32,36
32,37
32,38
33,35
33,36
33,37
33,38
34,35
34,36
34,37
34,38
35,39
35,40
36,39
37,52
38,39
38,40
39,42
39,43
40,41
40,43
41,45
41,46
42,44
42,46
43,44
43,45
43,46
44,47
44,48
44,49
44,50
45,47
45,48
46,48
47,51
47,52
48,51
48,56
49,51
49,52
49,53
50,51
50,52
50,53
51,54
51,55
51,57
52,54
52,55
52,57
53,55
53,56
53,57
54,58
54,68
54,69
55,58
55,60
55,61
55,62
56,60
57,59
57,65
58,65
58,67
59,62
60,64
60,68
61,63
62,66
62,67
62,68
62,69
63,66
63,67
63,68
64,66
64,67
64,69
65,66
65,74
66,70
66,79
66,80
67,70
67,82
68,84
68,86
68,87
69,70
69,71
70,76
71,72
71,73
71,74
72,76
72,77
73,75
73,76
73,78
74,78
75,79
75,88
76,81
78,80
79,82
80,85
81,83
81,84
81,85
82,99
83,97
84,88
85,86
85,87
86,90
86,91
86,95
87,89
87,92
87,94
88,93
89,95
89,98
90,94
92,96
93,94
93,96
93,97
94,98
94,99
95,99
95,100
97,98
97,100
<end>