<number of tasks>
100
<number of stations>
25
<order strength>
0.895
<type of the robots>
4
<robot flexibility>
0.00
<collaboration flexibility>
0.00
<number of robots>
0
0
0
0
<task times>
1 461 10000 10000 10000 10000 10000 10000 10000 10000
2 326 10000 10000 10000 10000 10000 10000 10000 10000
3 176 10000 10000 10000 422 10000 10000 10000 10000
4 26 10000 10000 10000 41 10000 10000 14 20
5 183 10000 10000 10000 10000 10000 153 153 106
6 130 10000 10000 10000 10000 10000 10000 10000 109
7 49 10000 10000 10000 10000 10000 10000 27 10000
8 190 10000 10000 10000 304 10000 10000 10000 159
9 320 10000 768 10000 512 10000 268 179 10000
10 280 10000 10000 524 10000 10000 10000 10000 10000
11 155 10000 309 372 248 86 10000 10000 10000
12 85 10000 10000 10000 10000 10000 71 47 71
13 503 10000 10000 941 10000 422 281 10000 10000
14 76 10000 10000 10000 10000 42 10000 10000 10000
15 80 10000 10000 10000 10000 10000 10000 10000 10000
16 330 10000 10000 10000 10000 10000 10000 10000 10000
17 155 10000 10000 372 10000 10000 86 10000 10000
18 229 10000 10000 10000 10000 10000 10000 10000 10000
19 114 10000 10000 10000 182 10000 10000 10000 10000
20 33 10000 10000 10000 79 10000 10000 10000 27
21 493 10000 10000 10000 1095 10000 10000 10000 10000
22 222 10000 10000 10000 10000 10000 10000 10000 124
23 48 10000 10000 10000 10000 10000 10000 10000 37
24 70 10000 10000 10000 10000 10000 10000 10000 10000
25 61 10000 10000 10000 10000 10000 10000 10000 10000
26 90 10000 144 216 10000 10000 10000 10000 10000
27 67 107 160 160 10000 48 10000 10000 10000
28 155 10000 10000 297 10000 86 10000 10000 86
29 276 10000 441 527 10000 231 10000 10000 10000
30 248 10000 10000 10000 10000 10000 10000 208 10000
31 529 10000 10000 10000 10000 10000 10000 10000 10000
32 54 10000 10000 86 10000 10000 10000 10000 10000
33 505 10000 10000 10000 10000 10000 10000 282 10000
34 31 10000 10000 10000 10000 10000 10000 10000 10000
35 249 398 10000 10000 10000 10000 10000 10000 168
36 160 10000 10000 256 10000 10000 10000 10000 10000
37 519 10000 10000 10000 10000 10000 10000 435 10000
38 68 10000 10000 10000 108 10000 10000 38 10000
39 37 10000 10000 10000 10000 10000 10000 10000 10000
40 285 10000 10000 10000 10000 10000 10000 10000 10000
41 512 10000 10000 1228 1228 10000 286 10000 10000
42 223 10000 10000 10000 10000 10000 10000 124 10000
43 59 10000 10000 10000 10000 33 10000 10000 33
44 330 528 10000 10000 10000 191 10000 10000 10000
45 139 325 222 10000 10000 10000 101 10000 10000
46 78 127 10000 124 160 10000 10000 10000 65
47 42 10000 10000 10000 10000 10000 10000 23 10000
48 215 344 410 10000 10000 10000 10000 10000 10000
49 67 10000 10000 107 10000 10000 10000 10000 37
50 371 593 10000 625 10000 10000 10000 10000 10000
51 126 10000 225 10000 10000 10000 105 10000 10000
52 348 10000 10000 10000 835 10000 10000 10000 10000
53 154 369 10000 10000 10000 129 10000 10000 129
54 188 10000 10000 10000 10000 10000 10000 10000 10000
55 572 1372 10000 10000 10000 320 10000 10000 10000
56 253 555 10000 10000 10000 10000 141 10000 10000
57 310 10000 535 10000 744 10000 10000 10000 10000
58 557 10000 10000 891 10000 10000 10000 311 10000
59 175 420 10000 10000 10000 146 10000 10000 98
60 219 350 10000 10000 10000 10000 10000 122 10000
61 139 333 10000 237 10000 80 10000 10000 10000
62 57 10000 110 10000 10000 10000 10000 10000 10000
63 187 299 446 10000 10000 10000 120 10000 104
64 130 10000 10000 312 10000 10000 10000 10000 10000
65 74 10000 10000 10000 10000 10000 58 10000 10000
66 260 10000 10000 10000 416 218 10000 10000 10000
67 496 10000 10000 10000 10000 296 10000 10000 10000
68 195 10000 312 468 10000 10000 10000 137 10000
69 263 10000 10000 420 10000 10000 10000 10000 220
70 306 734 10000 10000 734 257 171 10000 10000
71 34 10000 63 10000 10000 10000 10000 10000 28
72 124 198 10000 10000 10000 10000 10000 69 10000
73 262 10000 10000 462 10000 146 10000 10000 10000
74 180 10000 10000 10000 10000 10000 10000 10000 10000
75 128 307 204 10000 204 10000 10000 10000 10000
76 277 10000 664 10000 10000 10000 155 10000 232
77 150 10000 10000 10000 10000 10000 10000 10000 10000
78 169 10000 10000 270 10000 10000 10000 10000 10000
79 399 10000 638 10000 10000 10000 10000 289 10000
80 115 10000 10000 10000 10000 96 10000 10000 10000
81 448 10000 10000 849 962 10000 10000 10000 10000
82 47 10000 112 10000 10000 10000 10000 10000 37
83 51 10000 122 111 10000 28 10000 10000 10000
84 193 10000 10000 10000 10000 10000 10000 10000 10000
85 58 10000 93 10000 10000 10000 10000 10000 10000
86 125 10000 10000 10000 10000 10000 10000 10000 105
87 104 249 10000 10000 10000 10000 10000 87 10000
88 290 464 464 696 10000 10000 243 162 162
89 158 379 10000 10000 252 10000 10000 10000 10000
90 507 10000 811 10000 1216 10000 343 10000 10000
91 177 10000 10000 10000 10000 10000 10000 10000 10000
92 542 10000 931 1300 10000 10000 10000 10000 440
93 593 10000 1423 10000 10000 10000 10000 332 332
94 132 10000 10000 10000 10000 10000 10000 10000 10000
95 129 10000 10000 206 10000 10000 72 72 10000
96 487 10000 1040 10000 10000 10000 409 10000 10000
97 79 10000 10000 10000 10000 10000 10000 10000 10000
98 71 159 10000 10000 10000 10000 10000 39 39
99 25 60 10000 10000 40 10000 10000 10000 10000
100 118 10000 188 10000 10000 10000 10000 99 10000
<precedence relations>
1,4
1,5
1,6
2,4
2,5
2,6
3,4
3,5
4,7
4,8
4,9
5,7
5,8
5,9
6,7
6,8
7,10
7,11
7,12
7,13
8,11
8,12
8,13
9,10
9,11
9,12
9,13
10,14
10,15
10,16
10,17
11,14
11,15
11,16
11,17
12,14
12,15
12,16
12,17
13,14
13,15
13,16
13,17
14,18
14,19
14,20
14,21
14,22
15,18
15,19
15,20
15,21
15,22
16,18
16,19
16,20
16,21
16,22
17,18
17,19
17,21
18,23
19,23
19,24
19,25
19,26
20,30
20,32
21,23
21,24
21,26
22,23
22,24
22,25
22,26
23,27
23,28
24,27
24,33
25,27
25,28
26,27
26,28
27,29
27,31
27,36
28,29
28,30
28,31
28,32
29,34
29,35
29,37
30,33
30,34
30,35
30,36
30,37
31,37
31,39
32,33
32,39
33,38
33,40
34,40
35,38
35,39
35,40
36,38
36,39
36,40
37,38
37,40
38,41
38,42
38,43
39,41
39,42
39,43
40,41
40,42
40,43
41,44
41,45
41,46
42,44
42,45
42,46
43,44
43,45
43,46
44,70
45,47
45,48
45,49
46,47
46,48
47,70
48,51
48,52
49,50
49,51
49,52
50,53
50,54
50,55
51,53
51,54
51,55
52,53
52,54
52,55
53,57
54,56
54,66
55,56
56,60
57,58
57,59
57,60
58,61
58,62
58,63
59,61
59,62
59,63
60,61
61,64
61,65
61,67
62,67
62,70
63,64
63,65
63,66
63,67
64,68
64,69
64,70
64,71
65,68
65,69
65,71
66,70
66,75
67,71
67,73
67,84
68,75
69,74
69,76
69,80
70,72
70,73
70,76
70,79
71,75
72,93
73,77
73,81
74,79
75,78
75,83
75,85
76,78
76,94
77,80
78,81
79,82
80,94
80,100
82,83
82,84
82,85
83,87
83,88
83,90
84,90
85,86
85,89
86,97
87,92
87,94
87,99
88,91
88,93
88,100
91,96
92,95
92,97
94,97
95,100
96,98
96,99
<end>