<number of tasks>
50
<number of stations>
25
<order strength>
0.200
<type of the robots>
4
<robot flexibility>
0.40
<collaboration flexibility>
0.40
<number of robots>
3
3
2
2
<task times>
1 29 53 69 10000 10000 10000 16 24 10000
2 165 10000 10000 394 264 10000 138 92 10000
3 259 552 10000 10000 10000 145 10000 10000 145
4 194 10000 10000 310 310 162 108 10000 108
5 154 10000 10000 10000 287 86 129 10000 129
6 69 110 129 110 110 10000 10000 10000 38
7 244 560 10000 10000 10000 204 136 10000 10000
8 175 420 10000 10000 420 10000 10000 146 98
9 92 10000 10000 10000 10000 77 10000 10000 10000
10 176 353 10000 10000 10000 10000 147 10000 98
11 256 409 485 10000 614 10000 10000 215 143
12 111 10000 10000 10000 266 62 10000 62 93
13 191 10000 10000 10000 10000 10000 10000 10000 10000
14 46 110 98 10000 73 25 38 25 25
15 77 10000 184 169 184 10000 10000 43 10000
16 135 216 324 216 266 113 113 98 75
17 97 155 10000 10000 10000 10000 10000 10000 81
18 40 10000 64 10000 10000 10000 10000 33 22
19 210 10000 10000 10000 10000 10000 117 128 10000
20 136 10000 326 326 233 10000 10000 10000 10000
21 126 10000 201 201 302 10000 10000 10000 10000
22 124 10000 10000 10000 219 10000 10000 10000 10000
23 231 10000 369 10000 554 10000 194 10000 10000
24 86 137 206 196 183 72 48 10000 48
25 79 10000 126 10000 10000 10000 44 10000 10000
26 355 568 10000 10000 10000 10000 298 198 10000
27 151 10000 362 10000 10000 10000 84 10000 10000
28 30 10000 56 72 48 10000 10000 25 10000
29 176 281 422 296 422 98 10000 10000 10000
30 56 10000 10000 89 104 33 31 10000 10000
31 152 10000 10000 10000 10000 10000 10000 10000 10000
32 93 10000 216 10000 188 78 10000 10000 62
33 177 10000 283 10000 10000 10000 10000 10000 10000
34 93 10000 10000 10000 151 10000 58 10000 78
35 104 243 10000 201 10000 58 10000 10000 10000
36 60 96 10000 10000 10000 10000 50 10000 34
37 30 10000 71 10000 10000 10000 10000 10000 16
38 211 337 480 337 10000 10000 10000 118 118
39 117 226 280 227 280 65 10000 10000 10000
40 122 10000 277 10000 10000 10000 102 10000 10000
41 61 146 97 10000 114 51 51 10000 10000
42 39 10000 93 10000 10000 10000 10000 10000 10000
43 127 223 10000 303 203 10000 71 10000 10000
44 255 612 589 542 573 214 179 214 214
45 287 10000 10000 595 688 241 241 160 10000
46 285 10000 10000 10000 10000 239 159 10000 10000
47 78 10000 10000 10000 124 10000 10000 10000 10000
48 21 10000 10000 10000 10000 17 17 10000 17
49 250 10000 400 400 600 210 140 10000 155
50 157 10000 376 10000 376 10000 10000 10000 96
<precedence relations>
1,8
2,10
3,11
4,7
4,9
5,12
5,14
6,13
6,15
6,16
7,17
8,22
9,18
10,20
11,22
12,21
13,19
14,23
17,26
18,26
19,24
20,25
21,26
23,27
23,28
24,29
25,30
26,31
26,32
26,47
27,32
27,34
28,33
28,35
29,36
30,38
31,37
32,40
32,42
34,41
35,39
36,43
37,43
38,44
38,47
39,45
39,46
42,46
44,49
46,50
47,48
<end>