<number of tasks>
50
<number of stations>
25
<order strength>
0.199
<type of the robots>
4
<robot flexibility>
0.20
<collaboration flexibility>
0.20
<number of robots>
2
1
1
1
<task times>
1 412 10000 10000 10000 10000 10000 10000 10000 10000
2 377 804 10000 10000 10000 10000 10000 10000 293
3 292 521 546 10000 10000 245 10000 10000 10000
4 308 10000 10000 10000 10000 10000 10000 10000 10000
5 429 928 686 10000 10000 10000 10000 10000 10000
6 411 10000 10000 821 10000 10000 345 10000 10000
7 512 10000 10000 10000 10000 10000 10000 10000 10000
8 445 10000 10000 10000 10000 10000 10000 10000 10000
9 458 10000 10000 10000 10000 10000 10000 10000 256
10 689 1583 10000 10000 10000 578 578 10000 10000
11 684 10000 1297 10000 1102 10000 10000 10000 10000
12 411 10000 10000 10000 10000 10000 10000 10000 10000
13 339 10000 10000 10000 10000 10000 10000 10000 10000
14 395 10000 948 10000 10000 10000 10000 10000 10000
15 412 10000 10000 10000 10000 10000 10000 10000 346
16 512 10000 10000 10000 10000 286 10000 10000 10000
17 321 513 770 10000 10000 10000 10000 10000 10000
18 510 10000 10000 10000 1224 10000 10000 10000 285
19 574 10000 918 1220 10000 10000 10000 10000 10000
20 629 10000 10000 10000 10000 10000 10000 10000 10000
21 651 10000 10000 10000 10000 10000 10000 10000 10000
22 524 10000 10000 10000 10000 10000 10000 10000 10000
23 481 769 1154 10000 10000 10000 269 269 10000
24 519 10000 10000 10000 10000 10000 10000 10000 10000
25 502 803 10000 1204 1204 10000 10000 10000 10000
26 467 10000 10000 747 10000 10000 10000 10000 10000
27 565 10000 904 10000 10000 316 10000 10000 10000
28 662 1059 10000 10000 10000 384 10000 10000 10000
29 414 968 662 670 10000 10000 10000 347 10000
30 586 10000 937 10000 937 10000 492 422 10000
31 269 10000 10000 10000 645 10000 10000 10000 10000
32 504 821 10000 10000 10000 10000 282 10000 423
33 421 10000 10000 10000 10000 10000 10000 235 235
34 479 10000 1149 10000 10000 10000 268 402 10000
35 557 10000 10000 10000 956 10000 348 10000 10000
36 517 10000 10000 10000 10000 10000 10000 10000 10000
37 438 10000 10000 10000 10000 10000 245 10000 10000
38 559 10000 1253 10000 10000 10000 10000 313 10000
39 477 10000 10000 10000 10000 10000 10000 10000 10000
40 541 10000 10000 10000 10000 10000 10000 10000 10000
41 462 10000 10000 10000 739 10000 10000 10000 10000
42 933 1808 10000 10000 10000 10000 10000 783 10000
43 558 10000 10000 10000 10000 10000 10000 10000 10000
44 380 10000 10000 10000 10000 10000 10000 10000 10000
45 497 10000 10000 10000 10000 10000 10000 10000 278
46 362 10000 10000 10000 10000 10000 10000 301 10000
47 479 841 1089 10000 10000 10000 10000 10000 402
48 531 1274 1274 10000 10000 10000 10000 10000 10000
49 683 1500 1639 10000 1386 10000 10000 10000 392
50 535 1284 10000 10000 10000 10000 10000 10000 10000
<precedence relations>
3,12
3,13
4,10
6,41
8,11
9,43
10,15
10,16
11,14
11,17
11,18
14,37
15,21
16,19
17,20
18,29
18,48
19,23
19,25
20,26
20,28
20,31
21,22
21,24
21,27
21,29
21,30
22,34
23,38
23,44
23,49
26,32
26,33
26,34
27,32
27,37
28,35
28,39
28,44
31,36
31,47
33,41
33,42
34,40
34,45
36,43
37,44
38,45
40,49
42,50
43,46
44,47
45,48
<end>