<number of tasks>
20
<number of stations>
10
<order strength>
0.200
<type of the robots>
4
<robot flexibility>
0.40
<collaboration flexibility>
0.40
<number of robots>
1
1
1
1
<task times>
1 457 847 10000 10000 10000 10000 10000 383 383
2 670 10000 1072 10000 10000 10000 10000 10000 562
3 413 10000 991 10000 991 231 10000 10000 10000
4 429 915 10000 1029 10000 360 240 360 10000
5 452 10000 10000 10000 10000 10000 379 10000 253
6 579 10000 10000 10000 1389 324 10000 486 486
7 438 700 10000 1051 700 10000 10000 10000 10000
8 623 10000 10000 10000 10000 523 10000 10000 348
9 510 10000 816 10000 1089 10000 10000 10000 285
10 648 10000 10000 10000 1555 544 10000 544 10000
11 272 625 10000 10000 435 194 10000 10000 10000
12 533 1279 10000 10000 10000 298 309 298 10000
13 211 10000 343 10000 10000 10000 177 177 10000
14 448 10000 10000 838 10000 376 10000 10000 10000
15 433 10000 10000 10000 10000 242 242 242 10000
16 549 10000 940 10000 10000 10000 10000 461 10000
17 494 790 957 10000 10000 414 276 276 10000
18 393 10000 10000 10000 10000 220 330 330 220
19 496 793 1190 10000 1190 10000 10000 296 10000
20 449 10000 788 10000 10000 251 377 377 251
<precedence relations>
1,4
2,6
3,5
3,7
3,8
3,9
4,10
5,11
6,12
7,13
7,14
8,15
10,16
11,17
12,17
13,18
16,19
18,20
<end>