<number of tasks>
50
<number of stations>
25
<order strength>
0.200
<type of the robots>
4
<robot flexibility>
0.40
<collaboration flexibility>
0.40
<number of robots>
3
3
2
2
<task times>
1 51 10000 10000 10000 99 29 42 42 42
2 70 10000 122 10000 145 58 10000 10000 39
3 63 10000 10000 10000 10000 10000 52 52 35
4 173 276 10000 415 10000 10000 10000 145 10000
5 37 10000 10000 10000 59 20 10000 10000 20
6 89 10000 213 213 143 10000 10000 10000 51
7 59 141 10000 10000 10000 10000 49 33 33
8 209 334 501 10000 10000 175 10000 175 175
9 200 10000 480 10000 10000 168 10000 10000 10000
10 138 10000 331 10000 220 99 77 115 10000
11 97 10000 10000 10000 232 10000 81 68 54
12 162 10000 303 10000 388 136 10000 10000 10000
13 258 10000 412 412 412 10000 10000 216 10000
14 161 10000 386 257 10000 10000 10000 90 90
15 183 420 10000 10000 292 102 10000 10000 153
16 177 10000 10000 424 10000 10000 10000 10000 148
17 70 112 10000 10000 10000 10000 10000 58 39
18 108 10000 172 10000 173 10000 10000 10000 90
19 171 410 10000 10000 273 10000 102 10000 116
20 85 10000 204 10000 10000 10000 10000 10000 71
21 286 10000 10000 10000 10000 10000 240 10000 10000
22 146 10000 10000 10000 250 81 10000 10000 10000
23 153 244 10000 251 10000 10000 10000 128 85
24 202 323 10000 10000 10000 169 10000 10000 10000
25 221 10000 10000 469 10000 10000 185 123 10000
26 109 174 261 10000 10000 10000 10000 61 61
27 114 182 273 10000 10000 10000 95 10000 95
28 187 448 10000 10000 10000 10000 104 10000 157
29 375 10000 10000 600 900 210 315 10000 10000
30 180 288 10000 396 10000 10000 10000 151 100
31 167 313 267 400 10000 140 10000 10000 10000
32 73 10000 155 10000 10000 10000 10000 40 40
33 207 10000 10000 10000 10000 10000 115 115 137
34 199 10000 10000 10000 10000 10000 111 10000 167
35 80 192 10000 128 162 10000 67 10000 46
36 166 270 265 265 270 10000 10000 120 139
37 106 10000 10000 254 10000 59 59 89 59
38 77 10000 10000 146 123 10000 10000 43 64
39 193 330 308 10000 10000 108 10000 10000 111
40 212 10000 508 379 339 10000 10000 178 10000
41 97 10000 10000 10000 10000 62 10000 10000 54
42 135 10000 10000 10000 10000 10000 10000 113 10000
43 70 10000 112 164 10000 10000 58 39 10000
44 287 10000 10000 10000 10000 10000 169 160 241
45 131 10000 10000 10000 10000 110 110 10000 110
46 177 10000 10000 10000 10000 10000 148 114 10000
47 271 10000 10000 468 10000 10000 10000 10000 10000
48 36 10000 57 57 10000 10000 20 30 10000
49 71 10000 136 10000 10000 10000 59 10000 10000
50 150 10000 336 10000 360 126 10000 125 10000
<precedence relations>
1,9
2,10
3,11
4,8
4,12
4,13
5,13
6,14
6,15
6,21
7,44
7,48
8,16
9,17
10,18
11,21
12,20
13,19
13,22
13,35
14,49
15,49
16,27
17,23
18,26
19,24
20,25
21,28
22,40
22,44
23,29
24,30
25,32
26,31
27,33
27,35
27,36
27,43
28,34
29,37
30,38
31,39
34,40
34,43
36,49
36,50
37,42
38,41
39,43
39,44
41,46
42,45
43,47
43,48
43,49
43,50
44,46
<end>