<number of tasks>
50
<number of stations>
25
<order strength>
0.200
<type of the robots>
4
<robot flexibility>
0.20
<collaboration flexibility>
0.20
<number of robots>
2
1
1
1
<task times>
1 589 1091 10000 10000 10000 10000 329 10000 10000
2 549 10000 10000 10000 10000 10000 10000 307 10000
3 255 10000 10000 10000 10000 142 214 10000 10000
4 400 10000 10000 10000 10000 10000 10000 10000 10000
5 643 1391 10000 10000 10000 10000 10000 10000 10000
6 472 10000 10000 10000 1132 10000 10000 10000 10000
7 504 10000 10000 1209 10000 423 289 10000 392
8 356 10000 10000 10000 573 299 10000 10000 199
9 639 10000 10000 10000 10000 10000 536 10000 10000
10 407 10000 10000 10000 10000 10000 10000 10000 227
11 524 10000 10000 10000 10000 10000 10000 10000 10000
12 487 10000 10000 10000 10000 10000 10000 409 10000
13 631 10000 10000 1514 10000 10000 10000 10000 10000
14 497 10000 10000 10000 10000 10000 10000 10000 10000
15 373 10000 10000 10000 10000 10000 10000 10000 313
16 434 10000 10000 10000 10000 10000 10000 10000 10000
17 712 10000 10000 1139 10000 10000 10000 398 398
18 496 793 10000 1190 793 277 416 10000 277
19 427 10000 10000 1019 10000 10000 10000 10000 10000
20 438 10000 10000 10000 10000 10000 10000 10000 10000
21 385 924 10000 10000 10000 10000 10000 10000 10000
22 449 10000 10000 10000 1077 10000 377 10000 10000
23 557 10000 10000 10000 10000 10000 10000 10000 311
24 695 10000 10000 10000 10000 389 10000 10000 10000
25 565 904 10000 10000 10000 10000 316 467 10000
26 435 10000 10000 10000 10000 10000 243 10000 10000
27 459 10000 10000 10000 10000 10000 10000 10000 10000
28 570 10000 10000 10000 10000 10000 10000 10000 10000
29 494 10000 10000 1185 10000 10000 10000 10000 10000
30 378 10000 807 10000 10000 10000 10000 317 256
31 536 10000 10000 10000 10000 10000 10000 300 10000
32 582 1396 10000 10000 10000 10000 325 10000 10000
33 384 614 10000 614 10000 10000 322 10000 10000
34 685 10000 10000 10000 10000 10000 10000 10000 10000
35 521 10000 10000 10000 10000 10000 10000 10000 291
36 497 10000 1192 10000 10000 417 10000 10000 10000
37 507 10000 956 1023 10000 10000 10000 309 10000
38 566 1324 10000 10000 10000 10000 475 10000 475
39 490 10000 10000 10000 10000 10000 10000 10000 10000
40 384 625 10000 10000 10000 10000 10000 215 10000
41 404 10000 10000 10000 10000 10000 10000 10000 10000
42 443 10000 10000 10000 810 10000 10000 10000 10000
43 483 10000 772 1159 10000 10000 10000 10000 10000
44 509 1221 10000 10000 997 10000 10000 427 10000
45 480 10000 10000 10000 10000 10000 10000 10000 10000
46 234 561 10000 10000 475 10000 10000 10000 10000
47 459 10000 10000 734 10000 10000 385 257 10000
48 508 10000 10000 10000 10000 10000 426 10000 10000
49 540 948 10000 10000 10000 10000 10000 10000 10000
50 314 753 10000 609 10000 10000 175 10000 10000
<precedence relations>
1,7
2,8
3,10
4,9
6,11
7,12
8,12
10,14
11,13
12,15
13,16
13,19
13,20
13,21
14,17
14,18
14,22
15,23
16,25
17,24
17,26
17,28
18,27
18,29
19,29
20,45
22,50
23,30
24,31
25,32
26,33
27,35
28,34
28,38
29,36
29,37
29,39
30,43
31,43
32,41
33,44
34,42
35,43
36,40
38,45
38,46
39,47
40,48
41,49
42,49
45,50
<end>