<number of tasks>
50
<number of stations>
25
<order strength>
0.200
<type of the robots>
4
<robot flexibility>
0.40
<collaboration flexibility>
0.40
<number of robots>
3
3
2
2
<task times>
1 50 92 10000 120 10000 10000 10000 10000 10000
2 351 10000 561 10000 10000 196 10000 10000 10000
3 96 204 230 221 230 10000 53 10000 80
4 476 10000 10000 951 10000 10000 399 10000 370
5 219 10000 10000 10000 353 10000 10000 10000 10000
6 194 10000 310 10000 10000 10000 10000 108 10000
7 99 176 10000 237 10000 10000 60 10000 55
8 516 10000 10000 10000 10000 433 433 288 10000
9 389 841 933 10000 622 217 10000 326 10000
10 57 136 10000 10000 10000 10000 10000 31 10000
11 246 494 10000 10000 10000 206 10000 10000 10000
12 148 10000 355 10000 236 10000 10000 10000 82
13 62 148 10000 101 10000 34 10000 10000 10000
14 277 10000 10000 10000 517 232 10000 232 155
15 508 10000 10000 1080 10000 284 10000 426 426
16 246 10000 10000 393 393 10000 10000 10000 137
17 422 10000 10000 1012 10000 10000 354 236 354
18 337 10000 10000 10000 10000 283 283 10000 10000
19 211 337 506 10000 337 10000 10000 118 10000
20 159 254 10000 10000 10000 89 10000 10000 10000
21 557 891 10000 1336 10000 311 311 467 467
22 106 10000 169 10000 169 10000 10000 10000 59
23 192 10000 410 307 460 161 161 10000 161
24 181 289 10000 10000 289 10000 101 101 101
25 554 10000 10000 10000 10000 10000 10000 10000 10000
26 382 893 916 611 10000 10000 10000 10000 10000
27 179 336 286 10000 429 100 10000 10000 10000
28 172 412 275 10000 339 10000 96 96 96
29 59 96 10000 10000 10000 10000 10000 43 49
30 81 10000 10000 10000 139 45 68 68 10000
31 303 10000 484 727 727 10000 10000 185 10000
32 190 10000 10000 10000 10000 10000 10000 10000 10000
33 81 10000 194 10000 143 10000 45 45 10000
34 180 10000 10000 288 10000 100 151 10000 10000
35 366 626 10000 10000 10000 10000 307 10000 204
36 81 10000 10000 10000 10000 10000 10000 10000 68
37 70 135 132 10000 168 58 39 10000 10000
38 357 10000 10000 10000 10000 299 223 10000 10000
39 98 10000 156 10000 179 54 10000 82 54
40 70 10000 10000 10000 137 58 10000 39 58
41 114 273 10000 10000 231 10000 95 95 10000
42 278 10000 10000 634 453 233 233 10000 10000
43 564 1353 10000 902 1353 10000 10000 315 324
44 201 10000 10000 10000 10000 10000 10000 10000 10000
45 503 1207 10000 10000 10000 10000 10000 10000 10000
46 421 1010 1005 10000 10000 10000 353 10000 10000
47 471 881 1070 10000 871 10000 10000 263 10000
48 120 10000 10000 10000 10000 10000 100 10000 10000
49 107 10000 10000 10000 10000 10000 10000 70 59
50 497 10000 795 964 1192 417 417 417 278
<precedence relations>
1,31
2,9
3,11
4,10
4,13
4,23
5,14
5,15
6,31
7,8
7,12
8,31
9,19
10,18
11,20
12,16
12,17
12,22
12,23
12,25
13,24
15,21
16,31
17,28
18,29
21,27
21,30
25,26
26,31
27,31
28,32
29,43
30,33
30,34
30,35
31,36
31,37
31,38
31,39
31,41
32,40
33,44
35,40
35,42
35,43
36,45
39,47
43,46
45,48
46,50
47,49
<end>