<number of tasks>
100
<number of stations>
25
<order strength>
0.199
<type of the robots>
4
<robot flexibility>
0.20
<collaboration flexibility>
0.20
<number of robots>
3
3
2
2
<task times>
1 91 10000 10000 10000 10000 10000 10000 10000 10000
2 464 990 10000 10000 10000 10000 290 10000 10000
3 418 10000 10000 10000 10000 10000 10000 10000 10000
4 191 10000 10000 10000 305 10000 10000 106 10000
5 304 10000 10000 10000 10000 10000 10000 10000 176
6 187 10000 299 10000 10000 10000 10000 10000 157
7 276 10000 10000 10000 10000 231 10000 10000 10000
8 89 10000 10000 10000 10000 10000 74 66 49
9 208 10000 10000 10000 10000 10000 10000 10000 174
10 49 10000 10000 10000 10000 41 10000 10000 10000
11 32 73 10000 10000 10000 10000 17 17 17
12 444 10000 10000 10000 10000 10000 10000 10000 10000
13 187 10000 10000 10000 10000 10000 10000 10000 10000
14 339 10000 813 10000 10000 10000 10000 10000 189
15 243 10000 10000 10000 10000 10000 204 10000 10000
16 98 10000 10000 181 235 10000 82 10000 54
17 199 10000 318 10000 10000 10000 10000 10000 10000
18 39 10000 10000 93 10000 10000 10000 21 10000
19 238 10000 10000 10000 10000 10000 10000 10000 199
20 95 152 10000 10000 10000 10000 10000 10000 10000
21 77 10000 184 10000 10000 10000 10000 64 10000
22 28 10000 44 10000 10000 10000 10000 10000 10000
23 109 174 10000 10000 10000 10000 10000 10000 10000
24 350 840 10000 10000 10000 196 10000 10000 10000
25 276 10000 10000 441 10000 10000 10000 10000 10000
26 346 10000 10000 830 10000 290 10000 214 10000
27 185 296 10000 10000 444 10000 10000 114 10000
28 228 10000 10000 10000 10000 10000 10000 10000 10000
29 100 10000 160 10000 10000 10000 10000 64 10000
30 107 10000 10000 10000 10000 10000 10000 10000 10000
31 273 10000 10000 10000 10000 10000 10000 152 10000
32 516 10000 10000 10000 10000 10000 10000 10000 10000
33 381 10000 914 10000 10000 213 213 10000 10000
34 256 10000 10000 10000 10000 143 10000 10000 10000
35 193 10000 10000 433 329 10000 108 10000 10000
36 317 10000 760 10000 744 10000 10000 10000 10000
37 142 10000 10000 10000 10000 10000 10000 10000 10000
38 374 10000 10000 10000 10000 314 10000 10000 10000
39 416 10000 10000 10000 10000 232 10000 10000 10000
40 134 214 10000 10000 10000 75 75 10000 10000
41 571 10000 10000 913 988 10000 10000 10000 10000
42 311 10000 10000 10000 746 199 10000 10000 10000
43 102 10000 163 10000 210 85 10000 10000 85
44 263 10000 10000 10000 10000 220 10000 220 10000
45 46 10000 10000 10000 10000 10000 25 10000 10000
46 78 124 10000 124 10000 10000 10000 10000 10000
47 25 10000 10000 40 10000 10000 18 10000 21
48 232 10000 10000 10000 371 10000 10000 10000 194
49 234 10000 10000 10000 383 131 10000 10000 10000
50 437 10000 10000 10000 10000 10000 10000 10000 10000
51 317 760 10000 10000 10000 10000 10000 10000 10000
52 44 105 70 105 70 36 36 10000 36
53 312 10000 10000 10000 748 10000 10000 262 10000
54 440 10000 10000 10000 10000 10000 10000 10000 10000
55 237 10000 10000 10000 10000 10000 132 10000 10000
56 56 10000 10000 10000 10000 47 10000 10000 10000
57 43 10000 10000 10000 10000 10000 10000 24 10000
58 31 10000 10000 10000 10000 10000 10000 10000 10000
59 106 10000 10000 254 169 61 10000 10000 89
60 136 217 10000 217 10000 76 10000 76 10000
61 233 10000 453 10000 10000 10000 10000 10000 10000
62 171 10000 10000 10000 10000 10000 10000 10000 10000
63 38 10000 90 10000 10000 31 10000 10000 10000
64 90 10000 10000 10000 10000 10000 58 10000 10000
65 139 10000 295 10000 10000 10000 10000 10000 10000
66 131 10000 10000 10000 10000 10000 10000 10000 10000
67 77 10000 10000 10000 10000 10000 10000 10000 10000
68 359 861 10000 10000 861 10000 10000 301 10000
69 232 10000 481 371 10000 10000 129 10000 10000
70 31 74 10000 10000 49 10000 10000 10000 10000
71 492 10000 10000 995 10000 10000 10000 10000 10000
72 24 10000 10000 38 10000 10000 10000 10000 10000
73 135 324 10000 10000 10000 10000 75 10000 10000
74 171 10000 276 10000 10000 10000 10000 102 143
75 177 10000 10000 10000 10000 148 10000 10000 10000
76 526 10000 10000 10000 10000 441 10000 441 10000
77 51 10000 10000 10000 10000 10000 10000 28 10000
78 316 10000 10000 10000 10000 10000 10000 265 10000
79 285 684 10000 10000 10000 10000 10000 159 10000
80 61 10000 97 146 10000 10000 10000 10000 10000
81 244 10000 585 10000 10000 10000 10000 10000 139
82 405 10000 972 10000 10000 10000 10000 10000 10000
83 111 10000 10000 10000 10000 10000 62 10000 10000
84 112 268 10000 10000 10000 10000 94 10000 10000
85 177 10000 10000 10000 367 10000 10000 99 10000
86 71 113 10000 10000 10000 10000 39 39 10000
87 36 10000 10000 10000 10000 30 10000 10000 20
88 326 10000 10000 10000 10000 182 10000 10000 10000
89 574 10000 10000 10000 10000 10000 10000 10000 10000
90 251 10000 10000 10000 10000 10000 10000 10000 10000
91 120 10000 10000 10000 10000 100 10000 10000 10000
92 176 10000 10000 10000 10000 10000 10000 10000 10000
93 446 10000 10000 1070 10000 10000 10000 10000 10000
94 448 10000 10000 10000 10000 10000 10000 10000 10000
95 38 10000 10000 77 60 10000 10000 31 10000
96 192 10000 10000 460 10000 10000 10000 107 10000
97 213 10000 10000 10000 511 10000 119 10000 10000
98 136 10000 10000 10000 10000 10000 10000 10000 10000
99 88 166 10000 10000 10000 10000 73 10000 10000
100 71 10000 10000 10000 10000 10000 10000 10000 10000
<precedence relations>
1,15
1,18
2,13
2,17
2,19
2,44
3,16
4,37
4,46
5,14
5,35
6,74
6,76
7,34
7,51
7,96
8,55
8,92
9,12
9,13
9,37
10,11
11,21
12,36
13,24
13,41
14,64
15,20
15,23
16,22
17,45
17,52
19,27
19,46
20,25
20,26
20,28
20,30
21,24
21,29
23,27
23,31
25,36
25,38
25,41
26,32
27,37
27,59
27,79
29,33
29,35
29,40
30,34
30,76
31,33
31,39
32,44
32,45
33,49
33,89
34,50
34,81
35,45
35,46
36,74
38,42
38,47
38,74
40,43
40,48
41,75
41,78
42,52
42,53
42,55
43,93
44,51
44,59
45,54
45,60
45,72
46,56
48,58
48,61
49,51
49,57
52,77
54,63
56,65
56,66
61,62
61,64
61,67
62,68
62,70
65,73
66,69
66,72
66,74
67,71
70,76
70,79
71,78
71,80
72,77
72,81
73,75
75,82
76,83
76,84
76,85
76,87
76,90
77,88
77,89
79,83
81,84
81,86
83,93
83,94
84,91
84,100
85,97
85,98
86,95
88,92
88,96
89,99
<end>