<number of tasks>
100
<number of stations>
25
<order strength>
0.895
<type of the robots>
4
<robot flexibility>
0.20
<collaboration flexibility>
0.20
<number of robots>
3
3
2
2
<task times>
1 307 10000 10000 10000 10000 10000 10000 10000 10000
2 450 10000 10000 10000 10000 252 378 10000 10000
3 555 10000 10000 10000 888 10000 10000 10000 10000
4 476 10000 10000 10000 10000 10000 10000 399 10000
5 624 10000 10000 10000 10000 10000 10000 10000 10000
6 391 10000 10000 10000 10000 10000 10000 10000 218
7 335 10000 10000 10000 10000 10000 10000 10000 187
8 676 10000 10000 10000 10000 10000 10000 10000 10000
9 498 10000 1131 10000 1027 10000 10000 10000 278
10 504 10000 10000 10000 10000 10000 10000 10000 423
11 448 10000 10000 10000 10000 10000 250 10000 10000
12 404 969 10000 10000 10000 10000 10000 10000 226
13 590 10000 10000 10000 10000 10000 10000 330 10000
14 733 10000 10000 1372 10000 10000 10000 410 10000
15 366 10000 10000 10000 10000 10000 10000 10000 10000
16 525 840 10000 1260 10000 10000 10000 10000 10000
17 558 10000 10000 10000 1142 10000 10000 468 10000
18 347 10000 10000 10000 10000 10000 10000 291 10000
19 607 1456 10000 10000 10000 10000 10000 10000 10000
20 502 803 10000 1204 10000 10000 421 10000 10000
21 508 812 10000 10000 10000 10000 284 426 284
22 372 892 10000 10000 10000 10000 10000 10000 10000
23 507 10000 832 10000 10000 10000 425 10000 10000
24 326 10000 693 10000 10000 273 182 10000 273
25 617 10000 10000 10000 987 345 10000 10000 10000
26 667 10000 10000 10000 10000 10000 10000 10000 10000
27 510 10000 816 10000 10000 10000 10000 10000 10000
28 654 10000 10000 10000 10000 366 10000 10000 366
29 421 10000 10000 10000 1001 353 10000 10000 235
30 715 1144 10000 10000 1144 10000 10000 10000 10000
31 443 10000 10000 846 10000 10000 10000 10000 372
32 540 1014 10000 10000 864 10000 453 10000 453
33 507 10000 10000 10000 10000 283 10000 425 10000
34 472 1132 10000 10000 10000 10000 10000 10000 10000
35 559 10000 10000 894 10000 10000 10000 10000 10000
36 214 10000 10000 10000 10000 10000 10000 10000 10000
37 641 10000 10000 10000 10000 10000 10000 358 10000
38 598 10000 10000 10000 956 10000 10000 10000 334
39 496 10000 10000 10000 10000 10000 10000 10000 416
40 339 10000 10000 10000 753 10000 244 10000 189
41 392 10000 940 10000 10000 10000 10000 10000 300
42 540 10000 10000 10000 10000 453 10000 10000 10000
43 584 1401 1114 10000 10000 490 10000 10000 10000
44 421 10000 10000 10000 10000 10000 10000 10000 10000
45 692 1660 10000 10000 10000 581 10000 10000 10000
46 747 10000 10000 10000 10000 627 10000 418 10000
47 124 10000 10000 10000 198 10000 104 10000 10000
48 664 10000 10000 10000 10000 10000 371 10000 10000
49 636 10000 10000 10000 10000 534 10000 10000 356
50 338 10000 10000 10000 10000 10000 10000 10000 10000
51 604 10000 10000 10000 10000 507 10000 507 507
52 609 10000 10000 10000 10000 10000 10000 10000 10000
53 611 10000 977 10000 10000 10000 10000 10000 10000
54 471 10000 10000 10000 10000 10000 263 10000 10000
55 760 1216 10000 10000 10000 10000 492 10000 10000
56 527 10000 10000 10000 1264 442 10000 10000 442
57 407 10000 10000 651 10000 227 10000 10000 10000
58 414 10000 10000 10000 10000 10000 10000 10000 315
59 473 10000 10000 762 10000 397 10000 10000 10000
60 556 10000 1334 10000 1334 10000 432 10000 10000
61 658 10000 10000 10000 10000 10000 10000 10000 10000
62 691 10000 10000 10000 10000 10000 386 10000 10000
63 444 10000 10000 710 10000 10000 10000 372 10000
64 523 10000 10000 10000 10000 10000 10000 292 10000
65 289 10000 10000 10000 10000 10000 161 10000 10000
66 560 10000 902 10000 10000 10000 10000 10000 10000
67 305 10000 10000 10000 10000 10000 10000 170 170
68 515 1236 10000 10000 10000 10000 10000 10000 10000
69 495 10000 10000 10000 10000 10000 10000 277 277
70 552 1324 10000 10000 908 10000 10000 10000 10000
71 563 10000 10000 10000 10000 10000 10000 10000 10000
72 622 10000 995 10000 995 10000 522 10000 10000
73 447 10000 10000 10000 1072 10000 10000 10000 10000
74 226 10000 542 10000 10000 10000 10000 10000 10000
75 576 10000 10000 10000 10000 10000 10000 10000 10000
76 677 10000 1624 10000 10000 10000 10000 10000 10000
77 538 10000 10000 10000 860 10000 10000 10000 10000
78 445 10000 10000 10000 10000 10000 249 10000 10000
79 633 10000 10000 10000 10000 354 10000 10000 354
80 421 10000 10000 10000 10000 10000 353 10000 235
81 627 10000 10000 1504 10000 10000 10000 10000 10000
82 599 10000 10000 958 10000 10000 10000 10000 10000
83 624 10000 10000 1002 10000 349 10000 10000 10000
84 402 10000 10000 10000 10000 10000 10000 10000 10000
85 574 10000 10000 10000 10000 321 10000 10000 10000
86 384 10000 10000 10000 10000 10000 322 10000 10000
87 283 10000 10000 10000 10000 10000 10000 10000 10000
88 533 10000 855 10000 10000 10000 10000 10000 10000
89 533 10000 10000 852 10000 10000 10000 298 10000
90 331 10000 10000 10000 10000 10000 224 10000 10000
91 406 649 10000 10000 10000 10000 10000 227 10000
92 557 10000 10000 10000 10000 10000 10000 404 10000
93 464 10000 10000 10000 10000 10000 10000 259 10000
94 508 10000 10000 10000 10000 426 10000 10000 10000
95 420 10000 744 672 10000 10000 10000 10000 10000
96 279 446 10000 10000 10000 10000 10000 10000 10000
97 337 10000 10000 539 10000 10000 283 10000 10000
98 368 707 10000 10000 10000 309 10000 10000 10000
99 427 10000 10000 10000 10000 10000 239 10000 10000
100 350 10000 10000 10000 10000 10000 10000 10000 10000
<precedence relations>
1,6
1,8
2,5
2,6
2,7
2,8
2,9
3,5
3,6
3,7
3,8
3,9
4,5
4,6
4,7
4,8
4,9
5,10
5,11
5,12
6,10
7,10
7,11
7,12
8,10
8,11
8,12
9,10
9,11
9,12
10,13
10,14
10,15
11,13
11,14
11,15
12,13
12,14
12,15
13,16
13,17
13,18
14,16
14,17
14,18
15,16
15,17
15,18
16,19
16,20
16,21
16,22
17,19
17,20
17,21
17,22
18,19
18,20
18,21
18,22
19,23
19,24
19,25
20,23
20,24
20,25
21,23
21,24
21,25
22,23
22,24
22,25
23,26
23,27
23,28
24,26
24,27
24,28
25,26
25,27
25,28
26,29
27,29
28,29
29,30
29,31
29,32
29,33
30,34
30,35
30,36
30,37
31,34
31,35
31,36
31,37
32,34
32,35
32,36
32,37
33,34
33,35
34,38
34,39
34,40
35,54
36,38
36,39
36,40
37,39
38,41
39,41
39,42
40,41
41,43
41,44
42,43
42,44
43,45
43,46
44,45
44,46
44,47
45,67
46,48
46,50
47,48
47,49
47,50
48,51
48,52
48,54
49,64
49,67
50,51
50,52
50,53
50,54
51,55
51,56
52,55
52,56
53,55
53,56
54,55
54,56
55,57
55,58
55,59
55,60
55,61
56,57
56,58
56,59
56,60
57,62
57,64
57,67
58,64
58,65
58,75
59,62
59,63
60,62
61,67
61,68
62,68
62,79
64,66
65,67
66,69
66,71
66,80
67,71
67,72
67,76
68,70
68,73
69,74
70,76
71,77
71,85
72,74
72,81
73,75
73,76
73,77
73,82
74,79
74,88
76,78
76,80
76,85
77,86
78,83
78,89
78,94
79,82
79,83
79,84
79,85
79,86
79,91
80,81
80,84
81,88
82,90
84,87
84,92
84,95
85,89
85,97
86,87
86,90
86,99
87,94
88,91
88,92
89,93
91,97
92,97
93,95
93,99
94,96
95,98
97,99
97,100
<end>