<number of tasks>
100
<number of stations>
25
<order strength>
0.895
<type of the robots>
4
<robot flexibility>
0.40
<collaboration flexibility>
0.40
<number of robots>
2
1
1
1
<task times>
1 95 10000 10000 228 10000 10000 10000 10000 79
2 117 10000 10000 10000 280 10000 98 10000 65
3 175 10000 10000 10000 10000 98 123 10000 10000
4 205 10000 10000 379 328 10000 10000 10000 119
5 109 174 10000 174 174 91 10000 10000 10000
6 109 261 10000 174 10000 61 91 61 10000
7 66 105 105 10000 10000 10000 36 10000 55
8 65 10000 10000 156 10000 10000 54 10000 10000
9 94 10000 10000 10000 10000 10000 52 10000 10000
10 97 10000 159 181 230 10000 81 10000 10000
11 85 195 180 10000 10000 71 71 10000 47
12 215 10000 10000 10000 344 10000 10000 120 120
13 133 319 10000 10000 271 10000 10000 111 10000
14 175 351 10000 10000 10000 10000 10000 10000 10000
15 157 376 10000 376 10000 10000 87 131 131
16 140 224 10000 10000 224 10000 10000 78 10000
17 109 174 10000 261 10000 61 10000 10000 91
18 66 10000 10000 10000 105 55 36 55 36
19 32 10000 51 61 76 17 26 10000 26
20 110 10000 10000 10000 10000 10000 10000 10000 61
21 26 10000 10000 49 57 14 21 10000 10000
22 147 10000 10000 10000 10000 10000 10000 10000 10000
23 76 10000 10000 10000 10000 10000 10000 10000 10000
24 157 376 10000 10000 376 87 10000 10000 10000
25 157 10000 346 10000 10000 87 87 10000 10000
26 90 10000 151 10000 10000 10000 10000 10000 10000
27 261 626 422 10000 10000 10000 10000 10000 200
28 87 10000 139 10000 10000 48 63 10000 10000
29 26 10000 10000 10000 41 21 21 10000 10000
30 98 10000 10000 189 235 10000 10000 82 10000
31 23 10000 55 36 10000 10000 15 10000 10000
32 165 10000 10000 10000 264 10000 92 138 10000
33 199 10000 318 10000 10000 10000 10000 10000 10000
34 141 10000 10000 338 10000 10000 10000 78 10000
35 119 10000 271 10000 190 69 10000 10000 10000
36 93 148 10000 148 10000 78 78 78 52
37 57 10000 10000 128 10000 10000 10000 10000 10000
38 83 10000 195 10000 163 10000 10000 10000 69
39 84 10000 10000 139 10000 10000 47 10000 10000
40 108 10000 186 259 10000 10000 10000 10000 10000
41 110 10000 176 10000 10000 61 10000 61 10000
42 185 10000 359 10000 10000 10000 10000 103 10000
43 42 67 10000 10000 10000 10000 10000 10000 10000
44 79 126 126 10000 10000 10000 66 44 10000
45 212 10000 412 10000 339 10000 10000 118 10000
46 72 139 10000 115 172 40 10000 40 60
47 83 10000 10000 199 10000 69 69 10000 10000
48 141 10000 10000 10000 338 10000 10000 78 10000
49 57 10000 10000 10000 10000 10000 47 31 31
50 202 10000 10000 10000 10000 10000 10000 10000 10000
51 191 458 396 10000 393 160 106 106 160
52 186 10000 297 10000 446 10000 10000 104 10000
53 251 10000 10000 401 10000 10000 10000 10000 140
54 134 235 10000 214 321 112 10000 10000 75
55 69 165 10000 10000 10000 57 38 10000 10000
56 39 93 10000 93 10000 32 21 10000 21
57 150 360 242 10000 360 10000 10000 10000 10000
58 100 160 10000 10000 10000 10000 10000 10000 10000
59 260 10000 10000 10000 416 149 10000 10000 10000
60 83 10000 10000 10000 10000 46 10000 10000 69
61 219 525 10000 10000 10000 10000 10000 10000 10000
62 67 107 10000 10000 10000 10000 10000 10000 10000
63 28 67 44 10000 10000 23 16 10000 10000
64 152 288 364 10000 10000 127 10000 10000 10000
65 25 53 40 40 10000 21 10000 14 10000
66 52 10000 10000 124 85 10000 29 40 29
67 419 1005 1005 1005 1005 234 10000 234 10000
68 90 216 10000 10000 10000 75 10000 50 10000
69 26 41 10000 41 10000 10000 10000 21 21
70 138 294 331 10000 220 10000 77 77 115
71 48 10000 10000 10000 10000 10000 10000 10000 40
72 96 10000 10000 192 10000 53 53 53 10000
73 86 206 137 10000 206 10000 72 48 48
74 79 10000 10000 10000 10000 10000 44 44 44
75 85 136 10000 10000 10000 10000 47 10000 47
76 90 144 10000 169 10000 50 50 75 10000
77 213 10000 10000 10000 340 10000 178 10000 10000
78 168 10000 403 268 268 10000 10000 10000 10000
79 166 10000 378 335 10000 10000 10000 92 10000
80 295 10000 10000 10000 10000 10000 10000 10000 247
81 222 355 355 10000 10000 186 150 186 10000
82 186 10000 10000 10000 10000 104 10000 104 10000
83 209 10000 359 10000 10000 10000 117 117 175
84 136 326 10000 257 10000 10000 114 10000 114
85 62 117 10000 135 10000 10000 10000 10000 10000
86 156 10000 374 249 249 131 10000 87 10000
87 133 10000 10000 10000 248 10000 10000 10000 111
88 85 136 10000 10000 10000 71 10000 71 10000
89 171 10000 10000 10000 380 10000 10000 10000 10000
90 41 10000 87 10000 10000 22 10000 10000 29
91 49 10000 10000 10000 10000 10000 10000 27 10000
92 199 382 10000 477 10000 10000 10000 111 10000
93 186 417 297 383 297 10000 104 10000 156
94 70 10000 10000 168 10000 58 10000 10000 55
95 166 10000 398 10000 398 139 110 92 139
96 41 10000 10000 10000 10000 10000 10000 34 10000
97 81 194 151 129 10000 10000 10000 68 68
98 203 461 10000 324 324 10000 149 152 10000
99 202 323 10000 10000 10000 169 10000 10000 10000
100 167 400 10000 10000 10000 140 10000 10000 93
<precedence relations>
1,5
1,6
1,7
1,8
2,5
2,6
2,7
2,8
3,5
3,6
3,7
3,8
4,5
4,6
4,7
4,8
5,9
5,10
5,11
6,9
6,10
6,11
7,9
7,10
7,11
8,9
8,10
8,11
9,12
9,13
9,14
10,12
10,13
10,14
11,12
11,13
11,14
12,15
12,16
12,17
12,18
13,15
13,16
13,17
13,18
14,15
14,16
14,17
14,18
15,19
15,20
15,21
16,19
16,20
16,21
17,19
17,20
17,21
18,19
18,20
18,21
19,22
19,23
19,24
20,22
20,23
20,24
21,22
21,23
21,24
22,25
22,26
22,27
23,25
23,26
23,27
24,25
24,26
24,27
25,28
25,29
25,30
26,28
26,29
26,30
27,28
27,29
27,30
28,31
28,32
28,33
28,34
29,31
29,32
29,33
29,34
30,31
30,32
30,33
30,34
31,35
31,36
31,37
31,38
32,35
32,36
32,37
32,38
33,35
33,36
33,37
33,38
34,35
34,36
34,37
34,38
35,39
35,40
35,41
35,42
36,39
36,40
36,41
36,42
37,39
37,40
37,41
37,42
38,39
38,40
38,41
38,42
39,43
40,43
40,44
41,44
42,43
42,46
42,49
43,47
44,45
44,46
44,47
45,48
45,49
45,50
45,51
45,52
46,48
46,51
46,52
47,48
47,50
47,51
47,52
48,75
48,86
48,93
49,53
49,55
50,53
50,54
51,53
51,54
51,55
52,53
53,59
53,72
54,56
54,57
54,58
55,56
56,59
56,60
56,61
57,59
57,60
57,61
57,62
58,59
58,60
58,62
59,66
59,76
60,63
60,64
60,65
60,66
60,67
61,86
61,91
62,63
62,64
62,65
62,67
63,68
64,99
65,70
66,69
67,68
67,75
68,73
68,74
69,71
70,71
70,72
70,73
71,75
71,77
72,75
72,81
72,83
72,87
73,76
73,77
74,90
76,79
76,80
77,78
77,80
77,86
78,81
78,84
78,85
79,82
79,83
79,91
80,97
81,91
82,94
83,86
84,87
84,100
86,89
87,88
88,91
89,90
90,92
90,94
91,93
92,96
92,98
92,99
93,97
94,95
94,99
94,100
<end>