<number of tasks>
50
<number of stations>
25
<order strength>
0.199
<type of the robots>
4
<robot flexibility>
0.00
<collaboration flexibility>
0.00
<number of robots>
0
0
0
0
<task times>
1 343 10000 10000 10000 548 10000 10000 10000 288
2 125 10000 10000 10000 10000 10000 10000 10000 10000
3 263 10000 10000 10000 10000 10000 10000 10000 10000
4 166 265 265 10000 10000 10000 10000 139 139
5 196 10000 10000 10000 10000 109 10000 109 10000
6 141 10000 338 10000 10000 118 118 10000 118
7 81 10000 10000 10000 10000 10000 10000 10000 45
8 209 10000 10000 10000 334 10000 10000 10000 10000
9 523 10000 10000 10000 10000 10000 10000 10000 10000
10 37 10000 10000 10000 10000 31 10000 10000 31
11 366 10000 10000 10000 10000 204 10000 10000 10000
12 141 225 10000 338 10000 10000 10000 78 10000
13 472 1132 10000 10000 10000 10000 10000 10000 10000
14 165 10000 10000 396 264 10000 10000 138 10000
15 62 10000 133 99 10000 10000 10000 10000 52
16 492 787 787 828 10000 10000 10000 275 10000
17 188 10000 451 10000 300 10000 10000 10000 10000
18 171 10000 10000 10000 10000 95 10000 10000 10000
19 82 10000 131 10000 10000 10000 10000 10000 10000
20 474 10000 10000 10000 1137 265 10000 398 10000
21 24 10000 10000 38 10000 10000 10000 10000 13
22 364 10000 10000 10000 645 10000 10000 10000 305
23 482 10000 10000 10000 10000 10000 10000 10000 10000
24 520 10000 10000 10000 10000 291 10000 436 291
25 183 292 10000 327 439 106 10000 10000 10000
26 89 208 10000 10000 10000 10000 74 10000 10000
27 163 10000 10000 10000 298 10000 10000 91 10000
28 232 10000 10000 10000 10000 10000 10000 10000 10000
29 68 10000 163 10000 10000 38 10000 10000 10000
30 469 10000 10000 1125 952 262 393 10000 10000
31 170 329 272 10000 10000 10000 10000 10000 10000
32 78 10000 10000 10000 10000 10000 10000 43 10000
33 150 10000 10000 252 10000 10000 10000 10000 10000
34 172 10000 10000 10000 10000 10000 10000 10000 10000
35 431 1034 10000 10000 10000 10000 10000 10000 248
36 169 10000 384 10000 10000 10000 10000 94 10000
37 98 172 10000 10000 10000 82 10000 10000 10000
38 97 10000 10000 188 10000 10000 10000 10000 10000
39 198 475 10000 10000 10000 10000 10000 10000 10000
40 63 10000 10000 10000 10000 10000 10000 10000 10000
41 537 10000 10000 10000 859 10000 451 10000 451
42 150 10000 10000 10000 10000 10000 10000 10000 10000
43 437 10000 10000 10000 10000 10000 10000 10000 10000
44 36 57 10000 10000 10000 10000 10000 20 10000
45 468 10000 10000 10000 1123 10000 10000 10000 10000
46 115 10000 10000 10000 10000 10000 10000 10000 96
47 535 10000 1284 10000 1284 10000 10000 10000 10000
48 57 10000 10000 10000 10000 10000 10000 10000 10000
49 99 10000 10000 10000 10000 10000 83 10000 10000
50 279 669 10000 521 10000 10000 10000 10000 10000
<precedence relations>
1,8
3,9
4,8
5,10
5,12
6,11
8,14
9,18
10,13
10,15
10,16
11,34
11,43
12,17
12,34
12,42
13,49
14,21
14,22
14,23
14,25
15,19
16,20
18,24
18,25
19,49
20,31
21,32
21,46
22,27
23,26
23,30
23,33
24,28
24,29
26,35
28,36
28,37
31,38
32,34
33,39
34,40
34,50
36,40
36,46
37,43
37,44
37,45
38,41
39,42
41,47
41,50
43,49
44,47
44,48
44,49
45,50
<end>