<number of tasks>
20
<number of stations>
5
<order strength>
0.800
<type of the robots>
4
<robot flexibility>
0.20
<collaboration flexibility>
0.20
<number of robots>
1
1
0
0
<task times>
1 96 10000 10000 10000 10000 54 10000 10000 10000
2 215 10000 344 10000 10000 10000 120 10000 10000
3 149 10000 238 10000 10000 10000 10000 10000 10000
4 131 10000 314 287 314 10000 10000 10000 110
5 139 10000 10000 10000 10000 10000 10000 10000 10000
6 499 10000 798 1197 798 279 419 10000 10000
7 51 10000 10000 10000 10000 10000 28 10000 10000
8 439 10000 10000 10000 10000 368 10000 10000 10000
9 228 493 10000 547 10000 191 10000 127 10000
10 476 10000 10000 10000 761 10000 10000 10000 399
11 429 1029 10000 10000 10000 305 10000 10000 10000
12 189 10000 10000 358 10000 10000 10000 10000 10000
13 204 10000 326 10000 10000 10000 10000 171 10000
14 130 10000 312 10000 10000 10000 10000 109 10000
15 475 10000 10000 10000 10000 10000 10000 10000 10000
16 200 10000 10000 10000 10000 10000 10000 10000 112
17 450 10000 10000 10000 10000 10000 10000 10000 10000
18 267 10000 640 10000 10000 10000 224 10000 10000
19 515 10000 10000 10000 10000 10000 10000 432 10000
20 67 10000 10000 10000 10000 56 10000 10000 10000
<precedence relations>
1,2
1,3
2,5
3,4
4,6
4,7
5,6
5,8
6,9
7,8
8,11
8,12
9,10
9,11
9,15
10,13
10,14
11,13
11,14
12,14
12,15
13,16
14,18
15,16
15,17
16,19
16,20
18,20
<end>