<number of tasks>
20
<number of stations>
10
<order strength>
0.200
<type of the robots>
4
<robot flexibility>
0.00
<collaboration flexibility>
0.00
<number of robots>
0
0
0
0
<task times>
1 133 10000 212 212 10000 10000 10000 10000 10000
2 46 10000 10000 89 10000 10000 10000 38 38
3 266 425 10000 10000 10000 10000 10000 10000 10000
4 271 10000 10000 10000 650 227 151 10000 10000
5 183 10000 10000 10000 10000 10000 10000 153 10000
6 110 10000 10000 10000 10000 61 10000 10000 10000
7 357 10000 10000 10000 10000 10000 10000 10000 10000
8 299 10000 10000 10000 10000 10000 10000 10000 10000
9 69 10000 10000 10000 10000 10000 10000 10000 10000
10 32 69 10000 56 51 10000 10000 26 10000
11 186 10000 10000 446 446 10000 10000 156 10000
12 190 10000 10000 10000 304 10000 10000 159 10000
13 284 570 10000 10000 606 10000 165 163 10000
14 252 10000 10000 604 10000 10000 10000 10000 10000
15 79 10000 128 10000 10000 66 10000 10000 10000
16 262 10000 448 10000 419 146 10000 10000 10000
17 54 10000 10000 10000 10000 10000 10000 10000 45
18 572 915 915 915 10000 10000 10000 10000 10000
19 252 10000 10000 10000 10000 141 10000 10000 141
20 526 10000 10000 10000 10000 10000 10000 314 441
<precedence relations>
2,7
2,8
2,9
3,6
4,5
5,10
5,11
8,13
9,12
10,16
11,14
11,15
14,18
14,19
15,17
15,20
<end>