<number of tasks>
20
<number of stations>
5
<order strength>
0.800
<type of the robots>
4
<robot flexibility>
0.20
<collaboration flexibility>
0.20
<number of robots>
1
0
0
0
<task times>
1 279 10000 10000 10000 10000 10000 10000 10000 234
2 346 738 10000 10000 739 10000 10000 10000 10000
3 149 10000 10000 10000 10000 10000 83 10000 10000
4 117 10000 10000 280 187 10000 10000 98 10000
5 468 10000 10000 10000 10000 10000 10000 10000 10000
6 152 10000 10000 364 10000 10000 10000 10000 10000
7 81 10000 10000 10000 10000 10000 10000 45 68
8 489 10000 10000 782 782 10000 10000 10000 10000
9 341 10000 10000 10000 10000 10000 10000 10000 190
10 509 10000 10000 10000 814 10000 285 10000 10000
11 528 10000 10000 10000 10000 10000 10000 10000 10000
12 171 10000 273 410 10000 10000 10000 10000 10000
13 144 10000 10000 230 10000 10000 10000 10000 85
14 501 10000 971 10000 1202 10000 420 10000 10000
15 453 10000 10000 1087 10000 10000 380 271 10000
16 200 480 10000 480 10000 112 10000 10000 10000
17 57 10000 10000 136 10000 10000 10000 47 10000
18 198 10000 10000 10000 10000 10000 10000 10000 10000
19 219 350 10000 525 10000 10000 183 122 10000
20 209 10000 10000 10000 10000 10000 10000 10000 10000
<precedence relations>
1,4
1,6
2,4
2,5
3,4
3,6
4,7
5,6
6,7
6,8
7,9
7,15
8,9
8,10
9,14
9,18
10,11
10,12
11,13
11,14
11,15
12,13
12,14
13,16
13,17
13,18
14,16
14,17
15,18
16,19
17,20
18,19
<end>