<number of tasks>
20
<number of stations>
10
<order strength>
0.200
<type of the robots>
4
<robot flexibility>
0.40
<collaboration flexibility>
0.40
<number of robots>
1
1
1
1
<task times>
1 465 861 10000 10000 10000 10000 10000 10000 10000
2 233 10000 372 372 559 130 130 10000 10000
3 291 10000 698 10000 551 244 10000 10000 244
4 176 10000 281 341 10000 10000 10000 147 10000
5 180 10000 10000 432 10000 100 151 151 151
6 376 802 601 660 808 10000 10000 10000 10000
7 536 10000 857 10000 1286 10000 450 450 10000
8 87 10000 10000 10000 208 10000 10000 10000 73
9 238 380 380 571 10000 10000 10000 10000 10000
10 458 10000 10000 10000 732 10000 10000 10000 10000
11 433 10000 10000 1039 10000 10000 242 363 10000
12 175 10000 280 10000 420 10000 10000 10000 10000
13 87 199 10000 10000 10000 10000 10000 73 10000
14 541 1298 10000 10000 10000 454 314 10000 10000
15 69 10000 161 10000 10000 57 10000 10000 10000
16 173 347 281 10000 10000 10000 10000 99 10000
17 624 10000 10000 10000 10000 349 10000 349 10000
18 319 10000 546 765 510 10000 10000 267 10000
19 285 10000 10000 10000 10000 10000 10000 159 10000
20 532 10000 851 851 10000 10000 446 10000 10000
<precedence relations>
3,9
5,8
8,10
8,11
10,12
10,13
10,14
10,15
12,18
14,16
14,17
15,19
15,20
<end>