<number of tasks>
20
<number of stations>
5
<order strength>
0.200
<type of the robots>
4
<robot flexibility>
0.20
<collaboration flexibility>
0.20
<number of robots>
1
0
0
0
<task times>
1 149 276 10000 10000 10000 10000 10000 10000 10000
2 162 345 10000 10000 10000 10000 10000 10000 10000
3 280 10000 448 10000 10000 10000 10000 235 10000
4 140 10000 10000 336 10000 10000 10000 10000 10000
5 45 10000 10000 10000 10000 10000 37 10000 10000
6 590 10000 944 1416 10000 495 10000 10000 10000
7 171 10000 410 10000 10000 95 10000 10000 10000
8 276 10000 10000 10000 10000 10000 10000 231 10000
9 111 10000 10000 10000 177 10000 10000 10000 10000
10 381 10000 10000 10000 10000 10000 213 10000 213
11 116 10000 10000 10000 10000 10000 10000 10000 10000
12 186 373 10000 10000 10000 10000 156 10000 104
13 482 10000 905 10000 1156 404 10000 404 10000
14 343 823 10000 10000 10000 10000 10000 10000 10000
15 185 10000 10000 10000 10000 10000 10000 10000 10000
16 34 10000 10000 10000 10000 10000 10000 10000 19
17 181 10000 10000 10000 10000 10000 10000 10000 10000
18 79 10000 10000 10000 10000 10000 10000 44 10000
19 393 10000 761 10000 943 10000 10000 10000 10000
20 273 10000 10000 10000 10000 10000 10000 229 10000
<precedence relations>
1,6
1,8
2,7
3,10
5,9
6,11
7,12
8,14
9,13
10,15
11,16
12,18
13,17
14,18
15,19
16,20
17,20
<end>