<number of tasks>
20
<number of stations>
5
<order strength>
0.800
<type of the robots>
4
<robot flexibility>
0.40
<collaboration flexibility>
0.40
<number of robots>
1
1
0
0
<task times>
1 623 10000 10000 10000 10000 10000 523 10000 10000
2 431 10000 689 10000 1034 241 10000 362 362
3 456 10000 729 1094 1094 381 10000 383 255
4 537 10000 10000 943 10000 10000 10000 10000 10000
5 442 10000 10000 1060 10000 10000 247 10000 10000
6 587 10000 10000 1289 939 10000 328 10000 493
7 557 891 10000 1336 1189 311 10000 10000 10000
8 364 10000 873 10000 10000 10000 10000 10000 10000
9 500 10000 800 1200 10000 420 10000 420 280
10 542 10000 867 1300 1300 10000 10000 10000 10000
11 488 10000 10000 780 780 273 409 10000 10000
12 550 10000 880 10000 10000 10000 308 10000 308
13 519 10000 1214 1245 10000 10000 301 297 290
14 496 1190 10000 10000 10000 10000 416 10000 277
15 446 10000 726 713 10000 10000 10000 249 10000
16 642 1540 10000 1540 1540 10000 10000 10000 10000
17 700 1407 1198 1327 10000 10000 392 10000 587
18 393 10000 761 10000 10000 10000 10000 330 10000
19 542 1300 10000 1164 10000 455 10000 10000 10000
20 362 10000 10000 10000 579 202 202 304 213
<precedence relations>
1,4
2,4
2,5
3,4
4,6
5,6
6,7
6,8
6,9
7,10
7,11
8,10
8,11
9,10
9,11
10,12
10,14
11,12
11,13
12,16
14,15
15,17
15,18
16,20
17,20
18,19
<end>