<number of tasks>
100
<number of stations>
50
<order strength>
0.895
<type of the robots>
4
<robot flexibility>
0.20
<collaboration flexibility>
0.20
<number of robots>
5
5
5
5
<task times>
1 458 10000 10000 1099 10000 10000 384 335 10000
2 165 10000 10000 10000 10000 10000 10000 10000 10000
3 242 10000 456 10000 10000 10000 10000 135 203
4 228 10000 10000 10000 10000 10000 10000 191 10000
5 235 10000 10000 10000 376 131 10000 10000 197
6 458 10000 10000 10000 933 10000 10000 10000 10000
7 176 10000 281 281 281 147 10000 10000 10000
8 96 10000 10000 10000 10000 10000 10000 10000 10000
9 119 285 10000 10000 10000 10000 10000 10000 10000
10 72 115 172 10000 115 10000 10000 10000 10000
11 21 10000 10000 10000 10000 10000 17 10000 10000
12 182 10000 10000 10000 10000 10000 152 101 10000
13 353 811 10000 660 10000 251 10000 10000 296
14 269 10000 10000 10000 10000 225 10000 225 10000
15 163 10000 10000 10000 10000 10000 10000 10000 10000
16 445 10000 1012 10000 712 10000 10000 10000 10000
17 480 1152 10000 10000 10000 10000 10000 10000 10000
18 343 548 10000 823 10000 10000 10000 10000 10000
19 189 10000 10000 10000 453 10000 158 158 10000
20 477 10000 10000 10000 10000 10000 10000 295 10000
21 394 10000 10000 10000 10000 10000 330 10000 330
22 557 10000 10000 10000 10000 10000 10000 10000 10000
23 369 590 10000 590 10000 10000 309 10000 206
24 456 10000 911 1094 779 10000 255 10000 10000
25 227 10000 10000 363 10000 10000 10000 10000 153
26 216 10000 10000 10000 10000 10000 10000 10000 120
27 480 10000 10000 10000 10000 10000 10000 10000 10000
28 156 10000 10000 249 10000 10000 10000 10000 10000
29 285 456 456 10000 10000 10000 10000 10000 10000
30 99 10000 10000 10000 237 10000 10000 10000 10000
31 368 10000 10000 883 10000 309 10000 206 10000
32 239 10000 10000 10000 492 10000 10000 10000 10000
33 284 10000 10000 10000 681 10000 10000 10000 10000
34 205 10000 10000 10000 10000 10000 10000 10000 10000
35 589 1106 10000 10000 10000 10000 10000 10000 10000
36 164 10000 10000 10000 10000 10000 10000 10000 10000
37 269 10000 10000 10000 10000 10000 223 10000 10000
38 494 10000 1185 10000 10000 10000 414 10000 10000
39 92 10000 10000 10000 10000 51 10000 10000 77
40 577 988 10000 10000 10000 10000 10000 10000 10000
41 99 191 10000 10000 237 10000 55 55 10000
42 235 10000 10000 10000 10000 131 10000 131 10000
43 544 10000 10000 10000 1305 10000 456 10000 10000
44 37 10000 10000 10000 88 10000 10000 10000 10000
45 455 1092 10000 728 10000 10000 10000 10000 10000
46 120 10000 10000 10000 10000 10000 10000 10000 10000
47 198 347 10000 10000 10000 166 10000 10000 10000
48 141 10000 10000 338 10000 10000 78 10000 10000
49 146 10000 10000 10000 10000 10000 10000 10000 122
50 23 55 10000 47 10000 10000 12 10000 10000
51 91 10000 10000 10000 10000 10000 76 10000 10000
52 178 10000 10000 10000 10000 10000 10000 10000 10000
53 283 10000 10000 10000 10000 10000 10000 158 237
54 78 10000 10000 10000 10000 10000 10000 10000 10000
55 353 10000 10000 10000 10000 10000 10000 296 10000
56 157 10000 10000 10000 10000 10000 10000 10000 87
57 120 10000 194 10000 211 10000 74 10000 10000
58 124 10000 10000 248 10000 10000 69 10000 69
59 117 10000 266 10000 10000 10000 10000 10000 65
60 239 10000 10000 10000 10000 10000 10000 10000 10000
61 150 10000 259 283 360 10000 10000 10000 10000
62 490 784 10000 10000 10000 10000 10000 10000 10000
63 377 10000 10000 10000 10000 10000 10000 10000 10000
64 390 10000 10000 10000 10000 327 10000 10000 10000
65 195 10000 10000 10000 10000 10000 10000 10000 109
66 520 10000 10000 10000 10000 10000 10000 436 10000
67 36 10000 10000 10000 80 10000 10000 10000 21
68 210 10000 504 10000 10000 10000 10000 117 146
69 145 10000 10000 10000 232 87 113 10000 10000
70 214 10000 10000 10000 10000 10000 10000 10000 10000
71 427 10000 10000 10000 10000 10000 239 239 10000
72 186 10000 10000 10000 446 10000 104 10000 10000
73 250 10000 10000 10000 10000 10000 10000 140 10000
74 188 10000 10000 10000 10000 157 10000 112 10000
75 459 10000 10000 928 10000 10000 257 10000 10000
76 99 10000 185 10000 10000 10000 10000 10000 83
77 103 10000 164 10000 247 10000 10000 10000 10000
78 54 10000 129 10000 86 10000 10000 10000 10000
79 146 10000 10000 233 10000 10000 10000 10000 10000
80 75 10000 120 180 180 10000 10000 10000 10000
81 29 10000 10000 10000 10000 10000 10000 16 10000
82 61 10000 10000 10000 10000 10000 51 10000 10000
83 379 10000 10000 10000 799 10000 10000 212 10000
84 194 10000 10000 400 10000 10000 10000 108 10000
85 271 433 10000 10000 10000 10000 10000 10000 10000
86 243 10000 10000 10000 10000 10000 10000 204 136
87 580 10000 10000 10000 10000 10000 10000 10000 10000
88 54 10000 86 129 10000 10000 10000 10000 36
89 198 10000 10000 316 10000 10000 10000 10000 10000
90 81 10000 129 10000 129 10000 10000 10000 10000
91 42 10000 10000 67 10000 35 10000 10000 23
92 108 10000 172 259 10000 10000 90 90 10000
93 435 10000 10000 10000 696 243 10000 10000 365
94 419 10000 670 10000 10000 10000 284 10000 351
95 310 10000 532 10000 10000 10000 10000 10000 173
96 107 10000 10000 10000 256 89 59 10000 10000
97 39 10000 10000 10000 10000 10000 10000 10000 21
98 204 489 10000 10000 10000 10000 10000 10000 10000
99 134 10000 245 10000 321 10000 75 10000 111
100 92 10000 10000 147 10000 77 10000 10000 10000
<precedence relations>
1,4
1,5
1,6
2,4
2,5
2,6
3,4
3,5
3,6
4,7
4,8
4,9
5,7
5,8
5,9
6,7
6,8
6,9
7,10
7,11
7,12
7,13
8,10
8,11
8,12
8,13
9,10
9,11
9,12
9,13
10,14
10,15
10,16
11,14
11,15
11,16
12,14
12,15
12,16
13,14
13,15
13,16
14,17
14,18
14,19
14,20
14,21
14,22
15,17
15,18
15,19
15,20
15,21
15,22
16,17
16,18
16,19
16,20
16,21
16,22
17,23
17,24
17,25
17,26
17,27
18,23
18,24
18,25
18,27
19,23
19,24
19,25
19,27
20,23
20,26
21,24
21,25
21,26
21,27
22,23
22,24
22,25
22,26
22,27
23,28
23,29
23,30
24,28
24,29
24,30
25,28
25,29
25,30
26,28
26,29
27,28
27,29
28,31
28,32
28,33
28,34
29,31
29,32
29,33
29,34
30,31
30,32
30,33
30,34
31,35
31,36
31,37
32,48
32,49
33,37
34,35
34,36
35,38
35,39
35,40
35,42
36,39
36,40
36,41
36,42
37,38
37,39
37,40
37,41
37,42
38,43
38,44
39,43
39,44
40,43
40,44
41,46
41,55
41,60
41,68
42,43
43,45
43,46
43,48
43,49
44,45
44,46
44,47
44,48
44,49
45,66
46,73
46,76
46,81
46,85
47,50
47,51
48,50
48,51
49,50
49,51
50,53
50,54
50,55
50,56
51,52
52,53
52,54
52,55
52,56
53,57
54,63
54,70
55,67
55,74
56,57
57,58
57,59
57,60
57,61
58,62
59,62
59,63
59,64
60,71
61,64
61,65
62,66
63,67
63,75
64,70
64,78
64,80
65,66
66,68
66,69
66,70
66,72
67,71
67,79
68,73
68,74
68,75
68,80
69,73
69,74
70,74
70,75
71,73
72,76
72,79
73,77
73,78
74,79
74,89
74,90
74,92
75,81
76,77
76,80
77,82
77,83
77,86
78,82
79,85
79,95
80,82
80,84
81,84
81,88
82,88
82,89
82,90
83,88
84,87
84,93
85,97
86,87
88,92
89,91
91,100
92,93
92,94
92,95
94,97
94,98
95,96
96,99
98,99
98,100
<end>