<number of tasks>
20
<number of stations>
10
<order strength>
0.800
<type of the robots>
4
<robot flexibility>
0.40
<collaboration flexibility>
0.40
<number of robots>
1
1
1
1
<task times>
1 228 10000 547 10000 10000 127 127 131 10000
2 62 10000 99 10000 148 10000 10000 10000 10000
3 91 10000 145 10000 10000 10000 10000 10000 10000
4 277 443 648 10000 10000 10000 10000 10000 232
5 439 10000 824 1053 10000 10000 10000 245 245
6 544 10000 1305 10000 10000 454 304 10000 456
7 119 285 10000 10000 10000 10000 10000 10000 10000
8 507 10000 811 811 10000 283 10000 10000 10000
9 111 10000 10000 266 10000 93 62 93 62
10 441 705 10000 10000 10000 10000 10000 10000 369
11 184 10000 294 294 10000 154 118 10000 10000
12 112 10000 10000 10000 10000 80 94 10000 62
13 43 10000 103 103 10000 36 10000 10000 24
14 162 372 388 10000 388 90 10000 10000 90
15 95 152 10000 10000 10000 10000 10000 10000 53
16 458 10000 804 868 10000 256 10000 10000 10000
17 118 10000 283 10000 10000 99 99 10000 10000
18 451 1082 1082 10000 721 10000 378 378 10000
19 295 472 10000 634 708 165 10000 10000 247
20 134 214 10000 321 10000 10000 112 10000 10000
<precedence relations>
1,3
2,4
2,5
2,6
3,4
3,5
3,6
4,7
4,8
5,7
6,7
7,9
8,10
8,12
9,11
9,12
9,13
10,15
10,20
11,14
11,15
12,14
12,15
13,14
14,16
14,17
15,18
16,18
16,19
16,20
<end>