<number of tasks>
20
<number of stations>
10
<order strength>
0.800
<type of the robots>
4
<robot flexibility>
0.40
<collaboration flexibility>
0.40
<number of robots>
1
1
1
1
<task times>
1 213 10000 10000 10000 10000 10000 10000 119 10000
2 258 478 10000 619 10000 144 216 10000 216
3 146 10000 10000 10000 10000 122 81 10000 10000
4 75 160 120 10000 10000 42 42 10000 63
5 128 10000 10000 204 307 107 10000 10000 10000
6 105 168 10000 10000 10000 10000 88 10000 10000
7 113 10000 10000 10000 271 94 10000 63 63
8 224 10000 10000 358 10000 10000 10000 144 10000
9 58 10000 10000 10000 10000 10000 10000 10000 10000
10 31 10000 10000 10000 10000 23 10000 26 10000
11 220 10000 10000 10000 10000 10000 10000 10000 184
12 124 10000 10000 297 232 10000 69 10000 69
13 37 10000 10000 10000 10000 10000 10000 10000 31
14 120 10000 192 288 10000 10000 10000 10000 10000
15 178 10000 10000 10000 284 10000 10000 99 107
16 259 595 10000 10000 621 217 10000 10000 217
17 152 243 10000 10000 364 10000 10000 10000 127
18 212 10000 10000 10000 10000 118 118 10000 178
19 104 10000 10000 10000 10000 10000 10000 10000 10000
20 130 312 244 285 10000 72 109 109 72
<precedence relations>
1,2
1,3
2,5
2,6
3,4
3,5
4,7
4,8
4,9
5,7
5,8
5,9
6,7
6,8
7,10
7,11
8,10
8,11
9,10
9,11
11,12
11,13
12,15
12,16
13,14
14,17
15,19
16,18
17,18
17,19
17,20
<end>