<number of tasks>
100
<number of stations>
50
<order strength>
0.895
<type of the robots>
4
<robot flexibility>
0.20
<collaboration flexibility>
0.20
<number of robots>
5
5
5
5
<task times>
1 259 10000 10000 621 10000 145 10000 217 10000
2 228 10000 10000 10000 547 10000 10000 10000 10000
3 23 36 10000 10000 10000 10000 12 10000 18
4 61 146 10000 146 10000 10000 10000 10000 51
5 69 10000 10000 10000 153 38 10000 10000 10000
6 280 10000 672 10000 10000 235 10000 10000 10000
7 179 10000 10000 10000 10000 10000 10000 10000 10000
8 196 313 10000 10000 10000 10000 10000 10000 10000
9 146 335 239 10000 10000 10000 122 10000 10000
10 95 10000 10000 10000 10000 10000 79 10000 10000
11 113 10000 10000 10000 10000 10000 10000 10000 10000
12 107 256 10000 10000 10000 10000 10000 89 72
13 142 10000 10000 10000 10000 10000 10000 10000 10000
14 92 147 10000 10000 10000 10000 10000 59 10000
15 88 10000 10000 211 10000 73 10000 10000 10000
16 205 10000 10000 328 10000 114 10000 10000 10000
17 44 10000 10000 10000 10000 24 10000 36 10000
18 46 10000 10000 10000 110 10000 25 10000 10000
19 68 10000 108 10000 10000 10000 10000 10000 10000
20 122 292 10000 10000 10000 10000 10000 10000 102
21 37 10000 81 88 10000 10000 31 10000 10000
22 247 10000 10000 10000 10000 10000 10000 10000 10000
23 75 10000 126 10000 10000 42 10000 10000 10000
24 186 297 10000 297 10000 10000 10000 10000 10000
25 26 48 42 10000 10000 21 14 10000 10000
26 116 10000 10000 10000 189 64 10000 10000 10000
27 65 10000 10000 10000 104 10000 10000 10000 10000
28 153 367 10000 268 10000 10000 10000 10000 10000
29 156 10000 10000 10000 10000 87 10000 10000 10000
30 57 10000 136 10000 10000 10000 47 10000 47
31 74 118 10000 118 10000 48 10000 10000 10000
32 206 494 10000 10000 329 173 115 10000 10000
33 56 134 10000 10000 10000 10000 10000 31 10000
34 82 10000 10000 10000 10000 10000 10000 45 10000
35 60 10000 10000 10000 10000 10000 50 33 10000
36 97 10000 173 10000 10000 10000 10000 10000 10000
37 20 10000 10000 10000 10000 10000 11 10000 11
38 177 10000 10000 298 10000 10000 10000 10000 10000
39 91 10000 10000 10000 10000 10000 10000 10000 10000
40 213 10000 10000 10000 511 10000 10000 10000 10000
41 66 158 10000 10000 10000 10000 10000 10000 10000
42 126 10000 10000 10000 10000 10000 10000 70 70
43 114 10000 10000 10000 182 95 63 10000 10000
44 133 10000 10000 272 10000 10000 10000 10000 10000
45 167 312 10000 10000 10000 10000 10000 10000 10000
46 353 564 10000 10000 10000 10000 10000 10000 10000
47 168 403 10000 10000 268 10000 109 10000 10000
48 129 10000 10000 10000 10000 10000 10000 72 10000
49 66 10000 10000 10000 158 10000 10000 10000 10000
50 280 448 10000 10000 10000 10000 218 10000 156
51 34 10000 10000 10000 10000 21 10000 10000 10000
52 203 10000 10000 10000 10000 10000 10000 10000 116
53 95 228 10000 10000 225 10000 10000 10000 79
54 24 10000 10000 10000 10000 10000 10000 10000 10000
55 135 10000 10000 10000 268 10000 10000 10000 10000
56 195 10000 10000 10000 10000 10000 10000 10000 10000
57 126 10000 10000 10000 10000 10000 10000 10000 10000
58 215 10000 10000 379 10000 10000 10000 10000 10000
59 149 10000 10000 238 10000 125 125 10000 116
60 98 10000 10000 10000 210 82 10000 54 10000
61 156 10000 249 374 10000 10000 10000 10000 10000
62 214 10000 10000 10000 10000 10000 179 155 10000
63 192 10000 10000 10000 307 10000 161 10000 10000
64 63 10000 10000 100 10000 10000 10000 10000 10000
65 291 10000 10000 10000 698 10000 10000 162 10000
66 136 10000 10000 10000 239 76 10000 10000 10000
67 40 10000 10000 10000 10000 33 10000 10000 10000
68 142 10000 340 10000 227 10000 10000 79 10000
69 148 236 10000 10000 10000 10000 10000 10000 120
70 163 10000 10000 10000 10000 10000 10000 10000 10000
71 158 10000 10000 10000 10000 10000 88 88 10000
72 227 544 363 10000 10000 10000 10000 10000 10000
73 105 10000 10000 168 10000 10000 10000 10000 10000
74 173 10000 10000 356 10000 10000 145 145 10000
75 77 10000 175 10000 10000 64 10000 43 10000
76 151 10000 10000 362 362 84 10000 10000 10000
77 40 64 10000 10000 10000 10000 10000 10000 10000
78 57 10000 10000 91 10000 10000 10000 10000 10000
79 130 10000 10000 10000 10000 77 10000 10000 10000
80 118 10000 202 10000 10000 10000 10000 10000 10000
81 191 10000 10000 10000 10000 10000 10000 10000 10000
82 77 10000 184 10000 123 64 10000 10000 43
83 83 10000 10000 10000 10000 10000 10000 10000 10000
84 49 10000 10000 10000 10000 10000 10000 10000 10000
85 64 10000 10000 10000 10000 10000 10000 10000 10000
86 182 10000 356 10000 10000 152 152 10000 10000
87 31 10000 10000 10000 74 10000 10000 10000 10000
88 261 10000 10000 10000 10000 10000 150 10000 10000
89 152 10000 308 361 10000 10000 127 10000 85
90 145 10000 10000 10000 10000 10000 10000 10000 10000
91 129 10000 210 206 10000 10000 10000 10000 10000
92 128 10000 10000 10000 10000 10000 71 10000 10000
93 204 10000 326 10000 10000 171 10000 10000 10000
94 43 96 10000 10000 10000 10000 10000 32 10000
95 105 10000 10000 10000 10000 88 10000 10000 58
96 41 98 65 98 10000 34 10000 10000 34
97 97 220 10000 10000 155 10000 10000 10000 10000
98 223 356 10000 10000 10000 10000 10000 124 10000
99 110 10000 10000 10000 10000 10000 10000 10000 10000
100 111 10000 10000 266 10000 10000 10000 62 10000
<precedence relations>
1,10
2,3
2,4
3,5
3,6
4,5
4,6
5,7
5,8
5,9
5,10
6,7
6,8
6,9
6,10
7,11
7,12
7,13
7,14
7,15
8,11
8,12
8,13
8,14
8,15
9,11
9,12
9,13
9,14
9,15
10,11
10,12
10,13
10,14
10,15
11,16
11,17
11,18
11,19
12,16
12,17
12,18
12,19
13,16
13,17
13,18
13,19
14,16
14,17
14,18
14,19
15,16
15,17
15,18
15,19
16,20
16,21
17,20
17,21
18,20
18,21
19,20
19,21
20,22
20,23
20,24
21,22
21,23
21,24
22,25
22,26
22,28
23,25
23,26
23,27
23,28
24,25
24,26
24,27
24,28
25,29
25,30
25,31
26,29
26,30
26,31
27,29
27,30
27,31
28,29
28,30
28,31
29,32
29,33
29,34
29,35
29,36
30,32
30,33
30,34
30,35
30,36
31,32
31,33
31,34
31,35
31,36
32,37
32,38
32,39
33,37
33,38
33,39
34,37
34,38
34,39
35,37
35,38
35,39
36,37
36,38
36,39
37,40
37,41
37,42
37,43
37,44
38,40
38,41
38,42
38,43
38,44
39,40
39,41
39,42
39,43
39,44
40,45
40,46
40,47
41,45
41,46
41,47
42,45
42,46
43,45
44,45
44,46
44,47
45,48
45,49
45,51
46,48
46,50
47,49
48,53
48,55
48,56
49,52
49,53
49,56
49,57
50,52
50,53
50,54
50,55
51,55
51,56
52,63
53,58
53,71
53,79
54,57
55,57
56,62
56,69
57,58
57,59
57,60
58,73
58,92
59,61
59,62
59,63
60,61
60,62
60,63
61,64
61,65
61,66
62,64
63,66
63,67
64,67
64,79
65,67
65,68
66,68
67,71
68,69
68,70
68,71
69,72
69,73
69,74
69,75
70,76
70,82
70,83
71,75
71,80
72,79
73,77
73,94
74,77
74,80
75,91
75,92
75,100
76,78
76,81
77,98
77,99
78,89
78,90
78,91
79,82
80,82
80,83
80,84
81,87
81,93
82,88
82,89
83,85
83,87
84,86
85,89
85,90
85,91
86,90
86,92
89,93
89,98
91,94
91,95
92,96
93,100
94,99
95,98
96,97
<end>