<number of tasks>
20
<number of stations>
5
<order strength>
0.195
<type of the robots>
4
<robot flexibility>
0.40
<collaboration flexibility>
0.40
<number of robots>
1
0
0
0
<task times>
1 224 10000 10000 10000 10000 125 10000 188 125
2 499 10000 10000 10000 10000 10000 10000 419 10000
3 373 10000 895 895 10000 312 10000 208 10000
4 188 10000 10000 413 10000 10000 157 10000 157
5 39 10000 10000 10000 10000 10000 10000 10000 10000
6 145 232 10000 10000 10000 81 81 121 87
7 417 10000 10000 10000 10000 10000 233 10000 10000
8 69 10000 110 165 10000 57 10000 57 10000
9 167 10000 267 10000 10000 10000 10000 10000 140
10 506 1214 10000 1214 10000 10000 10000 10000 425
11 420 672 1008 10000 10000 10000 235 10000 10000
12 446 10000 713 10000 1070 10000 374 10000 10000
13 225 10000 422 10000 540 10000 126 10000 189
14 229 526 10000 10000 10000 10000 128 10000 128
15 567 10000 10000 10000 10000 476 317 10000 10000
16 291 698 10000 10000 698 10000 10000 10000 10000
17 138 10000 331 258 10000 99 10000 115 10000
18 79 10000 10000 10000 126 10000 10000 44 10000
19 195 312 378 312 10000 10000 10000 163 10000
20 87 139 10000 10000 10000 48 48 10000 10000
<precedence relations>
1,5
1,8
3,6
3,7
5,9
5,12
6,13
6,14
8,10
8,11
9,17
10,16
14,15
15,18
15,19
15,20
<end>