<number of tasks>
50
<number of stations>
13
<order strength>
0.200
<type of the robots>
4
<robot flexibility>
0.20
<collaboration flexibility>
0.20
<number of robots>
2
1
1
1
<task times>
1 212 10000 10000 10000 10000 10000 10000 10000 10000
2 532 10000 10000 10000 10000 10000 10000 10000 10000
3 406 10000 10000 10000 649 10000 10000 10000 10000
4 375 10000 10000 10000 10000 10000 10000 10000 10000
5 477 1018 10000 10000 925 10000 400 10000 267
6 524 838 10000 838 10000 293 10000 10000 339
7 526 10000 841 10000 10000 10000 10000 10000 10000
8 497 10000 10000 10000 10000 10000 10000 10000 10000
9 357 10000 10000 571 10000 10000 10000 10000 10000
10 348 10000 10000 10000 10000 10000 10000 10000 10000
11 586 10000 10000 10000 10000 10000 10000 10000 10000
12 441 10000 10000 10000 10000 10000 10000 10000 10000
13 602 10000 10000 10000 1249 428 10000 505 10000
14 552 10000 10000 1318 883 10000 309 10000 10000
15 474 10000 10000 10000 10000 398 10000 10000 10000
16 465 10000 10000 10000 10000 10000 10000 10000 10000
17 401 10000 10000 10000 641 224 336 336 10000
18 501 10000 10000 1138 10000 280 10000 420 286
19 637 1528 10000 10000 1019 10000 10000 356 10000
20 451 10000 1082 721 1082 10000 378 10000 252
21 812 10000 1948 10000 10000 10000 10000 682 10000
22 651 1041 10000 10000 10000 10000 10000 10000 10000
23 494 10000 10000 10000 790 10000 10000 10000 10000
24 505 10000 10000 10000 10000 10000 10000 424 10000
25 362 10000 10000 10000 10000 10000 304 10000 10000
26 296 10000 10000 10000 10000 10000 10000 248 10000
27 612 10000 10000 10000 10000 10000 342 342 10000
28 465 744 10000 10000 10000 10000 10000 385 10000
29 175 10000 10000 10000 10000 10000 10000 10000 10000
30 388 728 10000 10000 10000 325 10000 10000 217
31 558 10000 10000 10000 1339 312 10000 10000 10000
32 387 10000 928 924 619 10000 10000 216 325
33 649 10000 10000 10000 10000 10000 10000 10000 10000
34 543 10000 10000 10000 10000 10000 10000 10000 10000
35 260 10000 10000 10000 10000 145 10000 10000 10000
36 669 10000 10000 10000 10000 374 10000 10000 10000
37 593 10000 10000 10000 10000 10000 10000 332 10000
38 672 10000 10000 10000 10000 10000 10000 564 10000
39 499 10000 10000 10000 10000 279 10000 10000 10000
40 431 10000 10000 1034 10000 362 10000 10000 10000
41 293 10000 10000 10000 10000 10000 164 10000 10000
42 375 10000 10000 10000 10000 10000 10000 210 10000
43 692 10000 10000 10000 10000 10000 10000 10000 581
44 620 10000 10000 1252 1224 10000 10000 10000 10000
45 640 10000 10000 10000 10000 10000 10000 10000 10000
46 529 10000 10000 10000 10000 10000 10000 10000 10000
47 545 10000 10000 10000 936 457 10000 332 10000
48 512 10000 10000 819 10000 10000 10000 286 286
49 363 10000 10000 10000 10000 10000 203 304 10000
50 488 1171 920 10000 10000 10000 409 273 10000
<precedence relations>
1,11
2,8
2,9
3,17
6,12
7,10
8,14
8,15
9,16
10,34
12,13
13,18
13,21
14,19
15,20
15,22
16,17
16,23
17,25
17,26
18,27
20,40
21,24
21,26
24,28
24,29
24,33
24,34
25,35
26,31
26,32
27,30
29,37
29,43
30,40
30,41
30,42
30,44
33,36
33,38
34,39
35,44
38,47
40,48
42,45
43,46
44,45
44,49
44,50
<end>