<number of tasks>
100
<number of stations>
50
<order strength>
0.200
<type of the robots>
4
<robot flexibility>
0.00
<collaboration flexibility>
0.00
<number of robots>
0
0
0
0
<task times>
1 577 10000 10000 10000 10000 10000 10000 10000 10000
2 379 10000 10000 10000 10000 10000 10000 10000 10000
3 386 10000 10000 10000 10000 10000 10000 10000 216
4 742 10000 10000 1780 10000 10000 10000 623 10000
5 652 10000 10000 10000 10000 10000 10000 547 10000
6 546 10000 10000 10000 873 10000 10000 10000 10000
7 634 10000 10000 10000 10000 532 10000 10000 10000
8 325 10000 10000 10000 780 10000 10000 10000 182
9 469 10000 750 10000 10000 10000 10000 10000 10000
10 609 10000 10000 10000 10000 10000 10000 10000 10000
11 663 10000 10000 10000 10000 10000 10000 10000 10000
12 452 964 10000 723 10000 10000 10000 379 379
13 403 10000 10000 10000 10000 10000 338 10000 10000
14 527 10000 10000 10000 10000 10000 10000 10000 10000
15 536 1286 10000 10000 1105 450 10000 10000 10000
16 481 10000 10000 10000 10000 10000 10000 10000 10000
17 558 1339 10000 10000 10000 10000 312 312 10000
18 394 10000 10000 10000 630 10000 220 10000 10000
19 571 10000 10000 10000 10000 319 10000 10000 479
20 488 10000 10000 1171 10000 10000 10000 273 10000
21 538 10000 10000 10000 860 10000 10000 10000 10000
22 509 10000 10000 10000 10000 10000 10000 10000 10000
23 418 10000 10000 10000 10000 10000 10000 10000 10000
24 563 10000 10000 1351 962 10000 472 472 10000
25 483 10000 10000 10000 10000 10000 270 10000 10000
26 321 10000 10000 10000 770 10000 269 10000 10000
27 392 10000 10000 10000 678 219 329 10000 10000
28 483 10000 1136 1159 1159 10000 10000 270 10000
29 473 10000 10000 10000 10000 10000 264 10000 397
30 610 10000 10000 10000 10000 10000 392 10000 512
31 571 10000 10000 10000 10000 10000 319 319 10000
32 792 1267 10000 10000 1900 10000 10000 10000 10000
33 668 10000 10000 10000 10000 10000 10000 374 10000
34 607 1140 10000 1456 10000 10000 10000 10000 10000
35 455 10000 786 10000 1092 10000 294 10000 382
36 647 10000 1544 10000 10000 10000 10000 10000 10000
37 523 10000 10000 10000 10000 10000 439 292 292
38 730 10000 10000 10000 10000 408 10000 10000 10000
39 477 1144 1015 10000 10000 10000 10000 10000 267
40 308 10000 10000 10000 10000 10000 172 10000 258
41 338 10000 10000 10000 10000 189 10000 10000 283
42 493 10000 10000 10000 10000 10000 10000 10000 414
43 327 784 10000 784 10000 10000 183 10000 10000
44 286 10000 10000 10000 10000 10000 10000 160 10000
45 582 10000 10000 10000 10000 10000 10000 10000 10000
46 665 10000 10000 10000 10000 558 10000 558 10000
47 372 10000 10000 762 892 312 208 10000 10000
48 495 10000 925 10000 10000 10000 10000 10000 10000
49 551 10000 10000 10000 881 10000 462 10000 10000
50 388 10000 10000 10000 10000 10000 10000 10000 217
51 420 10000 10000 10000 10000 10000 10000 10000 10000
52 422 675 10000 10000 10000 236 354 10000 10000
53 489 10000 10000 782 10000 10000 10000 410 10000
54 655 10000 10000 10000 1572 10000 10000 10000 366
55 415 664 10000 10000 10000 10000 10000 10000 10000
56 487 1168 10000 10000 10000 409 10000 10000 10000
57 475 10000 10000 10000 10000 10000 10000 10000 10000
58 628 10000 10000 10000 10000 10000 10000 10000 527
59 532 10000 10000 10000 10000 10000 10000 10000 10000
60 274 657 10000 10000 10000 230 10000 153 10000
61 739 1773 10000 10000 10000 10000 10000 10000 10000
62 292 10000 10000 10000 467 10000 163 10000 10000
63 436 10000 1046 10000 10000 10000 10000 10000 10000
64 349 10000 10000 10000 10000 10000 195 10000 10000
65 449 10000 10000 908 10000 10000 10000 10000 10000
66 450 10000 10000 10000 896 10000 10000 10000 252
67 491 10000 10000 10000 1055 10000 10000 10000 10000
68 537 10000 10000 859 10000 10000 10000 10000 10000
69 640 10000 1024 10000 10000 10000 358 10000 10000
70 591 10000 10000 10000 10000 10000 10000 10000 496
71 351 10000 10000 842 10000 10000 10000 196 294
72 424 905 10000 10000 678 10000 10000 237 10000
73 485 10000 10000 10000 10000 10000 10000 10000 10000
74 496 10000 1190 10000 10000 10000 10000 277 10000
75 386 617 10000 846 10000 324 10000 324 10000
76 289 462 10000 10000 10000 10000 10000 161 10000
77 544 10000 10000 10000 10000 304 10000 10000 10000
78 462 1108 10000 10000 10000 388 10000 10000 10000
79 505 808 10000 10000 10000 10000 10000 10000 10000
80 561 1346 10000 897 10000 330 10000 10000 10000
81 695 10000 10000 10000 10000 10000 10000 531 10000
82 402 10000 10000 10000 10000 10000 10000 337 10000
83 393 10000 10000 10000 10000 246 10000 10000 10000
84 685 10000 10000 10000 10000 10000 10000 10000 10000
85 618 10000 988 10000 10000 10000 10000 10000 10000
86 496 10000 906 793 10000 416 416 10000 10000
87 468 10000 917 10000 10000 10000 10000 10000 10000
88 495 10000 10000 10000 10000 10000 10000 10000 10000
89 427 10000 10000 683 683 10000 10000 358 239
90 608 10000 10000 10000 10000 10000 10000 10000 10000
91 538 10000 10000 10000 1182 10000 10000 10000 10000
92 345 828 10000 10000 10000 289 10000 258 289
93 356 10000 10000 10000 10000 199 199 10000 10000
94 621 10000 10000 10000 1490 521 10000 10000 10000
95 495 10000 10000 10000 10000 10000 10000 286 10000
96 556 10000 10000 10000 10000 10000 10000 10000 10000
97 480 10000 10000 10000 10000 10000 10000 10000 10000
98 471 1088 753 753 10000 263 10000 10000 263
99 266 10000 10000 10000 10000 10000 10000 10000 10000
100 762 10000 1828 1219 10000 10000 10000 10000 10000
<precedence relations>
1,8
2,9
2,13
3,11
6,10
7,12
7,13
8,14
9,16
10,15
10,20
11,19
12,17
12,18
14,21
15,22
16,23
17,24
17,35
19,25
19,28
20,25
20,26
20,27
21,29
22,30
23,32
24,33
25,31
25,36
26,34
26,38
27,35
27,37
27,75
28,39
28,56
29,40
30,43
31,44
32,45
33,46
34,41
35,42
35,47
36,45
37,48
39,86
40,54
41,49
42,50
43,52
44,53
45,51
45,55
45,56
46,55
46,57
48,58
49,61
50,65
51,62
52,63
53,64
54,66
54,100
55,59
56,60
56,93
59,68
60,69
61,70
62,71
63,72
64,67
64,73
64,74
65,73
65,76
66,75
67,78
68,79
69,80
70,82
71,82
72,81
73,77
73,87
74,86
75,83
75,85
76,84
77,88
78,89
79,91
80,90
81,91
84,92
87,93
88,96
89,94
90,95
91,97
91,98
91,99
91,100
<end>