<number of tasks>
100
<number of stations>
50
<order strength>
0.201
<type of the robots>
4
<robot flexibility>
0.40
<collaboration flexibility>
0.40
<number of robots>
3
3
2
2
<task times>
1 580 10000 10000 928 10000 10000 406 10000 487
2 162 10000 374 364 10000 10000 10000 10000 10000
3 126 10000 10000 302 10000 10000 10000 10000 10000
4 355 658 10000 10000 852 198 298 10000 266
5 390 10000 624 10000 624 10000 10000 10000 327
6 492 10000 1180 1180 923 413 275 413 275
7 29 61 10000 10000 69 16 24 10000 10000
8 239 382 10000 573 382 10000 133 133 10000
9 331 10000 10000 10000 10000 278 10000 10000 185
10 313 10000 747 751 10000 262 259 10000 175
11 131 301 209 10000 311 10000 73 81 10000
12 140 336 10000 10000 224 10000 117 10000 10000
13 112 10000 10000 216 228 10000 62 10000 94
14 27 43 64 10000 43 20 10000 17 10000
15 110 176 10000 10000 176 10000 10000 92 92
16 282 676 10000 10000 10000 157 236 10000 10000
17 35 56 10000 10000 56 29 19 10000 10000
18 167 10000 10000 10000 10000 10000 10000 93 10000
19 90 144 10000 10000 10000 10000 50 75 75
20 102 163 10000 10000 10000 85 57 57 10000
21 490 10000 784 10000 1176 10000 10000 411 411
22 242 10000 10000 10000 10000 135 203 10000 10000
23 425 10000 10000 680 10000 10000 10000 238 10000
24 468 10000 945 1051 748 10000 10000 393 393
25 587 939 1408 10000 10000 10000 10000 328 328
26 258 412 492 10000 10000 10000 10000 144 216
27 273 638 10000 10000 563 10000 152 10000 152
28 48 10000 86 79 76 28 10000 26 26
29 233 10000 10000 10000 10000 10000 10000 10000 10000
30 182 10000 10000 10000 10000 152 152 10000 152
31 241 392 10000 10000 475 10000 202 10000 134
32 98 167 10000 10000 10000 10000 54 10000 82
33 203 324 477 324 10000 130 10000 10000 10000
34 241 10000 416 10000 10000 202 134 10000 10000
35 331 10000 10000 529 10000 10000 10000 278 278
36 97 10000 10000 10000 232 10000 10000 54 54
37 23 36 36 10000 47 19 10000 10000 19
38 462 811 899 739 1108 388 10000 10000 258
39 87 10000 207 10000 10000 73 10000 10000 10000
40 220 10000 468 10000 10000 184 10000 10000 10000
41 273 655 10000 10000 655 10000 175 10000 152
42 133 10000 10000 213 319 10000 10000 10000 74
43 24 10000 57 10000 10000 10000 10000 10000 10000
44 169 10000 272 284 10000 141 10000 10000 10000
45 466 10000 967 745 745 10000 10000 260 391
46 64 153 102 10000 105 10000 10000 53 10000
47 508 950 812 10000 10000 10000 10000 10000 10000
48 99 10000 10000 10000 10000 83 10000 10000 10000
49 79 126 10000 10000 189 44 44 10000 10000
50 376 10000 10000 10000 10000 315 10000 10000 10000
51 368 883 10000 588 10000 10000 10000 10000 10000
52 353 10000 10000 847 847 10000 10000 10000 10000
53 133 10000 212 10000 10000 10000 10000 10000 10000
54 297 475 555 506 10000 10000 10000 10000 166
55 102 10000 10000 10000 244 10000 10000 10000 10000
56 486 1166 777 10000 10000 10000 10000 408 10000
57 98 10000 235 200 156 59 54 54 10000
58 461 10000 737 737 10000 10000 387 10000 10000
59 152 10000 243 244 364 10000 127 10000 10000
60 260 624 416 624 624 218 10000 10000 145
61 473 10000 756 10000 10000 397 397 332 10000
62 325 780 10000 520 10000 272 182 10000 10000
63 82 10000 196 10000 144 10000 45 10000 45
64 430 688 10000 10000 10000 10000 10000 253 240
65 83 10000 10000 132 10000 10000 10000 10000 10000
66 89 213 10000 10000 10000 10000 10000 10000 49
67 205 10000 492 10000 492 10000 114 114 172
68 139 222 274 10000 10000 77 116 10000 10000
69 142 303 243 10000 340 10000 10000 119 10000
70 375 900 10000 10000 600 10000 10000 210 315
71 483 772 10000 852 10000 270 270 350 10000
72 51 10000 10000 10000 95 10000 10000 10000 10000
73 89 10000 10000 142 10000 49 10000 49 74
74 555 10000 1332 10000 1105 10000 10000 10000 310
75 134 10000 237 10000 287 10000 10000 75 104
76 578 1387 10000 10000 10000 10000 10000 10000 485
77 476 761 1142 10000 10000 10000 10000 284 10000
78 303 727 10000 10000 727 10000 10000 10000 254
79 308 581 10000 739 10000 10000 10000 10000 10000
80 177 424 378 10000 10000 99 99 10000 10000
81 27 62 43 10000 10000 15 10000 22 15
82 44 10000 105 10000 10000 10000 30 24 10000
83 24 10000 10000 10000 38 10000 18 10000 20
84 111 177 10000 177 177 10000 62 93 62
85 70 10000 10000 168 10000 44 10000 39 57
86 310 10000 10000 10000 10000 260 10000 10000 173
87 145 10000 10000 10000 10000 10000 10000 10000 121
88 484 1156 906 10000 10000 10000 10000 271 316
89 34 10000 10000 70 10000 10000 10000 10000 10000
90 100 10000 10000 10000 10000 10000 84 10000 56
91 50 113 10000 10000 120 10000 28 10000 10000
92 285 10000 10000 10000 10000 10000 10000 10000 10000
93 450 10000 720 10000 720 10000 10000 252 10000
94 80 192 128 10000 10000 67 10000 10000 10000
95 531 1206 1274 10000 10000 10000 10000 10000 10000
96 224 358 10000 537 537 10000 10000 10000 125
97 476 10000 10000 10000 10000 399 10000 10000 399
98 26 62 10000 41 10000 14 10000 10000 10000
99 258 10000 10000 10000 10000 10000 10000 10000 144
100 125 10000 234 200 10000 10000 10000 105 10000
<precedence relations>
1,11
2,8
2,16
2,75
3,9
3,15
4,10
4,67
4,85
5,14
6,40
6,56
7,12
7,13
7,14
8,17
9,18
10,19
11,20
12,21
13,22
14,23
14,24
14,25
14,26
16,76
16,99
17,30
18,32
19,27
20,28
21,29
22,31
24,74
25,91
26,33
27,35
28,36
29,36
30,34
31,37
32,39
32,40
32,89
33,38
34,41
35,42
36,67
37,46
37,47
37,48
38,43
38,56
38,83
39,44
39,49
40,45
41,52
42,54
43,50
43,53
43,55
44,51
44,68
45,65
45,92
45,97
46,97
47,95
48,56
49,56
50,57
51,59
52,58
53,60
54,63
55,61
55,62
55,64
55,67
56,65
56,66
56,67
56,68
57,70
58,69
59,73
60,74
61,71
62,72
63,76
64,75
64,76
64,77
65,75
66,84
67,91
67,92
67,95
68,78
68,90
69,83
70,79
71,84
72,81
73,82
74,85
75,80
77,85
78,91
79,86
80,87
81,89
82,88
84,91
84,92
85,90
86,93
87,94
88,95
89,97
89,99
91,98
91,100
92,96
<end>