<number of tasks>
20
<number of stations>
10
<order strength>
0.200
<type of the robots>
4
<robot flexibility>
0.20
<collaboration flexibility>
0.20
<number of robots>
1
1
1
1
<task times>
1 527 10000 10000 10000 10000 10000 10000 10000 10000
2 491 10000 10000 10000 10000 10000 10000 412 10000
3 346 10000 10000 10000 10000 10000 10000 290 10000
4 137 10000 219 10000 294 10000 10000 10000 10000
5 481 1154 10000 10000 10000 402 10000 10000 10000
6 519 926 830 10000 10000 10000 290 435 10000
7 375 10000 877 900 900 315 10000 215 10000
8 480 10000 10000 768 10000 10000 10000 268 10000
9 433 10000 705 1039 10000 10000 10000 10000 10000
10 230 10000 10000 10000 10000 10000 10000 10000 10000
11 366 10000 10000 10000 10000 10000 10000 10000 10000
12 572 10000 10000 10000 10000 10000 10000 10000 10000
13 595 10000 10000 10000 10000 10000 499 499 499
14 411 657 10000 10000 10000 10000 10000 10000 10000
15 432 10000 10000 10000 10000 10000 10000 241 362
16 543 10000 10000 10000 10000 456 10000 10000 304
17 398 10000 10000 10000 10000 10000 10000 10000 10000
18 508 10000 10000 10000 10000 10000 10000 10000 10000
19 538 10000 1291 10000 1291 10000 10000 10000 10000
20 405 10000 972 10000 10000 226 226 10000 226
<precedence relations>
1,9
3,6
4,5
4,7
4,8
7,12
8,10
9,11
10,13
10,15
10,16
10,17
12,14
17,18
17,19
17,20
<end>