<number of tasks>
20
<number of stations>
10
<order strength>
0.800
<type of the robots>
4
<robot flexibility>
0.40
<collaboration flexibility>
0.40
<number of robots>
1
1
1
1
<task times>
1 383 10000 919 10000 10000 10000 10000 321 321
2 567 1051 10000 1360 10000 10000 10000 476 10000
3 379 10000 10000 909 909 10000 10000 10000 10000
4 236 10000 377 566 10000 10000 10000 132 132
5 420 896 10000 10000 10000 10000 10000 10000 352
6 470 10000 752 10000 752 263 263 394 10000
7 512 10000 1197 10000 10000 430 10000 10000 10000
8 497 10000 933 10000 10000 10000 278 10000 278
9 619 1105 1485 1158 1322 346 10000 346 10000
10 630 10000 10000 10000 1512 529 352 10000 352
11 388 839 620 10000 10000 325 248 10000 10000
12 580 10000 10000 10000 928 412 10000 10000 10000
13 488 1171 10000 10000 10000 10000 10000 409 10000
14 514 822 822 10000 10000 10000 10000 10000 287
15 662 1059 10000 10000 10000 370 556 370 370
16 387 928 10000 733 10000 10000 10000 325 10000
17 561 897 1346 10000 10000 471 314 10000 10000
18 555 888 1332 1192 1332 10000 10000 10000 10000
19 534 10000 10000 10000 10000 10000 10000 448 448
20 577 10000 10000 1384 923 323 484 10000 339
<precedence relations>
1,4
2,5
3,8
3,9
4,6
4,7
5,6
5,7
6,8
6,9
6,10
7,8
7,9
8,11
8,12
8,13
9,11
9,12
9,13
10,11
10,12
10,15
11,16
12,18
13,14
14,15
14,16
14,17
16,18
17,19
18,19
18,20
<end>