<number of tasks>
100
<number of stations>
25
<order strength>
0.199
<type of the robots>
4
<robot flexibility>
0.00
<collaboration flexibility>
0.00
<number of robots>
0
0
0
0
<task times>
1 47 10000 93 10000 103 27 10000 10000 10000
2 54 10000 10000 10000 86 10000 10000 10000 10000
3 170 10000 10000 10000 408 10000 10000 10000 142
4 186 446 10000 10000 297 10000 10000 10000 10000
5 197 10000 10000 10000 10000 10000 110 110 165
6 77 10000 184 10000 10000 10000 10000 10000 10000
7 212 458 10000 10000 10000 10000 10000 10000 10000
8 185 296 10000 444 296 10000 10000 10000 10000
9 175 10000 10000 10000 10000 10000 146 98 10000
10 55 10000 10000 10000 132 10000 10000 10000 10000
11 151 10000 10000 282 10000 10000 10000 10000 84
12 152 10000 243 10000 364 10000 10000 127 85
13 259 10000 10000 10000 10000 10000 10000 217 10000
14 247 10000 10000 10000 505 207 138 10000 10000
15 207 331 10000 10000 496 10000 10000 10000 10000
16 32 10000 10000 10000 10000 10000 17 10000 10000
17 106 10000 254 10000 10000 10000 89 10000 10000
18 144 10000 10000 10000 10000 80 80 120 10000
19 84 10000 10000 10000 10000 10000 10000 10000 10000
20 34 10000 10000 10000 10000 10000 10000 10000 10000
21 155 10000 10000 10000 10000 10000 10000 10000 10000
22 65 104 104 10000 10000 10000 10000 10000 10000
23 121 10000 10000 10000 10000 10000 10000 101 10000
24 165 264 10000 10000 309 10000 10000 10000 10000
25 109 10000 10000 10000 261 61 10000 10000 10000
26 32 10000 10000 10000 10000 17 10000 10000 10000
27 129 309 206 10000 10000 72 10000 83 10000
28 165 264 10000 10000 10000 10000 10000 10000 10000
29 225 422 10000 10000 10000 10000 10000 10000 10000
30 43 10000 10000 10000 10000 10000 10000 24 10000
31 33 10000 75 10000 10000 10000 10000 27 10000
32 62 10000 10000 10000 10000 10000 34 10000 10000
33 174 10000 10000 10000 10000 97 10000 10000 10000
34 144 10000 10000 230 10000 80 10000 10000 80
35 110 10000 10000 10000 10000 10000 10000 61 10000
36 183 10000 10000 439 292 10000 10000 10000 10000
37 56 10000 10000 10000 10000 10000 10000 47 10000
38 29 10000 10000 10000 10000 10000 16 10000 24
39 78 10000 10000 10000 124 65 10000 10000 65
40 27 10000 10000 10000 10000 10000 18 15 10000
41 237 10000 10000 10000 379 199 132 10000 10000
42 98 10000 10000 156 10000 10000 10000 10000 10000
43 269 645 10000 10000 10000 10000 225 150 10000
44 48 10000 10000 84 10000 10000 10000 10000 10000
45 192 10000 10000 10000 10000 161 10000 10000 10000
46 105 10000 10000 10000 10000 88 10000 10000 10000
47 147 10000 10000 10000 10000 10000 10000 10000 10000
48 224 10000 10000 10000 10000 10000 10000 10000 10000
49 141 10000 10000 227 10000 10000 10000 78 108
50 125 10000 300 10000 10000 10000 10000 10000 105
51 160 10000 10000 10000 355 10000 10000 10000 10000
52 282 10000 10000 10000 10000 10000 10000 10000 10000
53 191 10000 10000 10000 458 10000 159 10000 10000
54 119 285 10000 10000 10000 10000 10000 10000 10000
55 115 10000 10000 10000 10000 10000 10000 10000 10000
56 166 10000 10000 10000 265 10000 10000 10000 10000
57 182 10000 10000 10000 10000 10000 10000 10000 10000
58 218 10000 10000 10000 10000 10000 10000 10000 122
59 111 10000 10000 10000 177 10000 10000 10000 10000
60 189 10000 10000 10000 10000 10000 10000 10000 10000
61 96 10000 10000 10000 230 10000 55 10000 80
62 62 10000 10000 10000 10000 10000 10000 10000 10000
63 112 10000 10000 10000 268 10000 10000 10000 94
64 121 10000 10000 10000 209 10000 10000 10000 92
65 74 177 10000 118 10000 10000 62 10000 62
66 173 10000 10000 10000 10000 10000 10000 10000 10000
67 193 10000 10000 10000 10000 10000 10000 10000 10000
68 127 10000 203 10000 10000 10000 10000 10000 10000
69 103 10000 164 10000 10000 10000 10000 10000 10000
70 142 10000 10000 10000 10000 119 10000 10000 119
71 98 10000 10000 167 10000 10000 10000 10000 10000
72 271 10000 650 10000 10000 10000 227 227 10000
73 248 396 10000 10000 10000 10000 10000 10000 10000
74 146 10000 10000 10000 10000 10000 10000 10000 10000
75 99 10000 10000 158 10000 83 55 10000 83
76 131 10000 10000 10000 10000 10000 10000 10000 10000
77 222 10000 355 10000 355 10000 186 10000 10000
78 74 118 168 10000 10000 10000 10000 41 41
79 54 10000 10000 10000 10000 10000 10000 38 30
80 183 10000 292 10000 439 10000 10000 10000 153
81 109 10000 10000 10000 261 10000 10000 10000 61
82 255 10000 10000 408 10000 214 10000 10000 214
83 218 523 10000 10000 10000 129 122 10000 10000
84 154 10000 10000 10000 369 10000 129 10000 86
85 26 10000 10000 10000 10000 10000 10000 10000 10000
86 65 10000 10000 10000 10000 10000 10000 10000 10000
87 216 10000 10000 10000 10000 10000 120 127 10000
88 35 10000 10000 10000 10000 22 10000 10000 10000
89 209 10000 10000 10000 10000 10000 175 10000 10000
90 29 10000 10000 10000 10000 10000 10000 10000 10000
91 208 10000 332 10000 10000 10000 116 116 10000
92 34 10000 10000 10000 10000 28 10000 10000 10000
93 115 261 10000 10000 10000 96 76 10000 10000
94 199 10000 10000 10000 10000 10000 146 10000 10000
95 110 10000 10000 176 10000 92 10000 80 10000
96 147 10000 10000 352 10000 10000 10000 10000 10000
97 209 334 10000 10000 10000 175 10000 10000 175
98 322 10000 10000 10000 10000 270 10000 10000 10000
99 135 10000 10000 255 10000 10000 10000 75 10000
100 242 10000 580 10000 10000 10000 10000 10000 10000
<precedence relations>
1,9
1,13
2,8
2,10
2,14
2,16
3,17
3,93
4,7
5,10
5,11
5,12
5,67
6,15
6,16
6,41
7,18
8,70
8,81
10,22
10,59
11,20
11,23
12,21
12,25
12,26
13,24
15,19
17,20
17,66
18,26
18,31
19,30
19,46
20,32
20,65
21,28
22,27
22,68
22,74
25,29
26,39
28,36
28,38
29,34
30,37
30,40
30,76
31,33
31,35
31,41
33,59
33,98
33,100
34,42
34,89
35,46
35,49
35,73
38,44
39,43
40,45
40,47
40,48
42,50
44,52
44,54
45,55
45,57
46,51
46,56
48,53
48,79
50,60
50,64
51,62
52,72
53,60
53,93
54,58
54,61
55,70
57,59
57,63
57,65
58,70
59,71
61,68
61,79
62,69
63,66
63,67
63,98
64,69
64,72
64,78
65,79
66,75
66,79
67,73
68,76
68,77
68,78
69,80
70,74
73,92
74,84
74,88
75,87
76,85
77,82
78,82
78,86
79,81
79,82
79,83
79,89
80,90
81,96
82,99
83,91
83,92
84,94
85,93
87,100
88,94
90,95
90,97
90,98
<end>