<number of tasks>
20
<number of stations>
5
<order strength>
0.800
<type of the robots>
4
<robot flexibility>
0.00
<collaboration flexibility>
0.00
<number of robots>
0
0
0
0
<task times>
1 442 10000 10000 707 10000 247 10000 10000 10000
2 560 10000 10000 10000 1344 10000 10000 10000 10000
3 403 10000 967 942 10000 10000 10000 234 10000
4 462 10000 10000 10000 10000 10000 10000 10000 10000
5 415 10000 10000 10000 996 10000 232 10000 10000
6 461 10000 10000 10000 10000 10000 10000 10000 10000
7 372 664 10000 10000 10000 10000 10000 10000 10000
8 762 10000 10000 10000 10000 10000 426 10000 436
9 664 1436 10000 10000 10000 10000 10000 10000 10000
10 706 10000 10000 10000 10000 10000 10000 10000 10000
11 328 10000 10000 10000 10000 10000 10000 10000 10000
12 304 10000 10000 10000 10000 10000 10000 195 10000
13 740 10000 1184 10000 10000 621 10000 621 10000
14 621 10000 10000 10000 10000 10000 10000 10000 347
15 635 10000 10000 10000 1524 10000 10000 10000 10000
16 332 10000 10000 10000 531 10000 10000 10000 10000
17 399 10000 10000 10000 10000 10000 10000 335 10000
18 544 10000 10000 10000 1305 10000 10000 10000 325
19 561 1127 10000 897 1346 10000 10000 10000 10000
20 350 10000 10000 10000 10000 10000 196 196 10000
<precedence relations>
1,2
1,3
2,4
2,9
3,4
3,5
3,6
4,7
4,8
5,7
5,8
5,9
6,7
6,8
6,9
7,10
8,12
8,14
10,11
10,12
11,13
11,14
12,13
13,15
13,16
13,17
14,16
14,17
15,19
16,18
17,19
17,20
<end>