<number of tasks>
20
<number of stations>
5
<order strength>
0.200
<type of the robots>
4
<robot flexibility>
0.20
<collaboration flexibility>
0.20
<number of robots>
1
0
0
0
<task times>
1 219 405 350 10000 10000 10000 10000 10000 10000
2 86 10000 10000 10000 10000 10000 72 72 10000
3 173 10000 10000 10000 10000 10000 10000 10000 10000
4 96 10000 153 10000 10000 10000 10000 10000 80
5 259 10000 10000 10000 10000 217 10000 10000 145
6 179 10000 10000 10000 10000 10000 10000 10000 10000
7 167 10000 10000 10000 10000 10000 10000 10000 10000
8 43 10000 10000 10000 10000 10000 10000 10000 10000
9 346 738 553 10000 10000 290 10000 10000 290
10 263 10000 10000 10000 10000 10000 10000 10000 10000
11 202 10000 10000 10000 10000 10000 10000 10000 10000
12 130 10000 10000 10000 10000 10000 10000 10000 10000
13 139 10000 10000 10000 10000 10000 10000 116 10000
14 117 10000 10000 280 10000 10000 98 10000 98
15 41 10000 98 10000 10000 10000 10000 22 22
16 194 445 10000 10000 10000 10000 10000 10000 10000
17 78 10000 133 10000 10000 10000 10000 10000 10000
18 266 425 515 504 425 189 10000 223 10000
19 162 10000 10000 348 10000 10000 136 10000 10000
20 405 10000 10000 10000 10000 226 10000 10000 10000
<precedence relations>
1,9
2,8
3,5
3,7
4,6
5,11
6,10
8,13
9,12
12,14
13,15
13,16
15,17
15,18
16,19
16,20
<end>