<number of tasks>
20
<number of stations>
10
<order strength>
0.800
<type of the robots>
4
<robot flexibility>
0.00
<collaboration flexibility>
0.00
<number of robots>
0
0
0
0
<task times>
1 168 10000 10000 10000 268 94 10000 141 10000
2 468 10000 10000 10000 10000 10000 10000 10000 393
3 187 10000 10000 10000 10000 10000 10000 10000 10000
4 96 10000 10000 10000 10000 53 80 10000 10000
5 192 10000 10000 10000 10000 10000 10000 10000 10000
6 521 833 833 10000 10000 10000 302 437 10000
7 203 10000 10000 10000 10000 10000 10000 10000 170
8 95 10000 222 10000 228 68 10000 10000 79
9 132 10000 215 10000 10000 110 10000 10000 10000
10 150 10000 10000 10000 10000 84 10000 10000 10000
11 108 248 10000 259 10000 10000 10000 10000 10000
12 95 10000 10000 10000 228 10000 10000 10000 10000
13 61 10000 10000 10000 10000 10000 10000 10000 51
14 522 10000 10000 10000 10000 10000 10000 10000 10000
15 65 10000 156 10000 10000 36 10000 10000 10000
16 559 10000 1341 10000 10000 10000 10000 10000 10000
17 121 10000 10000 10000 10000 10000 10000 10000 10000
18 250 10000 10000 10000 10000 140 10000 10000 10000
19 24 10000 10000 10000 10000 20 10000 10000 10000
20 187 299 10000 448 10000 10000 10000 10000 10000
<precedence relations>
1,3
1,4
1,5
2,14
2,16
3,6
4,6
5,6
6,7
6,8
6,9
7,10
7,11
7,12
8,10
8,11
8,12
9,10
9,11
9,12
10,13
10,14
11,13
12,14
12,16
13,16
14,15
14,17
14,18
15,19
16,18
18,19
18,20
<end>