<number of tasks>
20
<number of stations>
10
<order strength>
0.200
<type of the robots>
4
<robot flexibility>
0.00
<collaboration flexibility>
0.00
<number of robots>
0
0
0
0
<task times>
1 140 10000 10000 336 10000 78 10000 10000 10000
2 104 10000 10000 10000 10000 10000 10000 10000 10000
3 98 10000 10000 10000 10000 10000 10000 10000 10000
4 82 10000 10000 196 10000 68 45 10000 10000
5 86 206 10000 188 10000 10000 72 72 10000
6 216 10000 10000 10000 10000 10000 10000 10000 10000
7 246 10000 400 10000 10000 137 10000 10000 10000
8 262 419 10000 10000 10000 10000 10000 10000 10000
9 228 10000 364 10000 547 191 10000 191 10000
10 162 372 10000 10000 10000 10000 10000 10000 136
11 106 10000 10000 10000 254 10000 10000 61 10000
12 177 10000 10000 10000 283 148 10000 10000 10000
13 38 76 10000 10000 10000 10000 10000 10000 10000
14 145 10000 10000 10000 10000 10000 10000 10000 10000
15 33 52 10000 10000 52 10000 10000 10000 18
16 139 10000 10000 333 10000 10000 116 116 10000
17 87 139 139 139 10000 10000 10000 52 10000
18 44 105 10000 10000 10000 10000 10000 10000 10000
19 173 10000 10000 415 415 10000 111 145 10000
20 299 10000 10000 10000 10000 10000 10000 10000 10000
<precedence relations>
1,6
1,7
4,9
5,8
6,10
7,13
8,11
8,12
9,14
10,17
11,15
12,16
13,17
14,18
15,19
16,19
18,20
<end>