<number of tasks>
100
<number of stations>
50
<order strength>
0.200
<type of the robots>
4
<robot flexibility>
0.40
<collaboration flexibility>
0.40
<number of robots>
3
3
2
2
<task times>
1 68 10000 10000 10000 108 38 10000 10000 38
2 141 225 10000 10000 264 118 10000 10000 10000
3 288 10000 10000 10000 691 10000 241 241 161
4 55 10000 10000 10000 10000 30 30 10000 46
5 62 148 143 10000 10000 10000 52 10000 34
6 193 308 316 10000 308 10000 10000 10000 10000
7 122 10000 10000 292 10000 10000 10000 10000 68
8 72 165 10000 10000 10000 10000 60 10000 60
9 30 10000 63 10000 61 25 10000 25 25
10 233 10000 10000 372 372 10000 10000 10000 130
11 197 10000 10000 472 10000 10000 10000 122 10000
12 189 10000 10000 10000 302 158 105 10000 158
13 111 266 10000 10000 10000 10000 10000 10000 10000
14 249 398 398 10000 10000 10000 139 153 10000
15 42 67 10000 10000 10000 10000 10000 10000 10000
16 54 129 129 10000 10000 10000 10000 35 10000
17 202 323 484 10000 10000 10000 169 113 10000
18 140 10000 10000 10000 336 10000 10000 117 78
19 211 506 337 10000 10000 10000 10000 10000 161
20 36 10000 10000 86 79 10000 20 10000 10000
21 80 128 128 192 192 57 10000 10000 10000
22 283 452 679 10000 452 10000 10000 10000 237
23 237 10000 10000 379 379 10000 132 10000 10000
24 162 10000 10000 10000 10000 90 10000 10000 10000
25 50 10000 100 10000 98 10000 10000 10000 10000
26 129 309 10000 10000 10000 72 79 72 72
27 333 10000 10000 10000 569 10000 10000 10000 186
28 85 136 204 204 199 10000 10000 10000 71
29 175 10000 280 10000 10000 98 10000 10000 146
30 173 325 10000 10000 415 10000 10000 145 10000
31 163 391 371 10000 10000 10000 91 91 91
32 31 50 10000 49 10000 26 26 10000 10000
33 79 135 10000 189 162 44 44 10000 10000
34 141 273 331 225 10000 78 10000 78 118
35 299 717 516 10000 10000 10000 167 167 10000
36 199 10000 10000 10000 477 167 10000 10000 10000
37 128 224 204 204 10000 10000 10000 107 10000
38 265 10000 515 10000 636 10000 10000 10000 10000
39 210 504 10000 10000 10000 176 10000 10000 117
40 102 10000 10000 163 166 10000 66 10000 10000
41 157 345 374 251 10000 10000 10000 10000 10000
42 58 10000 10000 10000 10000 48 10000 10000 48
43 160 384 10000 10000 256 134 10000 10000 10000
44 158 379 10000 10000 10000 10000 10000 10000 88
45 63 10000 10000 10000 151 10000 52 10000 10000
46 260 486 10000 10000 10000 10000 145 145 10000
47 124 198 10000 10000 198 69 10000 10000 10000
48 105 10000 10000 10000 10000 10000 82 10000 10000
49 133 319 283 213 10000 10000 74 74 74
50 70 10000 10000 10000 10000 10000 39 39 58
51 28 44 10000 44 10000 23 10000 15 23
52 32 10000 10000 10000 10000 10000 17 26 10000
53 69 10000 111 165 110 10000 40 38 57
54 45 10000 10000 108 10000 10000 25 10000 10000
55 40 10000 64 10000 10000 10000 10000 31 33
56 193 10000 463 10000 463 116 10000 10000 108
57 45 108 72 72 10000 10000 10000 10000 10000
58 31 10000 74 49 49 26 10000 10000 10000
59 137 10000 10000 220 219 10000 10000 10000 10000
60 100 240 10000 10000 10000 84 56 10000 10000
61 72 10000 10000 172 10000 60 10000 10000 10000
62 29 69 69 46 46 16 16 21 10000
63 133 10000 212 212 10000 10000 111 79 10000
64 131 10000 10000 231 10000 10000 73 73 110
65 288 460 10000 460 460 10000 10000 10000 241
66 74 10000 177 10000 10000 10000 10000 62 10000
67 173 369 10000 10000 10000 10000 10000 10000 10000
68 196 10000 10000 10000 470 10000 109 109 109
69 85 10000 204 10000 10000 10000 10000 10000 10000
70 35 56 10000 10000 10000 10000 10000 10000 20
71 198 10000 391 10000 10000 166 110 10000 10000
72 266 10000 10000 10000 630 223 10000 223 223
73 142 10000 10000 287 282 10000 119 10000 10000
74 199 318 341 318 10000 10000 10000 10000 111
75 81 10000 10000 129 174 45 45 10000 10000
76 164 262 10000 10000 340 10000 10000 10000 137
77 130 10000 312 246 10000 109 10000 10000 72
78 254 10000 10000 557 609 142 10000 10000 10000
79 130 208 230 10000 312 10000 10000 72 109
80 63 151 151 10000 111 52 52 10000 35
81 88 10000 160 140 140 10000 49 73 10000
82 207 390 10000 10000 496 10000 10000 10000 168
83 160 10000 313 384 10000 10000 10000 10000 89
84 72 10000 10000 10000 10000 10000 10000 10000 60
85 262 10000 628 419 10000 220 10000 200 171
86 62 99 10000 10000 99 34 10000 10000 10000
87 229 10000 10000 10000 10000 10000 10000 10000 128
88 50 96 10000 80 10000 10000 37 10000 42
89 167 10000 312 10000 267 140 10000 10000 10000
90 106 10000 254 169 232 89 10000 10000 10000
91 190 10000 10000 456 10000 159 106 10000 10000
92 72 163 10000 10000 115 60 10000 10000 10000
93 135 324 10000 216 10000 10000 75 10000 10000
94 194 465 10000 10000 465 108 10000 10000 10000
95 236 377 10000 377 10000 10000 132 10000 10000
96 212 508 392 508 508 10000 178 10000 118
97 95 10000 10000 10000 202 67 10000 10000 53
98 177 10000 283 10000 10000 148 102 10000 10000
99 58 10000 10000 118 139 10000 10000 48 10000
100 117 10000 263 280 187 65 10000 98 10000
<precedence relations>
1,22
2,22
3,8
4,10
4,11
5,9
7,11
7,12
7,13
8,18
9,17
9,19
9,21
9,98
10,14
10,15
11,16
11,20
12,74
14,22
15,22
16,54
17,24
18,25
18,28
18,29
18,30
18,54
19,26
20,27
21,23
22,31
22,32
22,33
22,34
22,35
22,36
22,37
22,38
22,39
22,40
22,41
22,42
23,54
24,43
25,44
26,45
29,47
30,46
33,52
37,50
39,50
39,56
40,53
41,51
43,54
44,49
45,48
48,54
49,56
50,57
50,61
52,55
52,58
52,59
52,62
53,60
54,63
54,64
54,65
54,66
54,67
54,68
54,69
54,70
54,74
55,71
56,73
56,88
57,72
58,76
59,74
60,75
60,87
62,76
64,99
65,82
70,83
71,77
72,79
73,78
74,81
75,80
77,84
78,85
79,87
80,86
81,88
83,89
84,91
85,90
86,92
87,94
89,93
89,95
90,96
91,97
92,98
94,100
95,99
95,100
<end>