<number of tasks>
50
<number of stations>
25
<order strength>
0.200
<type of the robots>
4
<robot flexibility>
0.00
<collaboration flexibility>
0.00
<number of robots>
0
0
0
0
<task times>
1 51 10000 10000 10000 10000 29 42 10000 42
2 70 10000 10000 10000 10000 10000 10000 10000 10000
3 63 10000 10000 10000 10000 10000 52 52 35
4 173 10000 10000 415 10000 10000 10000 10000 10000
5 37 10000 10000 10000 59 20 10000 10000 10000
6 89 10000 10000 10000 10000 10000 10000 10000 10000
7 59 141 10000 10000 10000 10000 10000 33 10000
8 209 10000 501 10000 10000 175 10000 10000 175
9 200 10000 480 10000 10000 168 10000 10000 10000
10 138 10000 10000 10000 220 10000 77 10000 10000
11 97 10000 10000 10000 232 10000 81 10000 54
12 162 10000 10000 10000 388 10000 10000 10000 10000
13 258 10000 412 412 10000 10000 10000 10000 10000
14 161 10000 386 257 10000 10000 10000 90 10000
15 183 420 10000 10000 10000 10000 10000 10000 10000
16 177 10000 10000 10000 10000 10000 10000 10000 10000
17 70 112 10000 10000 10000 10000 10000 10000 10000
18 108 10000 10000 10000 173 10000 10000 10000 90
19 171 410 10000 10000 273 10000 102 10000 116
20 85 10000 204 10000 10000 10000 10000 10000 71
21 286 10000 10000 10000 10000 10000 10000 10000 10000
22 146 10000 10000 10000 10000 10000 10000 10000 10000
23 153 10000 10000 251 10000 10000 10000 10000 10000
24 202 10000 10000 10000 10000 10000 10000 10000 10000
25 221 10000 10000 469 10000 10000 185 10000 10000
26 109 10000 261 10000 10000 10000 10000 10000 61
27 114 10000 10000 10000 10000 10000 10000 10000 95
28 187 10000 10000 10000 10000 10000 10000 10000 157
29 375 10000 10000 10000 900 210 10000 10000 10000
30 180 10000 10000 396 10000 10000 10000 10000 10000
31 167 10000 267 10000 10000 140 10000 10000 10000
32 73 10000 155 10000 10000 10000 10000 10000 40
33 207 10000 10000 10000 10000 10000 10000 115 10000
34 199 10000 10000 10000 10000 10000 10000 10000 167
35 80 10000 10000 10000 162 10000 67 10000 46
36 166 270 265 10000 10000 10000 10000 120 139
37 106 10000 10000 10000 10000 10000 59 89 10000
38 77 10000 10000 10000 10000 10000 10000 43 64
39 193 10000 10000 10000 10000 108 10000 10000 111
40 212 10000 10000 10000 339 10000 10000 178 10000
41 97 10000 10000 10000 10000 62 10000 10000 10000
42 135 10000 10000 10000 10000 10000 10000 113 10000
43 70 10000 112 164 10000 10000 58 39 10000
44 287 10000 10000 10000 10000 10000 10000 160 241
45 131 10000 10000 10000 10000 110 10000 10000 110
46 177 10000 10000 10000 10000 10000 10000 10000 10000
47 271 10000 10000 468 10000 10000 10000 10000 10000
48 36 10000 10000 57 10000 10000 20 30 10000
49 71 10000 136 10000 10000 10000 10000 10000 10000
50 150 10000 336 10000 360 10000 10000 125 10000
<precedence relations>
1,9
2,10
3,11
4,8
4,12
4,13
5,13
6,14
6,15
6,21
7,44
7,48
8,16
9,17
10,18
11,21
12,20
13,19
13,22
13,35
14,49
15,49
16,27
17,23
18,26
19,24
20,25
21,28
22,40
22,44
23,29
24,30
25,32
26,31
27,33
27,35
27,36
27,43
28,34
29,37
30,38
31,39
34,40
34,43
36,49
36,50
37,42
38,41
39,43
39,44
41,46
42,45
43,47
43,48
43,49
43,50
44,46
<end>