<number of tasks>
50
<number of stations>
13
<order strength>
0.201
<type of the robots>
4
<robot flexibility>
0.40
<collaboration flexibility>
0.40
<number of robots>
2
1
1
1
<task times>
1 266 493 10000 10000 425 10000 223 223 10000
2 520 10000 10000 1248 10000 10000 436 10000 291
3 510 1088 10000 10000 816 285 285 10000 10000
4 122 217 195 10000 197 102 10000 10000 10000
5 175 10000 373 10000 10000 10000 10000 98 10000
6 141 10000 225 336 10000 10000 118 117 10000
7 156 10000 10000 249 10000 10000 131 87 10000
8 23 49 10000 10000 36 10000 10000 19 14
9 380 608 608 608 10000 10000 212 10000 212
10 116 266 10000 255 10000 10000 64 97 10000
11 203 10000 487 10000 10000 170 10000 10000 170
12 185 10000 296 311 444 10000 103 10000 103
13 298 10000 10000 482 715 212 250 10000 10000
14 298 10000 10000 10000 10000 250 10000 166 10000
15 275 10000 10000 10000 10000 154 10000 154 10000
16 239 10000 10000 10000 10000 133 10000 10000 133
17 149 238 10000 10000 10000 125 10000 10000 10000
18 340 816 10000 10000 10000 190 10000 10000 10000
19 37 10000 88 74 59 20 22 10000 10000
20 97 10000 225 10000 10000 10000 10000 10000 10000
21 208 332 10000 499 499 174 10000 10000 116
22 347 10000 10000 10000 10000 194 194 10000 291
23 164 10000 262 10000 10000 91 10000 137 91
24 83 10000 10000 10000 10000 10000 52 51 10000
25 511 817 10000 817 10000 10000 10000 10000 286
26 399 749 10000 10000 10000 335 10000 223 223
27 133 10000 317 10000 10000 74 111 10000 10000
28 133 10000 10000 10000 10000 74 111 10000 10000
29 151 10000 10000 10000 10000 84 126 10000 126
30 215 516 10000 10000 10000 10000 10000 10000 146
31 561 1087 10000 10000 1279 314 10000 10000 314
32 101 242 10000 10000 161 84 84 84 10000
33 243 10000 552 10000 430 10000 10000 10000 204
34 399 700 638 10000 957 335 335 223 334
35 269 10000 645 10000 10000 225 10000 225 10000
36 249 597 10000 10000 10000 209 10000 10000 10000
37 256 10000 10000 10000 468 10000 10000 10000 10000
38 280 10000 646 10000 548 10000 10000 156 156
39 245 588 10000 559 588 10000 137 137 180
40 623 1495 10000 996 10000 523 10000 10000 10000
41 77 123 10000 10000 10000 45 10000 10000 43
42 304 10000 10000 10000 10000 10000 213 10000 255
43 62 148 10000 120 10000 10000 10000 40 10000
44 352 563 10000 10000 10000 197 10000 10000 10000
45 217 10000 347 10000 406 182 10000 182 10000
46 546 1310 10000 10000 873 326 10000 10000 10000
47 142 10000 340 340 10000 10000 10000 10000 79
48 578 1387 924 10000 924 485 10000 480 10000
49 78 187 10000 125 10000 10000 10000 61 65
50 432 10000 10000 10000 10000 10000 10000 10000 10000
<precedence relations>
1,7
1,10
2,21
3,9
5,8
7,12
8,11
8,13
9,13
9,44
10,14
11,15
12,16
13,17
13,19
13,20
14,18
14,21
14,22
14,23
15,24
16,26
17,28
18,29
19,25
19,27
20,31
21,44
22,30
24,37
25,33
26,34
27,35
28,32
29,38
30,36
30,37
30,39
32,40
33,42
34,44
35,41
36,43
38,45
40,47
41,47
42,46
43,48
44,48
44,49
45,50
<end>