<number of tasks>
20
<number of stations>
10
<order strength>
0.800
<type of the robots>
4
<robot flexibility>
0.40
<collaboration flexibility>
0.40
<number of robots>
1
1
0
0
<task times>
1 158 10000 10000 379 379 88 88 10000 132
2 136 10000 10000 10000 326 10000 10000 10000 10000
3 115 10000 10000 252 276 96 10000 10000 64
4 212 10000 10000 10000 508 118 10000 178 10000
5 134 10000 214 321 10000 112 112 10000 10000
6 242 432 10000 10000 10000 135 135 10000 10000
7 187 10000 10000 10000 299 10000 10000 157 157
8 51 10000 81 122 10000 42 30 10000 10000
9 32 69 10000 59 68 10000 10000 17 17
10 53 127 123 10000 127 44 44 10000 29
11 321 645 10000 10000 513 10000 10000 10000 179
12 110 10000 10000 10000 10000 10000 61 10000 10000
13 312 10000 499 499 10000 10000 10000 10000 174
14 24 10000 10000 10000 10000 13 13 10000 10000
15 137 219 219 10000 328 76 88 10000 115
16 199 10000 10000 10000 10000 10000 167 167 117
17 89 10000 10000 213 10000 74 74 10000 10000
18 114 273 10000 10000 182 63 10000 63 95
19 53 10000 10000 100 10000 10000 10000 10000 10000
20 101 161 177 217 10000 10000 84 10000 10000
<precedence relations>
1,7
1,13
2,4
2,5
3,4
3,5
4,6
4,7
4,8
5,6
5,7
5,8
6,9
6,10
7,11
8,9
8,10
8,12
9,16
10,13
11,12
12,14
12,15
13,14
13,15
15,16
16,17
16,18
17,19
17,20
18,20
<end>