<number of tasks>
50
<number of stations>
13
<order strength>
0.201
<type of the robots>
4
<robot flexibility>
0.40
<collaboration flexibility>
0.40
<number of robots>
1
1
1
0
<task times>
1 538 10000 10000 10000 10000 301 10000 451 301
2 469 10000 10000 10000 10000 10000 10000 10000 10000
3 583 10000 1399 1165 1089 487 10000 10000 10000
4 429 686 10000 1029 10000 240 246 360 10000
5 564 1353 902 10000 10000 10000 10000 315 473
6 585 10000 10000 10000 10000 10000 10000 491 10000
7 754 10000 10000 10000 10000 633 422 10000 422
8 453 10000 10000 724 724 10000 10000 10000 380
9 472 10000 1132 10000 755 10000 10000 264 10000
10 612 10000 10000 10000 979 10000 10000 10000 10000
11 389 10000 10000 933 622 217 10000 10000 326
12 284 681 10000 10000 10000 238 10000 235 10000
13 725 10000 1160 10000 10000 608 608 10000 608
14 506 1017 1214 1208 10000 10000 302 10000 283
15 583 10000 10000 932 10000 326 10000 10000 10000
16 528 10000 1267 10000 1267 295 443 295 295
17 572 10000 10000 10000 10000 480 10000 480 10000
18 611 10000 1466 10000 1466 10000 513 10000 342
19 673 10000 10000 10000 1329 10000 10000 10000 10000
20 469 10000 10000 10000 10000 262 10000 262 10000
21 639 1022 1022 1533 10000 10000 10000 536 536
22 752 10000 10000 10000 1291 631 631 10000 10000
23 500 800 1200 10000 10000 10000 280 280 280
24 650 1040 10000 10000 10000 545 544 364 10000
25 628 1004 10000 10000 10000 10000 10000 10000 10000
26 511 10000 10000 817 10000 286 10000 10000 10000
27 295 10000 472 472 708 10000 10000 10000 10000
28 682 10000 10000 1636 1209 381 572 10000 571
29 581 10000 929 1173 1394 10000 325 10000 10000
30 662 1243 1059 1588 1210 10000 556 10000 370
31 514 10000 822 10000 1007 10000 287 10000 431
32 503 10000 1207 960 1021 10000 422 10000 289
33 559 10000 10000 1001 10000 469 469 313 10000
34 801 1922 1511 1922 1307 10000 10000 672 10000
35 676 1101 1081 10000 10000 10000 10000 10000 567
36 525 10000 1009 10000 840 10000 294 10000 10000
37 798 10000 10000 10000 1276 10000 10000 670 10000
38 764 10000 1713 1286 10000 427 10000 10000 427
39 242 414 580 387 10000 10000 203 135 10000
40 317 614 10000 10000 10000 10000 266 10000 266
41 578 1387 10000 1121 10000 323 10000 323 331
42 507 1216 10000 1210 10000 10000 10000 10000 10000
43 366 10000 831 10000 585 10000 10000 237 10000
44 600 1440 960 1277 10000 336 10000 504 504
45 556 1221 10000 1154 1250 10000 467 10000 467
46 587 1408 1408 939 10000 493 10000 328 10000
47 420 1008 10000 10000 10000 10000 10000 10000 352
48 552 10000 10000 883 10000 463 10000 10000 10000
49 502 10000 803 10000 1204 10000 10000 281 281
50 618 10000 10000 988 1483 10000 10000 10000 10000
<precedence relations>
1,6
2,7
3,8
4,9
4,10
4,11
5,10
5,23
5,43
6,13
7,14
8,15
9,12
9,16
10,19
11,17
11,18
12,20
13,22
14,23
15,24
16,21
17,25
18,25
19,26
19,27
20,28
21,29
22,30
23,31
25,32
26,31
26,33
28,34
29,35
30,37
31,36
31,39
32,38
34,41
35,43
36,40
37,44
38,42
39,44
39,45
39,46
40,48
41,47
42,48
43,50
44,49
<end>