<number of tasks>
20
<number of stations>
5
<order strength>
0.200
<type of the robots>
4
<robot flexibility>
0.20
<collaboration flexibility>
0.20
<number of robots>
1
1
0
0
<task times>
1 471 10000 10000 10000 10000 10000 10000 10000 10000
2 107 198 10000 10000 229 10000 10000 10000 10000
3 160 10000 10000 10000 384 134 10000 10000 10000
4 379 10000 10000 10000 10000 10000 212 318 10000
5 491 10000 10000 10000 1178 10000 274 10000 10000
6 269 10000 10000 10000 10000 150 10000 10000 10000
7 141 10000 10000 10000 225 10000 10000 10000 10000
8 119 10000 190 10000 10000 10000 10000 10000 10000
9 201 321 321 10000 10000 10000 10000 10000 10000
10 485 10000 1134 10000 10000 10000 281 407 10000
11 255 586 10000 10000 10000 10000 10000 10000 142
12 312 748 10000 10000 10000 10000 10000 174 261
13 54 10000 86 10000 10000 10000 10000 10000 10000
14 441 886 10000 825 10000 10000 10000 370 246
15 302 10000 585 10000 10000 10000 10000 10000 10000
16 79 10000 10000 189 126 44 10000 44 44
17 507 10000 10000 10000 10000 10000 10000 10000 10000
18 47 10000 10000 10000 112 10000 10000 10000 10000
19 81 129 10000 10000 10000 10000 10000 10000 10000
20 143 10000 10000 271 10000 10000 10000 10000 10000
<precedence relations>
1,4
2,5
2,6
2,7
2,8
4,9
5,11
5,14
6,12
7,10
8,13
9,16
10,15
11,17
15,18
16,19
17,20
<end>