<number of tasks>
20
<number of stations>
5
<order strength>
0.800
<type of the robots>
4
<robot flexibility>
0.40
<collaboration flexibility>
0.40
<number of robots>
1
1
0
0
<task times>
1 414 10000 993 993 774 10000 231 347 347
2 388 10000 10000 10000 10000 10000 217 10000 10000
3 387 10000 10000 10000 619 216 216 216 10000
4 475 760 10000 10000 10000 397 10000 399 10000
5 563 10000 1351 10000 1351 10000 10000 10000 10000
6 418 1003 10000 1003 792 10000 234 10000 10000
7 528 942 844 10000 1134 10000 10000 10000 443
8 477 1032 10000 1048 10000 10000 10000 10000 400
9 437 699 10000 10000 10000 10000 10000 10000 10000
10 679 1560 1275 10000 10000 570 570 10000 10000
11 511 1226 10000 1226 1226 10000 10000 10000 286
12 277 443 10000 10000 10000 10000 10000 232 232
13 642 1027 10000 10000 1540 10000 359 10000 359
14 530 10000 1272 1272 848 10000 10000 445 10000
15 388 10000 10000 10000 10000 10000 10000 217 325
16 420 1008 672 10000 10000 299 235 10000 352
17 498 10000 10000 10000 10000 10000 10000 10000 278
18 468 10000 10000 10000 748 10000 10000 393 262
19 609 10000 10000 10000 10000 10000 10000 10000 10000
20 480 768 768 10000 10000 268 307 268 268
<precedence relations>
1,4
1,5
2,3
2,4
2,5
3,6
4,9
5,6
5,7
6,8
6,9
6,10
7,8
7,9
8,14
9,11
10,14
10,15
11,12
11,13
11,14
11,15
12,16
12,17
14,16
14,17
15,16
15,18
16,20
17,18
18,19
18,20
<end>