<number of tasks>
100
<number of stations>
50
<order strength>
0.199
<type of the robots>
4
<robot flexibility>
0.40
<collaboration flexibility>
0.40
<number of robots>
5
5
5
5
<task times>
1 86 159 137 10000 10000 10000 10000 10000 10000
2 119 10000 285 241 10000 10000 66 10000 10000
3 317 676 10000 517 595 177 222 266 177
4 105 10000 10000 10000 10000 88 88 58 10000
5 78 139 10000 124 10000 10000 43 10000 10000
6 102 10000 235 163 10000 10000 85 10000 57
7 90 10000 10000 10000 10000 50 10000 10000 75
8 87 10000 10000 10000 208 10000 10000 10000 48
9 186 10000 10000 446 10000 10000 10000 10000 10000
10 33 10000 10000 61 10000 10000 18 10000 18
11 243 10000 10000 10000 388 204 10000 10000 204
12 123 10000 10000 196 10000 103 10000 103 10000
13 172 10000 282 10000 10000 123 10000 144 144
14 166 10000 10000 10000 338 139 139 139 92
15 57 123 10000 10000 91 31 10000 10000 10000
16 347 10000 10000 780 10000 10000 10000 10000 10000
17 130 208 10000 10000 10000 10000 109 10000 10000
18 28 10000 10000 67 10000 15 15 15 10000
19 24 57 10000 10000 57 10000 13 15 13
20 96 10000 10000 10000 230 10000 10000 10000 53
21 224 358 10000 10000 10000 10000 10000 137 10000
22 216 10000 459 10000 479 181 10000 138 10000
23 116 185 10000 10000 278 64 10000 10000 10000
24 80 10000 10000 192 128 10000 10000 10000 10000
25 135 324 10000 10000 10000 10000 113 10000 103
26 52 10000 10000 124 124 10000 29 29 29
27 166 10000 398 265 265 10000 10000 10000 112
28 175 10000 10000 420 299 10000 10000 10000 10000
29 202 323 323 323 10000 10000 10000 169 113
30 100 10000 168 10000 10000 56 84 10000 10000
31 103 164 166 231 241 60 57 10000 86
32 45 10000 90 10000 10000 10000 37 25 10000
33 180 10000 432 10000 10000 151 10000 10000 151
34 97 10000 185 10000 10000 10000 10000 81 10000
35 211 10000 378 350 506 10000 10000 118 10000
36 200 10000 320 10000 10000 10000 168 112 112
37 156 364 10000 249 10000 87 87 10000 10000
38 218 348 10000 348 10000 10000 10000 10000 183
39 41 10000 10000 98 10000 22 10000 22 10000
40 131 10000 10000 10000 269 10000 110 10000 73
41 59 10000 10000 94 10000 10000 33 10000 10000
42 71 10000 10000 10000 170 10000 10000 10000 39
43 54 10000 10000 10000 10000 10000 30 10000 10000
44 67 107 152 107 10000 10000 10000 37 10000
45 109 10000 174 174 10000 70 10000 10000 10000
46 208 10000 10000 332 499 10000 134 10000 10000
47 190 456 10000 10000 10000 10000 159 10000 106
48 34 81 10000 10000 10000 10000 28 19 28
49 191 10000 10000 10000 10000 10000 10000 10000 10000
50 86 10000 167 206 206 72 10000 48 48
51 33 10000 79 56 10000 18 10000 27 18
52 76 167 122 10000 121 63 10000 63 63
53 33 79 10000 67 10000 10000 10000 18 27
54 53 10000 10000 10000 10000 44 10000 10000 10000
55 174 417 10000 10000 278 146 10000 10000 10000
56 261 10000 10000 417 10000 146 10000 10000 10000
57 65 10000 10000 10000 10000 54 51 54 10000
58 61 10000 97 10000 146 34 34 10000 10000
59 201 376 10000 10000 10000 168 10000 112 10000
60 41 10000 65 10000 10000 22 22 29 10000
61 79 10000 147 126 10000 10000 10000 10000 10000
62 230 10000 10000 368 552 10000 10000 10000 10000
63 205 388 10000 10000 10000 10000 10000 10000 172
64 31 10000 49 10000 10000 26 10000 19 17
65 152 326 364 268 267 10000 10000 10000 85
66 220 10000 352 10000 10000 10000 123 10000 10000
67 36 86 10000 57 57 30 30 10000 30
68 106 254 10000 254 169 89 89 10000 10000
69 38 10000 10000 10000 10000 10000 10000 10000 10000
70 80 10000 128 10000 10000 10000 10000 10000 67
71 164 10000 10000 10000 393 91 10000 10000 91
72 99 10000 158 10000 10000 10000 10000 10000 10000
73 98 10000 10000 10000 10000 10000 54 10000 10000
74 95 10000 10000 10000 225 10000 10000 10000 10000
75 75 10000 180 10000 10000 10000 63 10000 43
76 51 81 81 81 10000 10000 10000 28 42
77 100 10000 10000 202 10000 84 10000 10000 10000
78 268 10000 10000 428 533 10000 10000 225 150
79 41 87 65 10000 88 10000 10000 25 10000
80 241 385 10000 385 10000 10000 10000 202 187
81 172 275 10000 10000 412 10000 10000 96 144
82 25 60 10000 10000 40 14 21 10000 10000
83 178 284 284 10000 427 10000 10000 10000 10000
84 115 276 10000 184 10000 10000 10000 96 10000
85 68 108 10000 10000 10000 10000 10000 38 10000
86 96 230 218 230 169 53 10000 53 80
87 173 10000 10000 356 276 10000 10000 10000 96
88 136 10000 10000 326 326 114 10000 76 111
89 141 266 10000 225 10000 10000 96 118 10000
90 64 10000 102 102 153 53 35 10000 10000
91 150 240 265 10000 292 10000 126 10000 84
92 52 100 10000 10000 10000 29 10000 43 10000
93 166 10000 398 10000 10000 10000 139 125 92
94 131 293 10000 10000 10000 110 10000 110 73
95 205 10000 374 10000 328 10000 114 114 10000
96 305 10000 10000 10000 732 10000 10000 10000 10000
97 72 172 10000 10000 158 60 60 60 60
98 49 10000 10000 10000 10000 10000 29 10000 10000
99 76 172 148 10000 10000 63 10000 10000 10000
100 219 10000 10000 10000 10000 183 10000 10000 183
<precedence relations>
1,12
2,20
3,15
3,16
3,20
4,13
5,11
5,14
5,57
7,95
8,10
9,17
10,23
10,24
10,26
11,19
12,68
13,25
14,18
15,21
15,22
15,61
16,23
17,20
18,28
18,36
18,37
18,54
19,33
20,27
20,30
20,34
21,77
22,29
22,32
23,35
24,31
26,28
26,73
27,44
28,38
29,46
30,45
30,73
31,41
31,42
33,39
33,54
34,43
37,40
38,52
38,99
39,50
39,65
41,51
41,81
42,47
42,48
44,69
45,49
45,81
46,73
47,57
48,56
49,54
50,53
50,55
51,72
52,58
52,59
52,60
52,61
54,64
55,67
56,65
56,93
57,66
59,62
59,69
59,70
59,71
61,63
61,68
62,75
62,76
64,79
67,72
67,73
68,74
68,77
68,88
69,80
70,100
71,78
73,82
73,83
73,84
76,88
80,81
81,90
82,87
82,89
82,91
83,86
84,85
84,88
84,92
84,93
86,97
86,100
87,99
89,94
89,96
91,98
93,95
93,97
<end>