<number of tasks>
100
<number of stations>
25
<order strength>
0.895
<type of the robots>
4
<robot flexibility>
0.20
<collaboration flexibility>
0.20
<number of robots>
3
3
2
2
<task times>
1 58 107 92 10000 10000 10000 10000 48 45
2 88 10000 10000 10000 10000 10000 73 51 10000
3 72 10000 10000 10000 10000 10000 10000 10000 10000
4 240 10000 10000 10000 10000 10000 10000 10000 10000
5 193 10000 10000 10000 463 162 160 10000 10000
6 54 10000 10000 121 10000 10000 45 45 10000
7 222 10000 10000 532 10000 10000 124 10000 10000
8 208 10000 10000 10000 10000 10000 10000 10000 116
9 45 10000 10000 10000 10000 10000 10000 10000 31
10 89 10000 10000 142 10000 49 10000 74 49
11 140 10000 336 10000 10000 117 10000 10000 117
12 76 10000 10000 10000 178 10000 10000 63 10000
13 206 10000 10000 395 10000 10000 10000 10000 10000
14 54 10000 10000 10000 10000 10000 10000 10000 10000
15 89 10000 10000 170 10000 10000 10000 10000 10000
16 55 10000 10000 10000 132 10000 30 36 10000
17 197 10000 10000 472 10000 10000 10000 10000 10000
18 297 475 10000 10000 611 166 214 10000 166
19 113 180 10000 10000 10000 10000 10000 63 10000
20 153 10000 10000 10000 10000 85 10000 128 10000
21 266 10000 10000 425 10000 10000 10000 10000 10000
22 78 10000 10000 10000 10000 10000 65 10000 65
23 113 180 10000 180 10000 10000 10000 10000 94
24 116 10000 10000 10000 10000 10000 10000 10000 10000
25 188 10000 10000 312 10000 109 10000 10000 10000
26 165 10000 10000 10000 10000 10000 10000 10000 10000
27 76 10000 10000 121 10000 63 10000 10000 42
28 97 166 10000 10000 10000 54 10000 10000 10000
29 58 10000 10000 92 10000 10000 10000 10000 10000
30 59 114 10000 10000 97 10000 10000 10000 10000
31 30 10000 10000 72 10000 10000 10000 10000 10000
32 69 10000 10000 10000 10000 10000 10000 10000 57
33 152 10000 10000 10000 10000 10000 10000 85 85
34 61 10000 10000 10000 146 34 10000 10000 10000
35 215 10000 506 344 10000 10000 10000 10000 10000
36 126 10000 10000 10000 10000 10000 70 10000 10000
37 98 10000 10000 10000 10000 10000 10000 10000 10000
38 185 10000 10000 296 10000 10000 10000 155 10000
39 154 369 246 10000 10000 10000 10000 10000 86
40 132 10000 256 10000 10000 110 10000 10000 10000
41 84 10000 10000 10000 134 10000 10000 10000 10000
42 36 10000 10000 10000 10000 30 10000 10000 10000
43 134 10000 10000 10000 321 10000 10000 10000 10000
44 94 10000 10000 192 225 10000 10000 10000 10000
45 161 10000 10000 10000 257 10000 10000 10000 135
46 134 10000 10000 10000 10000 112 105 10000 10000
47 148 10000 10000 10000 10000 85 82 10000 10000
48 38 10000 10000 60 10000 10000 10000 10000 10000
49 166 10000 10000 10000 10000 10000 10000 10000 10000
50 51 10000 82 10000 10000 10000 10000 28 10000
51 249 10000 10000 10000 495 209 139 10000 10000
52 56 89 10000 10000 10000 10000 31 40 10000
53 156 10000 10000 249 323 10000 10000 10000 131
54 247 10000 10000 10000 10000 207 10000 10000 10000
55 136 10000 10000 10000 10000 10000 10000 114 10000
56 117 10000 10000 187 280 70 65 10000 10000
57 28 10000 67 10000 10000 10000 15 10000 10000
58 145 10000 10000 10000 10000 10000 81 10000 10000
59 46 10000 10000 10000 10000 10000 10000 10000 10000
60 239 10000 10000 10000 10000 10000 10000 10000 10000
61 98 10000 10000 235 172 10000 10000 10000 10000
62 21 50 10000 10000 10000 10000 17 10000 10000
63 22 52 10000 35 10000 18 10000 10000 10000
64 60 10000 10000 10000 10000 10000 10000 10000 10000
65 190 10000 10000 304 456 10000 10000 10000 154
66 102 10000 10000 10000 10000 57 57 10000 10000
67 288 10000 10000 10000 10000 10000 161 10000 10000
68 231 369 10000 10000 10000 10000 10000 10000 10000
69 229 10000 10000 10000 10000 10000 10000 10000 10000
70 71 10000 10000 10000 10000 10000 10000 39 10000
71 282 10000 10000 10000 10000 10000 10000 236 10000
72 111 10000 10000 10000 177 10000 10000 10000 10000
73 46 10000 10000 10000 10000 10000 10000 10000 10000
74 219 10000 10000 10000 10000 122 10000 122 10000
75 134 214 10000 10000 10000 10000 10000 10000 10000
76 231 10000 10000 10000 369 10000 10000 10000 10000
77 346 10000 10000 10000 10000 10000 10000 10000 10000
78 170 10000 272 272 10000 95 10000 10000 10000
79 150 10000 10000 10000 10000 10000 10000 126 10000
80 104 10000 10000 10000 249 10000 10000 87 10000
81 55 10000 10000 10000 10000 10000 10000 30 10000
82 165 10000 10000 337 10000 10000 138 10000 10000
83 48 10000 85 10000 10000 30 10000 10000 10000
84 181 10000 10000 10000 434 10000 10000 10000 10000
85 204 10000 10000 10000 326 10000 10000 10000 10000
86 54 10000 10000 10000 10000 10000 10000 10000 10000
87 115 10000 10000 10000 184 64 10000 64 10000
88 142 10000 10000 10000 10000 10000 10000 10000 10000
89 84 10000 10000 10000 10000 10000 10000 10000 10000
90 178 10000 10000 284 427 10000 10000 10000 10000
91 257 10000 469 10000 616 10000 143 10000 143
92 219 10000 10000 10000 10000 10000 10000 183 10000
93 134 10000 10000 10000 10000 10000 10000 10000 10000
94 34 10000 10000 10000 10000 10000 10000 28 10000
95 179 10000 10000 364 10000 126 10000 150 10000
96 87 10000 10000 139 10000 10000 10000 10000 73
97 58 10000 10000 10000 10000 10000 32 32 10000
98 228 10000 10000 10000 10000 127 10000 10000 10000
99 205 10000 10000 492 10000 10000 10000 10000 10000
100 140 10000 10000 311 10000 10000 10000 10000 10000
<precedence relations>
1,4
1,6
2,5
2,6
2,7
3,4
3,5
3,6
3,7
4,8
4,9
4,10
5,8
5,9
5,10
6,8
6,9
6,10
7,8
7,9
7,10
8,11
8,12
9,11
9,12
10,11
10,12
11,13
11,14
11,15
11,16
12,13
12,14
12,15
12,16
13,17
13,18
13,19
13,20
14,17
14,18
14,19
14,20
15,17
15,19
15,20
16,17
16,18
16,19
16,20
17,21
17,22
17,23
17,24
17,25
18,21
18,22
18,23
19,21
19,22
19,25
20,21
20,23
20,24
20,25
21,26
21,27
21,28
21,29
22,26
22,27
22,28
22,29
23,27
23,29
24,26
24,28
24,29
25,26
25,27
25,28
25,29
26,30
26,31
27,30
27,31
28,30
28,31
29,30
29,31
30,32
31,32
32,33
32,34
32,35
32,36
33,37
33,38
33,39
33,40
33,41
34,37
34,38
34,39
34,40
34,41
35,37
35,38
35,40
36,38
36,39
36,41
37,42
37,43
38,43
38,44
38,48
38,50
38,51
39,42
39,43
39,44
39,45
40,42
40,43
40,44
40,45
41,42
41,43
41,45
42,46
42,47
42,48
43,75
43,76
43,77
44,47
45,46
45,48
46,49
46,50
46,51
47,49
47,54
48,79
48,88
49,52
49,53
49,55
49,56
50,54
51,52
51,53
51,55
51,56
52,57
52,58
54,57
54,70
55,57
55,58
55,59
56,57
56,58
56,59
57,60
57,61
57,67
58,60
58,61
58,62
58,63
58,64
58,65
59,62
60,66
60,69
61,66
61,68
62,66
62,67
62,69
63,69
63,81
64,75
64,83
64,84
65,67
65,70
66,77
66,78
67,71
68,72
69,94
70,71
71,72
71,73
72,76
73,74
73,75
73,77
74,78
75,86
76,78
77,80
77,83
78,79
78,80
78,81
79,82
79,83
79,87
80,89
81,83
81,84
82,86
83,85
84,87
84,88
85,90
85,92
85,94
86,89
87,89
88,91
88,96
89,94
90,93
93,99
94,95
94,96
94,97
94,98
94,100
<end>