<number of tasks>
20
<number of stations>
5
<order strength>
0.200
<type of the robots>
4
<robot flexibility>
0.20
<collaboration flexibility>
0.20
<number of robots>
1
1
0
0
<task times>
1 541 10000 10000 10000 10000 10000 10000 10000 10000
2 458 10000 10000 10000 10000 10000 10000 384 384
3 495 792 10000 10000 10000 10000 277 10000 10000
4 498 10000 10000 10000 796 10000 10000 10000 418
5 533 10000 1279 10000 10000 10000 10000 447 10000
6 312 10000 10000 10000 10000 10000 10000 10000 10000
7 665 10000 10000 1596 10000 10000 372 10000 10000
8 593 10000 10000 10000 10000 10000 10000 10000 10000
9 567 10000 10000 907 10000 10000 10000 10000 10000
10 511 10000 10000 10000 10000 10000 10000 10000 10000
11 541 10000 10000 10000 10000 10000 10000 10000 454
12 529 1215 10000 10000 10000 444 10000 10000 296
13 493 10000 10000 1183 10000 351 10000 414 10000
14 532 10000 10000 10000 10000 10000 10000 10000 10000
15 348 10000 10000 10000 835 10000 194 10000 10000
16 565 10000 10000 10000 10000 10000 361 316 10000
17 413 10000 991 10000 10000 10000 10000 10000 10000
18 419 10000 10000 10000 10000 351 10000 10000 10000
19 533 10000 10000 10000 852 298 10000 10000 10000
20 309 10000 542 10000 741 10000 10000 10000 10000
<precedence relations>
1,6
1,7
1,8
1,9
2,10
6,11
7,13
8,12
8,14
8,15
11,18
12,16
13,18
14,17
16,19
17,19
18,20
<end>