<number of tasks>
100
<number of stations>
50
<order strength>
0.895
<type of the robots>
4
<robot flexibility>
0.20
<collaboration flexibility>
0.20
<number of robots>
3
3
2
2
<task times>
1 178 10000 10000 10000 10000 10000 10000 10000 10000
2 152 10000 10000 10000 10000 10000 10000 10000 85
3 178 10000 10000 10000 10000 99 10000 10000 149
4 148 236 10000 236 10000 10000 10000 10000 10000
5 196 10000 10000 10000 470 10000 10000 10000 10000
6 342 820 10000 10000 10000 10000 191 287 10000
7 113 10000 10000 10000 10000 63 10000 10000 10000
8 109 10000 10000 209 224 91 10000 91 91
9 136 10000 10000 10000 10000 10000 10000 87 114
10 158 252 10000 10000 379 10000 88 10000 10000
11 27 10000 64 10000 10000 22 10000 10000 10000
12 147 10000 352 10000 10000 10000 10000 10000 82
13 100 10000 10000 10000 10000 10000 10000 56 10000
14 82 10000 10000 10000 10000 68 45 10000 10000
15 111 10000 177 10000 10000 10000 10000 10000 10000
16 78 10000 10000 10000 10000 10000 10000 10000 10000
17 51 122 122 10000 10000 10000 10000 28 10000
18 153 10000 10000 10000 261 10000 10000 10000 10000
19 229 10000 462 549 10000 10000 10000 192 10000
20 210 10000 10000 10000 10000 10000 10000 117 10000
21 160 384 10000 10000 10000 10000 10000 10000 89
22 112 179 10000 179 10000 10000 10000 10000 10000
23 155 10000 10000 10000 10000 10000 10000 10000 10000
24 143 10000 10000 10000 10000 80 10000 10000 10000
25 156 10000 10000 10000 374 131 10000 10000 10000
26 155 10000 10000 10000 10000 86 10000 10000 10000
27 246 10000 10000 10000 10000 143 10000 10000 10000
28 88 10000 10000 211 10000 10000 10000 10000 10000
29 164 10000 10000 10000 10000 10000 10000 10000 10000
30 140 228 336 245 10000 10000 10000 10000 117
31 260 445 10000 10000 450 10000 10000 10000 10000
32 89 10000 10000 10000 10000 10000 10000 10000 10000
33 211 10000 10000 10000 10000 10000 10000 10000 10000
34 88 10000 10000 10000 10000 10000 73 49 10000
35 178 10000 10000 10000 10000 114 10000 10000 10000
36 67 10000 10000 10000 160 10000 10000 10000 10000
37 200 10000 10000 10000 10000 10000 10000 10000 10000
38 165 10000 264 10000 10000 10000 10000 92 10000
39 147 10000 10000 10000 10000 10000 10000 10000 10000
40 277 10000 10000 10000 10000 10000 155 10000 10000
41 190 10000 368 320 10000 159 10000 106 10000
42 27 10000 10000 10000 10000 22 10000 15 10000
43 96 230 10000 10000 10000 10000 10000 80 10000
44 38 60 80 10000 60 10000 10000 21 10000
45 294 10000 10000 10000 10000 10000 164 10000 10000
46 199 10000 10000 10000 10000 10000 10000 10000 10000
47 325 10000 10000 10000 10000 10000 10000 10000 10000
48 113 10000 10000 180 10000 10000 10000 10000 10000
49 59 10000 10000 10000 10000 49 10000 10000 10000
50 51 10000 81 10000 10000 10000 28 10000 28
51 163 10000 10000 10000 10000 10000 10000 10000 10000
52 112 268 10000 10000 10000 10000 10000 10000 10000
53 214 10000 10000 10000 10000 10000 179 10000 10000
54 107 256 171 10000 10000 10000 10000 10000 10000
55 181 10000 10000 289 10000 152 10000 10000 10000
56 34 10000 10000 10000 10000 10000 10000 10000 10000
57 123 295 10000 10000 10000 10000 10000 10000 10000
58 141 10000 225 338 10000 10000 78 10000 10000
59 138 10000 10000 10000 10000 10000 10000 10000 10000
60 300 720 10000 10000 10000 10000 10000 168 10000
61 78 10000 10000 147 10000 10000 65 43 10000
62 37 10000 10000 10000 10000 10000 10000 10000 20
63 154 10000 10000 246 246 10000 10000 86 10000
64 263 10000 10000 631 10000 10000 10000 10000 10000
65 123 10000 10000 10000 10000 103 10000 10000 103
66 218 10000 10000 10000 10000 10000 122 10000 10000
67 73 10000 10000 10000 116 10000 10000 10000 61
68 165 10000 10000 10000 10000 10000 10000 10000 10000
69 78 10000 10000 10000 145 10000 10000 10000 10000
70 69 110 10000 10000 10000 10000 57 10000 38
71 133 10000 10000 10000 10000 10000 10000 10000 104
72 126 10000 10000 10000 10000 70 10000 10000 10000
73 51 10000 116 10000 10000 42 10000 42 10000
74 210 10000 10000 504 504 10000 10000 10000 10000
75 90 144 10000 144 10000 75 10000 50 10000
76 242 10000 580 10000 387 10000 10000 10000 203
77 79 151 140 10000 10000 10000 10000 10000 10000
78 85 10000 10000 10000 10000 10000 10000 10000 10000
79 57 10000 136 10000 91 47 10000 10000 10000
80 208 10000 10000 10000 10000 174 10000 159 10000
81 112 10000 10000 10000 268 10000 74 10000 62
82 78 10000 10000 10000 10000 10000 10000 10000 10000
83 154 10000 10000 246 10000 10000 10000 10000 10000
84 260 10000 10000 10000 10000 10000 10000 218 10000
85 189 453 10000 10000 368 10000 10000 10000 10000
86 256 10000 10000 10000 10000 10000 10000 10000 10000
87 227 10000 10000 10000 10000 10000 10000 190 10000
88 38 10000 77 10000 10000 10000 31 10000 10000
89 78 10000 10000 124 10000 10000 10000 10000 10000
90 31 10000 10000 10000 10000 26 10000 18 10000
91 171 10000 10000 10000 10000 95 95 10000 10000
92 102 10000 10000 163 10000 10000 10000 85 10000
93 178 10000 10000 10000 10000 10000 10000 10000 10000
94 63 10000 100 10000 100 10000 10000 10000 52
95 246 10000 553 10000 10000 10000 10000 10000 10000
96 369 885 885 10000 10000 10000 10000 206 10000
97 128 10000 10000 10000 10000 10000 10000 10000 10000
98 153 10000 10000 311 10000 10000 10000 10000 85
99 213 452 10000 511 511 10000 10000 10000 10000
100 248 10000 10000 10000 10000 208 10000 10000 10000
<precedence relations>
1,19
1,20
1,21
1,22
2,6
2,7
2,8
2,9
3,6
3,7
3,8
3,9
4,6
4,7
4,8
4,9
5,6
5,7
5,8
5,9
6,10
6,11
7,10
7,11
8,10
8,11
9,10
9,11
10,12
11,12
12,13
12,14
13,15
13,16
13,17
13,18
14,15
14,16
14,17
14,18
15,19
15,20
15,21
15,22
16,19
16,20
16,21
16,22
17,19
17,20
17,21
17,22
18,19
18,20
18,21
18,22
19,23
19,24
19,25
19,26
20,23
20,27
21,23
21,24
21,25
21,26
22,23
22,24
22,25
22,26
23,29
24,27
24,28
25,27
25,28
25,29
26,27
27,30
27,32
28,30
28,31
28,32
28,33
29,30
29,31
29,32
29,33
30,34
30,35
30,36
31,34
31,37
32,34
32,35
32,36
32,37
33,34
33,35
33,36
33,37
34,38
35,38
36,38
37,38
38,39
38,40
38,41
38,42
39,43
39,44
39,45
39,46
40,43
40,44
40,45
40,46
41,43
41,44
41,45
41,46
42,43
42,44
42,45
42,46
43,47
43,48
43,49
44,47
45,47
45,48
45,49
46,47
46,48
46,49
47,50
47,51
47,52
48,50
48,51
48,52
49,50
49,51
50,55
50,59
51,54
51,56
51,57
52,53
53,58
54,59
54,60
54,62
55,58
55,60
56,76
56,77
56,78
57,58
58,61
58,62
59,61
59,74
60,63
60,66
60,67
61,64
61,77
62,63
62,71
63,65
63,72
64,66
64,67
65,68
65,69
65,70
66,68
66,71
66,72
66,87
67,73
68,75
68,86
68,90
69,98
70,73
70,74
72,75
72,76
72,86
73,78
74,77
74,88
75,85
75,89
76,88
76,97
77,83
77,86
78,79
78,80
78,81
78,82
78,83
79,87
79,92
81,84
81,86
81,88
82,88
83,85
83,91
84,90
86,89
86,91
86,92
87,90
87,99
88,90
88,93
88,100
89,94
90,94
91,94
91,95
91,96
93,98
95,97
95,98
96,98
96,99
96,100
<end>