<number of tasks>
50
<number of stations>
13
<order strength>
0.200
<type of the robots>
4
<robot flexibility>
0.20
<collaboration flexibility>
0.20
<number of robots>
2
1
1
1
<task times>
1 159 10000 10000 10000 10000 89 10000 10000 10000
2 199 318 10000 10000 372 10000 167 167 10000
3 38 10000 10000 10000 10000 10000 10000 10000 10000
4 199 10000 477 10000 10000 10000 10000 10000 10000
5 85 10000 10000 10000 10000 10000 10000 10000 10000
6 246 565 10000 10000 393 206 206 10000 10000
7 162 10000 10000 386 259 10000 10000 134 10000
8 94 10000 10000 150 10000 10000 78 10000 10000
9 206 10000 442 329 329 10000 10000 173 173
10 70 10000 10000 154 10000 39 10000 10000 10000
11 265 10000 10000 10000 10000 148 10000 148 10000
12 213 511 511 10000 10000 10000 10000 10000 10000
13 194 10000 10000 10000 10000 10000 162 10000 10000
14 135 10000 10000 10000 10000 10000 10000 10000 10000
15 158 252 10000 10000 379 88 10000 10000 10000
16 68 108 10000 10000 10000 10000 10000 10000 38
17 229 10000 10000 10000 10000 10000 128 10000 10000
18 109 10000 174 174 10000 10000 91 10000 91
19 34 10000 10000 10000 10000 10000 10000 10000 10000
20 152 364 243 10000 10000 10000 85 10000 10000
21 148 10000 10000 10000 254 10000 10000 82 10000
22 265 424 424 10000 10000 10000 10000 10000 10000
23 85 10000 10000 10000 10000 10000 71 71 10000
24 129 10000 10000 10000 10000 72 72 79 108
25 113 10000 180 10000 10000 10000 10000 10000 94
26 99 10000 10000 10000 10000 10000 10000 10000 55
27 98 10000 10000 10000 10000 10000 10000 10000 10000
28 142 10000 340 10000 10000 10000 10000 10000 10000
29 109 10000 10000 10000 221 10000 91 10000 10000
30 189 10000 10000 10000 10000 10000 10000 10000 109
31 205 10000 10000 467 10000 10000 10000 10000 172
32 296 10000 10000 696 473 165 10000 10000 165
33 75 180 10000 10000 120 10000 10000 10000 10000
34 156 249 10000 10000 10000 87 131 87 10000
35 131 10000 10000 10000 10000 84 10000 10000 10000
36 242 10000 387 418 10000 203 10000 10000 139
37 179 10000 10000 10000 10000 10000 10000 10000 10000
38 150 240 10000 240 360 10000 10000 10000 84
39 189 10000 10000 10000 10000 10000 158 10000 10000
40 47 112 10000 91 90 10000 10000 10000 10000
41 61 10000 10000 10000 10000 10000 10000 51 10000
42 248 10000 10000 10000 10000 10000 10000 10000 10000
43 38 91 10000 10000 10000 10000 31 10000 10000
44 97 232 155 10000 10000 10000 10000 10000 10000
45 221 10000 10000 10000 428 10000 10000 10000 10000
46 271 10000 10000 10000 10000 10000 227 10000 10000
47 106 10000 10000 169 10000 10000 10000 59 10000
48 174 10000 10000 10000 10000 10000 10000 10000 146
49 161 10000 321 10000 386 10000 135 10000 10000
50 50 80 10000 10000 10000 10000 10000 10000 10000
<precedence relations>
2,7
2,8
2,10
3,10
4,6
4,11
4,27
5,9
5,10
5,13
5,41
6,15
7,14
7,16
7,17
8,12
8,13
12,41
13,20
13,21
14,22
14,25
14,32
15,28
16,19
16,23
17,18
17,24
18,26
18,28
18,30
20,26
21,27
21,47
21,49
22,29
24,39
25,29
26,34
28,31
29,35
29,49
30,32
30,33
30,36
30,37
31,42
32,41
32,44
33,38
33,40
33,43
34,43
35,39
38,47
40,47
40,48
40,49
41,50
42,45
42,46
<end>