<number of tasks>
20
<number of stations>
10
<order strength>
0.200
<type of the robots>
4
<robot flexibility>
0.20
<collaboration flexibility>
0.20
<number of robots>
1
1
1
1
<task times>
1 601 10000 10000 10000 1442 336 10000 10000 10000
2 370 10000 592 10000 10000 10000 10000 310 10000
3 209 373 10000 10000 10000 10000 10000 10000 10000
4 548 10000 10000 10000 10000 10000 10000 10000 10000
5 641 10000 10000 10000 1538 10000 10000 10000 10000
6 573 1375 10000 10000 10000 10000 10000 10000 320
7 515 10000 10000 10000 10000 10000 288 10000 10000
8 443 10000 1063 10000 10000 10000 248 10000 10000
9 278 10000 10000 667 10000 10000 10000 10000 10000
10 365 10000 10000 10000 10000 10000 10000 10000 10000
11 447 10000 10000 10000 10000 10000 10000 375 250
12 656 1049 10000 10000 10000 10000 10000 10000 10000
13 393 10000 761 10000 10000 10000 10000 220 10000
14 492 1180 10000 10000 787 10000 10000 10000 413
15 513 10000 1231 10000 820 10000 287 10000 10000
16 686 10000 1646 10000 10000 10000 10000 10000 10000
17 487 10000 10000 10000 10000 10000 10000 10000 10000
18 437 699 10000 10000 10000 10000 10000 367 10000
19 612 10000 1344 10000 10000 342 10000 10000 10000
20 524 10000 10000 10000 988 10000 10000 10000 10000
<precedence relations>
1,8
2,7
5,6
6,11
6,12
6,13
7,9
7,10
10,16
11,14
13,15
14,19
14,20
15,17
16,18
<end>