<number of tasks>
50
<number of stations>
13
<order strength>
0.200
<type of the robots>
4
<robot flexibility>
0.40
<collaboration flexibility>
0.40
<number of robots>
1
1
1
0
<task times>
1 53 98 10000 127 112 29 10000 10000 44
2 230 10000 10000 368 10000 10000 10000 128 10000
3 29 61 46 10000 10000 24 10000 10000 10000
4 54 10000 129 10000 10000 10000 31 10000 30
5 315 10000 504 10000 654 10000 10000 10000 10000
6 104 185 249 10000 10000 10000 10000 10000 58
7 27 10000 10000 64 43 10000 15 10000 10000
8 62 134 117 10000 10000 10000 10000 10000 34
9 144 10000 309 10000 232 10000 10000 119 10000
10 273 10000 10000 651 10000 10000 10000 10000 156
11 108 10000 259 10000 10000 60 10000 10000 60
12 174 10000 10000 10000 278 146 146 10000 10000
13 258 10000 619 10000 10000 216 216 144 216
14 153 367 10000 10000 367 109 128 128 10000
15 220 10000 10000 352 10000 123 10000 123 123
16 51 10000 10000 10000 122 10000 10000 10000 10000
17 192 307 307 10000 10000 10000 10000 10000 10000
18 124 10000 297 10000 10000 104 10000 104 10000
19 96 10000 153 230 153 10000 53 10000 53
20 235 376 10000 10000 10000 10000 10000 131 197
21 176 422 376 10000 281 98 10000 10000 147
22 106 10000 10000 10000 170 59 59 10000 10000
23 138 10000 10000 10000 220 10000 115 77 77
24 27 10000 10000 10000 10000 10000 10000 10000 10000
25 107 171 171 171 10000 10000 59 10000 10000
26 63 100 10000 100 151 52 52 10000 10000
27 113 180 10000 10000 10000 63 63 10000 10000
28 228 10000 10000 10000 10000 10000 191 10000 10000
29 107 10000 171 10000 211 62 10000 77 89
30 99 10000 10000 237 170 83 59 10000 55
31 106 10000 254 10000 254 10000 10000 89 59
32 119 10000 10000 10000 10000 66 66 10000 99
33 156 364 10000 10000 10000 87 10000 10000 131
34 84 134 10000 10000 153 54 10000 10000 10000
35 138 220 10000 10000 10000 10000 10000 10000 10000
36 97 232 225 185 190 10000 61 10000 54
37 38 91 10000 10000 91 10000 21 10000 28
38 184 323 412 329 344 10000 154 103 103
39 204 10000 10000 10000 10000 10000 10000 171 10000
40 284 10000 681 10000 10000 10000 10000 238 238
41 197 472 10000 10000 315 10000 10000 10000 10000
42 217 10000 10000 510 10000 10000 182 121 121
43 44 10000 10000 76 10000 36 36 10000 10000
44 82 10000 10000 131 10000 68 10000 10000 10000
45 127 10000 288 246 10000 10000 106 10000 10000
46 51 122 81 10000 81 10000 10000 28 42
47 246 10000 590 10000 393 206 137 10000 10000
48 91 10000 210 10000 10000 10000 64 10000 53
49 170 408 272 405 382 142 142 10000 142
50 40 10000 10000 10000 10000 10000 10000 26 10000
<precedence relations>
1,10
1,12
2,10
2,11
2,13
4,42
8,9
9,15
9,16
9,17
10,21
11,36
12,30
12,34
12,49
13,14
14,23
14,24
15,19
16,20
16,21
16,25
17,18
17,22
18,41
19,30
20,28
21,27
21,32
21,37
22,31
23,26
24,29
25,26
25,38
28,33
28,37
28,38
29,36
30,35
32,34
32,39
32,41
34,44
35,42
35,47
36,41
36,43
36,45
37,40
39,46
40,49
41,50
47,48
<end>