<number of tasks>
100
<number of stations>
25
<order strength>
0.200
<type of the robots>
4
<robot flexibility>
0.20
<collaboration flexibility>
0.20
<number of robots>
2
1
1
1
<task times>
1 104 10000 10000 10000 10000 10000 10000 10000 10000
2 65 10000 10000 10000 10000 10000 10000 10000 10000
3 122 195 10000 10000 10000 68 10000 10000 102
4 235 564 564 10000 10000 10000 10000 197 10000
5 120 10000 10000 288 10000 10000 100 10000 10000
6 140 224 10000 10000 10000 10000 10000 10000 78
7 86 10000 10000 10000 10000 10000 10000 10000 10000
8 224 10000 358 10000 10000 10000 10000 10000 125
9 144 10000 345 230 342 10000 10000 10000 80
10 90 10000 10000 10000 10000 10000 10000 10000 67
11 139 279 10000 10000 10000 116 10000 10000 10000
12 63 10000 10000 10000 100 10000 10000 10000 10000
13 35 10000 10000 10000 10000 19 10000 10000 10000
14 104 166 10000 10000 166 10000 10000 10000 10000
15 31 10000 10000 10000 10000 10000 10000 10000 10000
16 182 10000 10000 10000 10000 10000 10000 10000 152
17 178 10000 10000 10000 10000 10000 10000 109 149
18 273 10000 10000 10000 655 10000 10000 10000 10000
19 205 10000 10000 10000 10000 10000 114 10000 10000
20 319 510 10000 10000 658 10000 10000 267 10000
21 31 10000 10000 49 10000 10000 10000 10000 10000
22 262 628 10000 10000 10000 10000 10000 10000 220
23 236 10000 520 10000 10000 10000 10000 10000 10000
24 126 10000 10000 10000 10000 10000 10000 10000 10000
25 33 52 10000 10000 10000 18 10000 10000 10000
26 84 10000 10000 10000 10000 70 10000 10000 10000
27 230 10000 10000 10000 10000 134 10000 193 10000
28 164 10000 262 10000 10000 10000 10000 10000 10000
29 152 10000 10000 10000 10000 10000 10000 10000 10000
30 140 239 10000 10000 10000 10000 10000 10000 117
31 82 10000 10000 10000 10000 10000 10000 10000 10000
32 129 206 10000 289 10000 10000 10000 10000 10000
33 165 10000 10000 274 10000 10000 10000 10000 92
34 113 10000 215 10000 10000 94 94 10000 94
35 85 136 10000 10000 10000 10000 10000 10000 10000
36 21 50 10000 10000 10000 10000 17 10000 10000
37 125 10000 223 10000 300 10000 105 10000 10000
38 61 146 10000 10000 146 51 10000 34 10000
39 88 10000 10000 10000 211 10000 10000 10000 10000
40 229 10000 10000 366 10000 192 10000 10000 10000
41 211 10000 10000 10000 10000 10000 10000 10000 10000
42 147 352 10000 10000 10000 10000 10000 10000 10000
43 121 10000 10000 193 10000 10000 10000 101 10000
44 148 10000 255 236 10000 10000 10000 82 10000
45 106 10000 10000 10000 10000 89 10000 10000 59
46 140 10000 272 10000 10000 10000 10000 10000 10000
47 213 10000 10000 10000 10000 10000 10000 10000 10000
48 116 10000 10000 10000 278 10000 10000 10000 10000
49 165 264 10000 10000 10000 10000 10000 10000 10000
50 133 10000 283 10000 212 10000 10000 10000 10000
51 101 10000 10000 10000 10000 10000 56 10000 10000
52 139 10000 10000 10000 10000 10000 77 10000 10000
53 45 72 10000 76 10000 25 25 10000 10000
54 144 10000 232 10000 10000 10000 10000 10000 10000
55 123 295 10000 10000 295 10000 10000 10000 10000
56 103 10000 10000 10000 10000 62 10000 86 10000
57 60 10000 96 10000 10000 10000 10000 10000 10000
58 80 10000 149 10000 10000 10000 67 10000 10000
59 150 10000 10000 10000 10000 10000 10000 10000 84
60 263 10000 10000 631 10000 10000 10000 10000 220
61 106 10000 10000 10000 10000 10000 89 10000 10000
62 56 10000 89 10000 10000 10000 10000 10000 47
63 253 404 10000 404 10000 10000 10000 10000 10000
64 134 10000 10000 214 10000 10000 10000 10000 112
65 72 172 115 10000 10000 10000 10000 10000 10000
66 122 10000 10000 10000 10000 10000 10000 10000 10000
67 194 310 10000 10000 10000 10000 10000 10000 162
68 155 10000 372 10000 10000 10000 10000 10000 10000
69 81 129 10000 10000 10000 68 68 10000 10000
70 118 10000 10000 10000 10000 10000 10000 10000 10000
71 147 10000 10000 10000 10000 10000 82 10000 10000
72 219 10000 351 10000 436 10000 10000 159 122
73 149 10000 10000 10000 10000 10000 10000 83 10000
74 364 10000 10000 10000 10000 10000 305 10000 10000
75 63 10000 10000 10000 10000 10000 10000 10000 10000
76 88 10000 10000 10000 10000 10000 60 10000 10000
77 136 217 10000 10000 10000 10000 10000 10000 114
78 228 10000 10000 364 547 10000 10000 10000 10000
79 63 100 10000 10000 10000 10000 10000 10000 10000
80 171 10000 273 10000 10000 10000 10000 10000 10000
81 31 10000 10000 10000 10000 10000 10000 10000 10000
82 205 10000 10000 10000 492 10000 10000 10000 10000
83 158 10000 10000 10000 10000 132 88 10000 88
84 74 10000 10000 10000 10000 10000 10000 10000 10000
85 283 452 679 679 10000 10000 10000 10000 10000
86 50 10000 10000 10000 10000 28 10000 10000 10000
87 214 10000 10000 10000 513 179 10000 119 10000
88 103 194 220 10000 10000 10000 57 10000 10000
89 137 219 10000 10000 10000 10000 10000 115 10000
90 86 165 10000 10000 10000 10000 10000 10000 10000
91 195 10000 10000 10000 10000 10000 163 109 10000
92 124 10000 10000 10000 10000 10000 10000 69 10000
93 158 10000 10000 379 379 10000 10000 132 10000
94 129 10000 10000 264 10000 72 10000 10000 72
95 152 340 10000 10000 10000 10000 10000 10000 10000
96 125 300 10000 10000 10000 10000 70 70 10000
97 119 10000 10000 10000 10000 10000 10000 69 66
98 185 10000 342 10000 10000 10000 10000 10000 10000
99 152 243 10000 10000 10000 10000 10000 10000 10000
100 115 10000 10000 10000 252 96 66 10000 10000
<precedence relations>
1,10
2,12
3,13
4,15
5,11
5,14
5,20
6,16
6,19
7,17
7,41
7,54
7,71
7,99
9,18
9,21
10,23
11,22
12,24
13,27
14,25
15,28
16,26
17,29
17,89
18,30
18,90
19,74
19,89
20,39
20,62
21,82
21,84
21,96
22,34
23,32
24,35
25,33
26,37
27,36
28,31
28,39
28,41
29,45
29,74
30,38
30,40
30,59
30,85
31,42
32,45
33,45
34,43
35,44
36,46
37,48
38,48
38,49
38,94
39,47
39,94
42,51
43,50
44,51
45,53
45,82
45,83
45,88
46,53
47,52
49,54
50,58
51,59
51,62
51,63
51,98
52,55
52,61
52,100
53,56
53,87
54,57
54,60
55,64
56,66
57,67
58,65
58,68
58,70
58,71
59,69
61,71
61,73
62,72
62,74
64,76
65,77
66,81
67,81
68,78
69,79
70,80
71,75
71,84
72,82
72,83
73,85
73,93
74,93
74,96
75,86
76,87
77,87
78,88
79,89
80,90
81,92
81,93
82,97
83,94
84,91
86,95
87,95
89,97
90,96
90,98
96,100
98,99
<end>