<number of tasks>
100
<number of stations>
50
<order strength>
0.895
<type of the robots>
4
<robot flexibility>
0.40
<collaboration flexibility>
0.40
<number of robots>
3
3
2
2
<task times>
1 337 10000 10000 10000 10000 10000 10000 10000 283
2 379 702 10000 10000 10000 212 318 318 212
3 357 762 10000 10000 856 299 299 10000 10000
4 422 10000 10000 10000 10000 10000 236 10000 10000
5 368 10000 883 10000 588 10000 10000 309 10000
6 429 10000 1029 10000 10000 240 10000 10000 360
7 485 10000 776 10000 1164 10000 10000 10000 10000
8 569 910 10000 1040 910 477 477 10000 10000
9 317 10000 10000 10000 10000 10000 10000 10000 242
10 314 721 627 615 10000 10000 263 10000 10000
11 511 1226 1226 1226 817 10000 286 10000 10000
12 840 10000 10000 10000 10000 705 705 470 10000
13 378 10000 604 10000 604 10000 10000 277 317
14 407 818 10000 762 976 10000 10000 227 10000
15 634 1014 1521 10000 10000 10000 10000 532 355
16 399 10000 10000 638 10000 223 223 10000 10000
17 440 10000 10000 704 1056 10000 364 246 10000
18 502 10000 10000 1204 10000 10000 421 281 281
19 561 1346 897 1050 1148 10000 10000 10000 10000
20 461 10000 10000 1106 10000 10000 10000 10000 10000
21 441 10000 1058 10000 10000 10000 10000 370 10000
22 497 10000 10000 10000 1192 278 10000 10000 10000
23 402 10000 10000 10000 10000 337 10000 10000 10000
24 487 10000 779 10000 10000 10000 272 409 409
25 415 10000 10000 996 10000 232 348 232 10000
26 707 10000 10000 10000 1131 10000 10000 10000 10000
27 558 10000 1229 10000 10000 312 10000 10000 10000
28 363 580 10000 10000 10000 10000 10000 10000 203
29 406 10000 10000 10000 10000 341 227 10000 10000
30 458 10000 10000 10000 860 10000 256 384 10000
31 474 758 10000 10000 10000 10000 10000 398 10000
32 524 10000 10000 10000 10000 293 10000 324 293
33 576 10000 10000 10000 1382 10000 322 10000 10000
34 517 10000 827 1001 10000 289 10000 10000 10000
35 619 1162 10000 10000 10000 10000 446 379 519
36 332 796 796 531 10000 278 278 10000 10000
37 468 762 10000 10000 10000 10000 285 10000 262
38 473 10000 10000 10000 756 10000 10000 10000 10000
39 575 10000 920 1380 10000 10000 10000 10000 10000
40 382 654 871 10000 10000 213 10000 10000 213
41 417 808 10000 10000 849 233 10000 10000 350
42 351 842 10000 561 10000 10000 10000 10000 294
43 648 10000 1555 10000 1036 10000 10000 10000 362
44 526 10000 10000 1262 10000 10000 10000 10000 10000
45 647 1552 10000 10000 10000 10000 10000 543 10000
46 292 700 491 10000 467 163 10000 10000 10000
47 458 10000 10000 732 10000 384 10000 256 10000
48 390 857 917 10000 10000 10000 10000 327 10000
49 445 10000 10000 1068 10000 373 10000 10000 10000
50 485 1164 10000 776 10000 10000 10000 10000 10000
51 776 1862 1341 10000 10000 10000 434 434 651
52 517 10000 10000 10000 10000 10000 10000 10000 10000
53 457 855 10000 10000 10000 383 10000 10000 383
54 470 10000 10000 10000 10000 10000 263 263 10000
55 608 10000 10000 10000 972 10000 390 340 10000
56 599 958 958 10000 1235 10000 10000 10000 10000
57 551 10000 1072 881 10000 10000 462 10000 10000
58 568 10000 1363 10000 10000 10000 471 10000 477
59 484 10000 10000 774 1161 271 10000 406 406
60 649 10000 10000 1038 10000 10000 504 363 363
61 505 10000 10000 10000 808 10000 10000 10000 282
62 609 10000 981 10000 10000 10000 10000 10000 409
63 376 902 601 602 10000 315 10000 10000 210
64 440 704 10000 10000 704 10000 246 10000 369
65 373 10000 10000 628 10000 10000 10000 10000 10000
66 288 10000 10000 10000 10000 10000 10000 10000 10000
67 534 1281 10000 10000 10000 10000 10000 10000 448
68 498 10000 10000 10000 10000 297 10000 278 10000
69 549 10000 878 10000 10000 10000 10000 10000 307
70 865 10000 10000 10000 2076 10000 10000 10000 10000
71 624 1497 10000 10000 1497 10000 10000 524 10000
72 570 1368 10000 10000 1173 10000 319 10000 10000
73 556 1334 10000 889 1260 467 10000 311 467
74 434 10000 10000 10000 10000 10000 10000 10000 10000
75 455 10000 10000 776 728 10000 254 10000 10000
76 734 10000 1372 10000 1201 10000 10000 616 10000
77 647 10000 10000 1326 10000 10000 543 10000 10000
78 462 10000 10000 1108 739 10000 10000 10000 388
79 584 1401 934 10000 10000 10000 327 10000 10000
80 507 811 1216 811 10000 10000 10000 10000 425
81 501 1202 10000 10000 1202 280 10000 10000 10000
82 666 1065 1598 10000 1065 10000 10000 10000 10000
83 622 10000 995 10000 10000 10000 10000 348 10000
84 514 10000 10000 10000 10000 430 10000 10000 10000
85 580 10000 10000 1392 954 487 324 324 10000
86 520 10000 10000 10000 10000 291 436 365 10000
87 633 1012 1012 10000 10000 10000 531 10000 10000
88 414 10000 10000 662 993 231 10000 244 10000
89 547 1312 10000 875 10000 10000 306 306 10000
90 468 748 751 10000 1123 10000 393 10000 10000
91 600 1440 10000 10000 10000 336 10000 10000 10000
92 353 10000 10000 623 847 296 10000 296 10000
93 512 966 819 819 10000 10000 10000 10000 10000
94 801 10000 10000 1621 1281 10000 542 10000 448
95 479 766 1092 766 10000 10000 268 10000 10000
96 368 10000 588 10000 10000 10000 10000 10000 10000
97 578 10000 1024 10000 1387 485 10000 323 10000
98 407 782 976 10000 976 227 10000 227 10000
99 478 1072 10000 10000 10000 401 10000 10000 267
100 398 10000 10000 10000 10000 334 10000 237 10000
<precedence relations>
1,5
1,7
2,5
2,6
2,7
3,5
3,6
3,7
4,5
4,6
4,7
5,8
5,9
5,10
6,8
6,9
6,10
7,8
7,9
7,10
8,11
8,12
8,13
9,11
9,12
9,13
10,11
10,12
10,13
11,14
11,15
11,16
12,14
12,15
13,14
13,16
14,17
14,18
14,19
14,20
14,21
15,17
15,18
15,19
15,20
16,17
16,20
17,22
17,23
18,22
19,36
20,22
20,23
20,24
21,24
22,25
22,26
22,27
23,26
23,27
24,25
24,26
24,27
25,28
25,29
25,30
25,31
26,28
26,29
26,30
26,31
27,28
27,29
27,30
27,31
28,32
28,33
29,32
29,33
30,32
30,33
31,32
31,33
32,34
32,35
32,36
32,37
33,34
33,35
33,36
34,38
34,39
34,40
34,41
34,42
35,38
35,39
35,40
35,41
35,42
36,38
36,39
36,40
36,41
37,38
37,39
37,40
37,41
37,42
38,44
38,45
39,43
39,52
40,43
40,44
41,44
41,45
42,56
43,46
43,48
44,48
45,46
45,47
45,48
46,50
46,60
47,49
47,50
47,51
47,52
47,53
48,49
48,51
48,53
49,54
49,62
49,63
50,54
50,55
51,56
51,57
52,54
52,59
52,62
53,56
54,61
55,61
55,71
56,58
56,61
57,58
57,59
58,60
58,62
58,63
59,61
59,68
60,64
60,65
61,64
62,65
63,71
63,86
64,66
65,66
65,67
65,68
66,70
67,92
67,96
68,69
69,71
69,72
69,75
70,72
70,73
70,74
70,75
71,77
71,80
72,76
74,76
75,76
75,77
75,78
76,79
76,80
76,81
77,94
78,79
79,86
80,82
80,83
80,84
80,85
83,88
83,97
84,87
84,94
86,88
86,89
87,90
88,91
89,92
89,93
91,94
92,97
93,94
93,95
93,96
94,100
95,98
95,99
97,99
<end>