<number of tasks>
100
<number of stations>
50
<order strength>
0.199
<type of the robots>
4
<robot flexibility>
0.40
<collaboration flexibility>
0.40
<number of robots>
5
5
5
5
<task times>
1 80 10000 181 10000 10000 10000 10000 10000 44
2 199 368 10000 10000 10000 10000 10000 10000 10000
3 59 10000 94 141 94 10000 10000 33 49
4 318 10000 763 10000 648 178 267 178 267
5 129 10000 10000 10000 206 10000 10000 10000 10000
6 210 10000 10000 388 10000 10000 176 10000 117
7 55 10000 10000 132 10000 10000 39 10000 10000
8 287 612 10000 537 459 241 10000 10000 10000
9 179 319 10000 286 429 10000 150 100 10000
10 41 10000 10000 10000 91 10000 22 10000 34
11 148 10000 236 10000 10000 10000 124 124 10000
12 201 434 10000 10000 10000 10000 112 10000 10000
13 74 10000 121 166 10000 10000 62 10000 10000
14 229 10000 10000 549 366 10000 10000 192 10000
15 190 304 403 10000 391 10000 159 159 10000
16 239 10000 10000 10000 10000 10000 10000 200 200
17 189 434 10000 302 10000 158 105 10000 105
18 64 153 10000 10000 153 46 10000 40 10000
19 153 10000 10000 10000 244 10000 10000 10000 85
20 180 10000 288 10000 307 100 10000 110 121
21 169 270 10000 327 396 141 10000 141 94
22 129 10000 10000 10000 10000 10000 10000 10000 108
23 267 10000 10000 427 10000 149 149 149 10000
24 35 56 84 10000 10000 10000 10000 29 10000
25 221 353 10000 10000 530 10000 10000 123 10000
26 107 10000 256 256 10000 89 89 89 10000
27 47 10000 75 10000 10000 10000 10000 10000 10000
28 166 265 10000 265 287 139 92 92 139
29 81 10000 10000 10000 183 45 10000 10000 10000
30 61 97 10000 10000 10000 10000 34 51 47
31 133 10000 10000 232 212 74 10000 10000 111
32 67 10000 107 108 109 56 49 10000 56
33 63 118 151 10000 10000 10000 52 35 52
34 167 10000 10000 10000 10000 10000 10000 10000 10000
35 49 10000 10000 10000 78 10000 10000 27 10000
36 80 10000 10000 192 192 44 49 10000 10000
37 183 10000 10000 292 10000 10000 10000 102 102
38 52 10000 10000 10000 10000 29 29 10000 10000
39 104 10000 10000 10000 166 10000 58 10000 10000
40 81 10000 194 10000 10000 10000 10000 10000 10000
41 184 10000 10000 10000 10000 10000 154 10000 103
42 151 362 10000 10000 10000 84 10000 84 126
43 60 10000 10000 10000 144 33 50 33 33
44 116 10000 10000 195 10000 75 10000 64 10000
45 325 780 10000 10000 10000 272 10000 272 272
46 117 10000 10000 10000 10000 10000 10000 10000 10000
47 200 10000 10000 10000 480 10000 112 10000 10000
48 236 566 397 10000 10000 10000 10000 10000 10000
49 190 10000 10000 304 10000 10000 106 10000 10000
50 41 10000 65 65 10000 10000 10000 22 10000
51 60 105 10000 10000 10000 50 39 10000 10000
52 92 10000 10000 220 10000 77 77 10000 77
53 259 10000 504 10000 414 10000 10000 195 10000
54 117 10000 280 10000 10000 98 10000 10000 10000
55 28 10000 10000 67 44 10000 23 15 15
56 145 348 10000 10000 10000 10000 113 10000 81
57 127 10000 204 10000 10000 10000 10000 10000 71
58 79 10000 10000 10000 10000 10000 10000 10000 66
59 173 415 10000 10000 415 145 10000 10000 10000
60 94 175 10000 10000 222 10000 10000 52 10000
61 93 10000 10000 10000 148 10000 10000 78 10000
62 251 10000 401 10000 10000 10000 140 140 210
63 104 166 10000 10000 10000 10000 10000 10000 10000
64 74 10000 118 118 10000 10000 10000 52 62
65 29 69 10000 46 54 10000 10000 10000 10000
66 77 10000 10000 135 10000 10000 43 46 10000
67 20 10000 37 10000 39 10000 10000 11 10000
68 159 254 254 254 10000 89 10000 133 10000
69 191 10000 10000 10000 10000 160 106 106 10000
70 139 333 10000 10000 10000 83 10000 116 10000
71 174 417 10000 352 373 146 10000 10000 97
72 77 184 184 123 159 10000 10000 46 10000
73 135 324 10000 216 10000 10000 10000 113 113
74 50 120 10000 10000 10000 10000 42 10000 10000
75 102 10000 163 163 10000 10000 85 57 57
76 114 10000 182 273 10000 63 10000 95 95
77 246 10000 10000 10000 10000 10000 10000 10000 10000
78 118 188 188 10000 283 99 10000 10000 10000
79 181 386 10000 10000 434 101 10000 101 10000
80 40 10000 10000 10000 64 10000 10000 10000 10000
81 142 10000 227 292 227 79 119 79 79
82 203 10000 10000 10000 10000 10000 10000 113 10000
83 132 10000 316 316 316 10000 73 10000 10000
84 96 230 154 153 10000 53 80 10000 10000
85 99 158 158 158 10000 55 67 83 10000
86 91 218 10000 218 192 10000 10000 10000 76
87 79 10000 10000 10000 126 66 10000 66 52
88 160 10000 10000 327 10000 94 134 89 10000
89 106 10000 10000 10000 169 10000 59 89 59
90 144 10000 247 10000 10000 120 10000 10000 10000
91 250 10000 10000 10000 400 10000 140 10000 10000
92 38 60 10000 10000 10000 31 31 21 10000
93 118 10000 10000 221 10000 66 10000 10000 10000
94 54 86 10000 129 118 34 45 10000 10000
95 181 10000 434 10000 10000 152 101 10000 152
96 206 492 10000 329 10000 10000 10000 10000 173
97 92 209 10000 218 10000 10000 51 10000 77
98 225 540 540 10000 10000 10000 149 10000 10000
99 27 10000 10000 10000 10000 10000 20 15 10000
100 118 10000 221 10000 188 99 10000 10000 66
<precedence relations>
1,8
1,9
1,14
2,11
3,12
4,10
4,15
4,74
5,49
6,13
6,16
6,17
6,19
7,18
8,41
10,93
11,21
12,27
13,25
14,22
14,59
15,32
16,20
16,23
16,24
16,26
17,88
18,28
19,90
20,34
21,32
22,32
22,33
22,34
23,76
24,31
25,32
26,29
27,30
29,35
30,68
32,37
32,38
32,40
32,41
33,36
34,39
35,42
35,45
35,48
36,43
37,44
37,49
39,69
40,46
40,69
41,47
42,57
43,51
44,50
45,50
45,52
45,53
45,55
46,51
46,54
47,56
52,59
52,62
53,91
54,60
55,65
56,58
56,63
56,64
56,68
57,61
58,70
59,69
59,71
59,72
59,74
59,97
61,73
62,66
62,68
64,65
64,67
65,75
65,76
67,77
68,83
70,78
70,82
72,80
72,81
73,79
73,94
74,84
75,93
77,86
77,92
78,94
78,95
79,87
80,89
80,91
81,88
81,90
82,85
83,93
85,97
88,96
88,98
91,100
95,99
<end>