<number of tasks>
100
<number of stations>
50
<order strength>
0.895
<type of the robots>
4
<robot flexibility>
0.00
<collaboration flexibility>
0.00
<number of robots>
0
0
0
0
<task times>
1 72 10000 10000 10000 10000 10000 10000 10000 10000
2 79 10000 10000 10000 126 10000 66 10000 10000
3 86 10000 10000 10000 206 10000 10000 10000 10000
4 106 10000 10000 10000 10000 10000 10000 10000 80
5 116 10000 10000 10000 10000 97 10000 10000 68
6 196 418 313 470 10000 10000 10000 164 10000
7 201 10000 10000 10000 321 112 10000 10000 112
8 201 434 321 10000 321 10000 10000 10000 10000
9 122 10000 10000 195 10000 10000 102 10000 102
10 134 321 220 10000 214 10000 10000 10000 10000
11 206 414 437 10000 10000 10000 10000 10000 115
12 143 10000 10000 10000 343 10000 10000 10000 10000
13 63 10000 10000 151 10000 10000 10000 10000 47
14 68 10000 10000 10000 10000 10000 38 10000 10000
15 49 10000 10000 10000 10000 10000 10000 10000 10000
16 310 10000 10000 10000 10000 173 10000 10000 10000
17 209 10000 334 10000 10000 10000 10000 10000 10000
18 111 10000 10000 10000 10000 10000 10000 10000 10000
19 132 10000 10000 10000 10000 10000 10000 85 10000
20 71 10000 10000 10000 113 10000 10000 10000 10000
21 43 10000 10000 10000 10000 10000 10000 24 10000
22 344 10000 10000 10000 764 10000 10000 288 192
23 95 10000 209 228 10000 10000 53 10000 73
24 222 355 10000 10000 10000 10000 10000 10000 10000
25 124 198 10000 10000 10000 10000 10000 10000 10000
26 80 192 128 192 10000 67 10000 10000 10000
27 93 148 10000 148 10000 10000 10000 78 10000
28 194 10000 10000 10000 10000 10000 10000 108 10000
29 103 10000 10000 10000 10000 10000 10000 10000 10000
30 102 10000 205 10000 10000 10000 10000 10000 10000
31 207 10000 10000 10000 10000 10000 10000 173 10000
32 131 10000 10000 10000 10000 10000 10000 10000 110
33 139 333 10000 10000 222 10000 85 10000 10000
34 23 10000 55 10000 55 10000 10000 10000 10000
35 129 206 10000 10000 10000 72 10000 10000 10000
36 225 10000 10000 394 540 10000 10000 10000 10000
37 92 147 10000 10000 10000 10000 10000 10000 10000
38 256 10000 10000 10000 10000 10000 215 10000 215
39 100 10000 10000 10000 10000 10000 10000 56 56
40 176 10000 10000 10000 362 10000 10000 10000 10000
41 278 10000 10000 10000 10000 10000 10000 10000 10000
42 70 122 10000 10000 10000 10000 10000 10000 10000
43 248 10000 481 10000 396 10000 138 10000 208
44 122 268 10000 10000 10000 10000 10000 10000 10000
45 169 10000 10000 10000 10000 10000 10000 10000 10000
46 29 69 10000 46 69 10000 19 10000 10000
47 95 10000 10000 10000 10000 10000 10000 10000 10000
48 244 10000 10000 10000 10000 10000 10000 10000 10000
49 98 10000 10000 10000 10000 10000 82 10000 10000
50 167 10000 10000 267 267 10000 10000 10000 10000
51 264 10000 548 10000 633 10000 10000 10000 10000
52 262 10000 10000 10000 10000 10000 10000 10000 10000
53 148 355 10000 10000 10000 82 10000 124 10000
54 54 10000 86 10000 129 10000 30 10000 10000
55 58 10000 93 10000 10000 10000 10000 10000 48
56 173 10000 10000 10000 10000 10000 96 10000 10000
57 68 108 10000 10000 10000 38 10000 10000 10000
58 87 10000 10000 10000 10000 10000 10000 10000 10000
59 186 10000 10000 10000 10000 10000 10000 104 10000
60 190 10000 304 10000 10000 10000 109 159 10000
61 50 10000 120 10000 10000 10000 10000 10000 42
62 197 10000 315 10000 10000 118 10000 10000 10000
63 103 247 10000 206 10000 10000 86 10000 86
64 108 10000 10000 10000 10000 10000 10000 10000 10000
65 180 10000 10000 339 288 151 10000 10000 10000
66 105 252 10000 10000 10000 10000 10000 10000 10000
67 95 10000 10000 10000 152 10000 10000 10000 10000
68 71 10000 10000 10000 132 10000 10000 39 10000
69 267 10000 10000 10000 10000 10000 10000 10000 10000
70 345 828 10000 10000 10000 10000 10000 10000 239
71 47 10000 112 10000 10000 10000 10000 10000 39
72 109 10000 10000 10000 10000 10000 61 10000 10000
73 131 209 10000 10000 10000 10000 73 10000 10000
74 120 10000 10000 10000 10000 100 10000 10000 10000
75 62 99 99 10000 10000 10000 10000 10000 10000
76 74 10000 177 10000 10000 10000 10000 10000 10000
77 175 10000 10000 280 10000 10000 10000 10000 10000
78 105 168 10000 10000 10000 10000 88 10000 10000
79 167 10000 10000 10000 10000 140 10000 10000 10000
80 177 10000 304 10000 424 10000 99 10000 10000
81 275 10000 10000 10000 10000 10000 10000 10000 10000
82 101 10000 242 191 10000 60 10000 10000 10000
83 277 644 10000 10000 10000 10000 10000 155 10000
84 37 10000 10000 81 10000 20 10000 10000 10000
85 96 10000 10000 10000 153 10000 10000 53 10000
86 158 10000 252 10000 10000 10000 10000 10000 128
87 93 10000 10000 10000 10000 10000 10000 10000 10000
88 59 132 10000 10000 10000 10000 10000 10000 10000
89 23 10000 55 10000 10000 10000 10000 10000 10000
90 173 10000 10000 10000 10000 145 10000 145 10000
91 187 10000 10000 10000 448 10000 10000 10000 10000
92 128 10000 10000 10000 10000 107 10000 10000 10000
93 131 10000 10000 10000 10000 10000 73 110 10000
94 230 10000 10000 10000 10000 10000 10000 10000 10000
95 42 10000 10000 10000 10000 23 25 10000 23
96 23 10000 10000 10000 10000 10000 10000 10000 10000
97 77 10000 10000 10000 10000 10000 10000 43 43
98 94 10000 10000 150 10000 10000 10000 10000 10000
99 238 10000 10000 10000 523 10000 10000 199 10000
100 69 10000 10000 110 10000 10000 10000 57 57
<precedence relations>
1,3
1,4
1,5
1,6
1,7
2,3
2,4
2,5
2,6
2,7
3,8
4,8
5,8
6,8
7,8
8,9
8,10
8,11
8,12
8,13
9,14
9,15
9,16
9,17
9,18
10,14
10,15
10,16
10,17
10,18
11,14
11,15
11,16
11,17
11,18
12,14
12,15
12,16
12,17
12,18
13,14
13,15
13,16
13,17
13,18
14,19
14,20
14,21
15,19
15,20
15,21
16,19
16,20
16,21
17,19
17,20
17,21
18,19
18,20
18,21
19,22
19,23
19,24
19,25
20,22
20,23
20,24
20,25
21,22
21,23
21,25
22,26
22,27
22,28
23,100
24,39
25,36
25,40
26,29
26,30
26,31
27,29
27,30
27,31
28,29
28,30
28,31
29,32
29,33
29,34
29,35
30,32
30,33
30,34
30,35
31,32
31,33
31,34
31,35
32,36
32,37
32,38
32,39
32,40
33,36
33,37
33,38
33,39
33,40
34,36
34,37
34,38
34,39
34,40
35,36
35,37
35,38
35,40
36,41
36,42
36,43
37,41
37,45
38,42
38,43
39,41
39,42
39,43
40,41
40,42
40,43
41,46
41,47
42,44
42,45
42,46
42,47
43,44
43,45
43,46
43,47
44,48
44,49
45,48
45,49
46,48
46,49
47,48
47,49
48,50
48,51
48,52
49,50
49,51
49,52
50,53
50,54
50,55
50,56
51,53
51,54
51,55
51,56
52,53
52,54
53,66
54,57
54,58
54,59
54,60
55,57
55,59
56,62
56,68
56,78
57,63
58,64
59,61
60,62
60,63
60,68
61,65
61,67
61,68
62,71
62,81
63,65
63,67
64,65
64,66
64,68
65,69
65,71
66,70
66,75
67,69
67,70
67,71
68,80
68,81
69,72
69,76
70,72
70,74
71,73
71,75
72,77
72,78
73,85
74,83
75,76
76,79
76,80
77,81
77,83
78,81
78,93
79,83
79,85
80,84
80,86
81,82
81,84
82,87
83,95
84,94
84,95
85,86
85,88
86,89
87,91
87,92
88,90
89,93
89,94
90,95
91,94
93,96
94,96
94,98
95,97
95,99
96,100
98,100
99,100
<end>