<number of tasks>
20
<number of stations>
5
<order strength>
0.200
<type of the robots>
4
<robot flexibility>
0.40
<collaboration flexibility>
0.40
<number of robots>
1
1
0
0
<task times>
1 40 74 10000 87 10000 10000 10000 10000 10000
2 139 296 222 10000 10000 77 116 116 10000
3 419 748 10000 10000 10000 351 234 10000 10000
4 360 778 576 864 10000 201 201 302 10000
5 23 55 10000 55 43 10000 10000 10000 19
6 316 635 593 10000 679 265 10000 10000 265
7 350 10000 10000 10000 10000 293 10000 293 10000
8 78 124 187 10000 10000 43 10000 43 10000
9 457 10000 744 10000 10000 255 10000 10000 10000
10 208 10000 10000 10000 10000 10000 174 10000 174
11 299 10000 10000 10000 10000 10000 167 10000 251
12 150 10000 256 10000 240 10000 84 10000 10000
13 87 10000 168 162 208 73 10000 10000 73
14 25 10000 10000 10000 10000 10000 21 21 10000
15 480 10000 10000 10000 768 10000 403 268 268
16 445 10000 1068 10000 950 10000 10000 10000 10000
17 178 10000 10000 10000 427 10000 99 149 99
18 265 636 10000 10000 10000 10000 10000 10000 148
19 147 10000 10000 10000 235 82 10000 10000 10000
20 260 10000 10000 10000 624 145 10000 145 145
<precedence relations>
2,6
2,7
3,8
3,9
6,12
7,10
7,11
10,14
10,15
11,16
12,13
15,19
16,17
16,18
16,20
<end>