<number of tasks>
100
<number of stations>
50
<order strength>
0.895
<type of the robots>
4
<robot flexibility>
0.40
<collaboration flexibility>
0.40
<number of robots>
3
3
2
2
<task times>
1 54 100 10000 10000 101 30 45 10000 30
2 324 10000 777 10000 777 10000 10000 272 10000
3 566 10000 10000 10000 905 10000 316 316 10000
4 351 749 810 10000 561 10000 10000 10000 10000
5 244 10000 487 390 390 204 10000 204 204
6 285 508 10000 456 10000 159 159 10000 10000
7 413 893 10000 10000 10000 10000 10000 10000 10000
8 492 1180 10000 787 10000 413 10000 282 10000
9 155 10000 10000 10000 10000 10000 10000 10000 10000
10 499 1003 1197 1121 1016 419 10000 10000 10000
11 392 627 627 10000 10000 10000 329 329 10000
12 282 10000 10000 676 10000 157 10000 10000 236
13 473 1135 10000 756 10000 10000 264 10000 10000
14 94 150 10000 10000 150 52 78 78 78
15 527 10000 1264 10000 10000 10000 10000 442 10000
16 231 10000 551 443 369 10000 129 10000 10000
17 124 10000 10000 10000 10000 10000 10000 10000 10000
18 151 10000 241 288 241 10000 10000 10000 126
19 200 10000 10000 10000 10000 112 168 10000 10000
20 222 532 355 430 532 10000 186 10000 10000
21 161 10000 10000 257 10000 10000 10000 135 10000
22 438 10000 10000 10000 10000 10000 245 367 10000
23 314 502 10000 753 502 10000 175 10000 10000
24 287 459 10000 10000 10000 10000 160 10000 241
25 465 1116 1024 744 10000 260 260 10000 10000
26 140 10000 282 10000 10000 10000 10000 10000 117
27 466 10000 1118 1118 10000 391 10000 10000 10000
28 154 246 293 10000 10000 10000 129 86 10000
29 121 227 10000 10000 249 67 10000 10000 10000
30 91 10000 10000 10000 10000 10000 10000 10000 10000
31 91 218 163 10000 10000 10000 10000 10000 10000
32 200 320 10000 320 480 10000 10000 10000 10000
33 557 10000 10000 10000 10000 10000 10000 467 10000
34 114 182 10000 10000 10000 10000 63 63 63
35 146 10000 10000 10000 10000 10000 10000 10000 10000
36 197 10000 10000 10000 315 10000 10000 10000 110
37 257 10000 616 10000 10000 143 10000 10000 173
38 419 10000 10000 10000 10000 10000 10000 10000 10000
39 163 10000 10000 10000 278 10000 10000 10000 10000
40 189 366 318 453 10000 158 158 105 105
41 96 10000 225 153 10000 10000 10000 53 10000
42 141 10000 10000 10000 331 10000 10000 10000 118
43 339 10000 585 10000 813 10000 10000 10000 10000
44 553 10000 10000 884 10000 464 10000 10000 464
45 155 10000 248 248 10000 10000 86 130 10000
46 114 10000 221 10000 10000 10000 10000 63 10000
47 507 1216 10000 811 877 10000 10000 10000 10000
48 286 502 10000 10000 648 240 10000 160 218
49 91 218 217 145 10000 10000 10000 10000 10000
50 493 10000 10000 10000 788 414 10000 276 10000
51 393 943 10000 10000 943 10000 254 220 10000
52 470 10000 1000 10000 10000 394 10000 394 10000
53 73 175 10000 10000 10000 42 61 10000 40
54 215 10000 446 10000 516 120 10000 120 10000
55 129 10000 10000 220 10000 10000 10000 10000 72
56 219 10000 10000 10000 10000 10000 10000 10000 10000
57 189 10000 10000 387 10000 10000 10000 158 10000
58 98 156 10000 235 235 10000 10000 54 82
59 174 10000 10000 278 278 146 97 10000 97
60 77 184 10000 10000 10000 43 43 10000 43
61 494 936 790 10000 10000 10000 10000 10000 10000
62 114 10000 184 273 10000 95 63 10000 95
63 282 10000 10000 451 10000 236 10000 157 10000
64 40 85 64 80 96 10000 10000 22 10000
65 147 10000 10000 277 10000 123 84 82 10000
66 517 1240 10000 827 1240 10000 289 289 10000
67 339 10000 813 10000 542 189 284 10000 10000
68 61 10000 10000 146 10000 10000 10000 45 10000
69 220 10000 352 352 528 184 184 123 10000
70 252 10000 403 10000 10000 141 141 141 211
71 186 10000 297 10000 10000 10000 156 10000 10000
72 221 530 10000 10000 10000 10000 10000 132 10000
73 167 10000 10000 400 267 10000 10000 10000 10000
74 35 10000 10000 56 56 29 10000 29 19
75 186 10000 10000 10000 297 10000 10000 10000 156
76 556 10000 1334 10000 10000 10000 311 311 10000
77 403 10000 644 10000 10000 225 10000 10000 10000
78 171 10000 10000 10000 273 95 10000 143 10000
79 178 10000 10000 10000 427 10000 10000 99 10000
80 56 10000 10000 10000 132 10000 10000 31 47
81 102 244 244 244 163 57 57 10000 10000
82 233 10000 10000 10000 10000 130 10000 10000 10000
83 437 10000 10000 901 10000 367 10000 10000 10000
84 22 35 10000 10000 41 12 10000 10000 10000
85 108 10000 213 259 10000 90 90 10000 90
86 249 10000 427 10000 10000 10000 10000 139 139
87 255 10000 10000 408 507 150 142 214 198
88 73 10000 175 116 10000 10000 40 10000 61
89 100 10000 10000 10000 10000 84 10000 10000 84
90 523 10000 1117 10000 10000 439 10000 10000 10000
91 199 10000 10000 10000 10000 111 167 10000 10000
92 20 32 10000 10000 10000 13 10000 10000 10000
93 114 10000 10000 10000 10000 10000 63 10000 63
94 409 977 654 10000 878 343 10000 343 343
95 214 10000 513 10000 10000 10000 10000 10000 119
96 248 564 464 10000 595 10000 10000 10000 10000
97 360 10000 10000 864 10000 10000 238 270 201
98 164 393 10000 262 262 10000 10000 10000 10000
99 179 406 363 10000 10000 150 10000 150 10000
100 177 283 288 10000 10000 10000 10000 99 148
<precedence relations>
1,4
1,5
1,6
1,7
2,4
2,5
2,6
2,7
3,4
3,5
3,6
3,7
4,8
4,9
4,10
5,8
5,9
5,10
6,8
6,9
6,10
7,8
7,9
7,10
8,11
8,12
8,13
9,11
9,12
9,13
10,11
10,12
10,13
11,14
11,15
11,16
11,17
11,18
12,14
12,15
12,16
12,17
12,18
13,14
13,15
13,16
13,17
13,18
14,19
14,20
15,19
15,20
16,19
16,20
17,19
17,20
18,19
18,20
19,44
20,21
20,22
21,23
21,24
21,25
22,23
22,24
22,25
23,26
23,27
23,28
24,26
24,27
24,28
25,26
25,27
25,28
26,29
26,30
27,29
27,30
27,31
28,29
28,30
28,31
29,34
29,35
29,37
30,32
30,33
30,34
30,35
31,32
31,33
31,34
31,35
32,36
32,37
33,36
34,39
35,36
36,38
36,39
36,40
37,49
37,50
37,51
38,41
38,42
39,41
39,42
39,43
39,44
40,41
40,42
40,43
40,44
41,45
41,46
41,47
41,48
42,45
42,46
42,47
42,48
43,45
43,46
43,47
43,48
44,45
44,46
44,47
44,48
45,49
45,50
45,51
46,49
46,50
46,51
47,49
47,50
47,51
48,49
48,50
48,51
49,52
49,53
49,54
50,52
50,53
50,54
51,52
51,53
51,54
52,55
52,56
52,57
52,58
53,55
53,56
53,57
53,58
54,55
54,56
54,57
54,58
55,59
55,60
55,61
56,59
56,60
56,61
57,59
57,60
58,64
58,66
59,62
59,63
59,65
60,62
60,84
61,63
61,64
62,68
62,74
62,76
62,79
63,66
64,87
65,67
65,84
65,86
66,70
66,71
67,72
68,69
68,71
69,90
69,92
70,72
70,73
70,74
71,72
72,75
72,80
73,76
73,77
73,79
74,75
74,78
75,87
75,88
75,96
75,98
77,82
77,83
77,94
79,80
79,81
80,83
80,85
81,86
81,87
82,84
82,87
82,91
82,97
83,88
83,95
85,92
86,88
86,89
86,90
86,91
87,100
88,93
90,94
90,95
91,93
92,93
92,95
92,96
93,100
94,100
95,98
95,99
96,97
96,99
<end>