<number of tasks>
100
<number of stations>
25
<order strength>
0.201
<type of the robots>
4
<robot flexibility>
0.40
<collaboration flexibility>
0.40
<number of robots>
2
1
1
1
<task times>
1 130 240 10000 312 208 10000 10000 10000 10000
2 91 194 10000 10000 187 10000 76 10000 10000
3 61 10000 146 146 10000 10000 34 51 51
4 52 83 10000 10000 10000 10000 37 33 10000
5 53 127 10000 10000 127 29 10000 33 10000
6 31 10000 10000 60 10000 26 26 10000 10000
7 39 62 90 62 10000 10000 10000 10000 32
8 49 112 10000 10000 10000 41 10000 10000 10000
9 117 280 187 280 10000 10000 10000 10000 10000
10 82 10000 196 10000 10000 59 45 68 45
11 108 172 177 10000 10000 60 10000 60 10000
12 255 408 542 408 10000 214 214 10000 10000
13 66 10000 10000 10000 10000 10000 55 10000 10000
14 28 10000 10000 67 10000 10000 10000 10000 15
15 138 10000 220 10000 10000 77 77 10000 93
16 72 10000 172 10000 10000 40 10000 10000 40
17 176 10000 10000 10000 281 10000 98 10000 147
18 132 316 316 211 10000 10000 110 10000 10000
19 280 10000 10000 628 448 10000 10000 10000 235
20 55 88 88 10000 132 10000 10000 46 10000
21 125 10000 10000 207 300 105 70 10000 10000
22 90 10000 10000 10000 10000 10000 50 10000 50
23 111 177 10000 194 10000 10000 62 10000 10000
24 195 312 393 314 401 10000 163 10000 10000
25 151 10000 10000 10000 342 84 10000 84 126
26 127 10000 10000 10000 203 10000 10000 10000 106
27 191 10000 458 305 10000 10000 117 160 106
28 152 10000 10000 243 10000 10000 85 10000 10000
29 98 10000 156 156 10000 10000 10000 10000 54
30 123 287 280 197 295 10000 10000 68 103
31 152 10000 364 256 243 88 10000 85 85
32 23 10000 10000 10000 37 10000 19 19 19
33 29 10000 10000 46 10000 10000 10000 10000 24
34 183 10000 10000 292 10000 153 10000 10000 102
35 22 10000 10000 10000 52 12 10000 10000 10000
36 297 10000 500 10000 712 10000 10000 166 249
37 27 10000 43 10000 47 10000 15 10000 15
38 86 10000 166 206 137 10000 10000 10000 10000
39 210 336 336 10000 10000 117 10000 10000 117
40 244 10000 10000 10000 390 10000 10000 10000 10000
41 110 10000 10000 10000 10000 10000 92 83 92
42 195 10000 10000 468 468 10000 10000 109 10000
43 98 156 10000 156 10000 10000 82 10000 82
44 270 10000 525 10000 640 10000 226 10000 10000
45 123 10000 10000 295 196 10000 10000 68 10000
46 177 343 10000 10000 10000 10000 10000 10000 10000
47 170 408 352 10000 317 10000 10000 120 142
48 119 285 190 10000 237 10000 66 10000 10000
49 164 393 10000 10000 10000 10000 91 10000 10000
50 150 263 242 240 322 10000 10000 10000 84
51 206 10000 10000 10000 427 173 10000 121 10000
52 206 10000 329 10000 494 10000 115 10000 173
53 24 57 44 38 10000 10000 20 10000 13
54 159 381 10000 10000 381 10000 10000 89 10000
55 189 453 302 333 10000 158 10000 158 158
56 193 10000 10000 308 10000 10000 10000 10000 10000
57 165 396 10000 10000 10000 10000 92 10000 92
58 163 10000 391 10000 10000 91 10000 91 10000
59 65 10000 10000 131 10000 10000 36 54 10000
60 88 10000 10000 140 10000 73 10000 53 49
61 149 10000 357 10000 262 10000 83 125 125
62 327 10000 523 10000 690 10000 10000 183 10000
63 42 10000 100 67 10000 10000 10000 10000 35
64 86 160 206 10000 137 10000 48 72 57
65 215 344 344 344 10000 10000 10000 10000 10000
66 69 10000 165 165 110 10000 10000 38 10000
67 220 528 10000 453 352 10000 10000 10000 10000
68 331 529 653 10000 529 198 10000 185 278
69 304 10000 10000 729 10000 255 10000 10000 170
70 163 391 10000 260 391 10000 91 10000 136
71 147 352 335 352 10000 10000 82 82 10000
72 340 10000 10000 816 544 10000 285 10000 285
73 174 10000 278 356 278 10000 10000 10000 144
74 270 648 10000 10000 10000 10000 10000 10000 10000
75 120 10000 10000 288 10000 100 67 10000 100
76 127 203 10000 203 203 106 106 71 106
77 78 187 166 187 124 10000 10000 10000 10000
78 82 131 10000 131 10000 10000 45 10000 68
79 114 10000 10000 10000 254 10000 76 66 10000
80 351 749 561 10000 561 196 10000 10000 196
81 88 211 10000 10000 193 10000 73 10000 10000
82 193 10000 10000 10000 308 10000 10000 10000 162
83 187 299 379 10000 10000 104 108 10000 122
84 73 116 119 10000 116 10000 10000 61 40
85 195 10000 10000 312 10000 163 10000 109 10000
86 92 147 10000 10000 220 10000 10000 10000 10000
87 44 10000 105 10000 10000 10000 24 10000 24
88 163 10000 10000 387 260 91 91 91 10000
89 254 10000 469 10000 10000 213 10000 142 142
90 124 297 10000 10000 10000 10000 10000 92 10000
91 62 10000 10000 10000 10000 37 10000 10000 43
92 210 488 504 10000 10000 117 10000 176 10000
93 204 10000 10000 10000 10000 128 114 10000 10000
94 41 65 76 65 10000 34 34 10000 10000
95 52 124 10000 83 111 10000 10000 43 43
96 159 361 10000 10000 10000 10000 133 10000 89
97 229 10000 10000 10000 366 10000 10000 10000 192
98 249 597 10000 398 428 10000 10000 209 10000
99 259 588 621 10000 533 217 10000 10000 217
100 287 459 459 688 10000 10000 10000 10000 10000
<precedence relations>
1,9
2,11
3,10
3,13
5,17
5,95
6,15
8,12
8,14
9,17
10,16
11,19
12,20
12,35
13,21
13,22
15,18
16,23
17,25
17,26
17,42
17,43
17,77
18,24
18,28
19,100
20,34
20,69
22,27
23,33
24,29
25,31
26,30
26,73
27,32
27,34
28,35
29,38
30,37
31,40
32,39
33,89
33,98
34,36
34,41
34,43
34,44
35,42
35,44
35,61
36,46
37,45
38,48
39,47
40,50
40,51
41,49
41,52
42,91
45,53
46,55
47,54
48,56
49,58
50,59
51,60
52,57
52,61
52,62
52,63
52,64
53,68
54,65
55,66
56,68
57,67
58,68
59,69
60,68
61,73
61,80
61,83
63,70
63,71
63,72
64,72
64,73
65,74
66,75
67,77
68,76
68,79
69,83
70,80
71,78
71,81
73,82
74,85
75,84
76,87
78,86
78,90
78,91
80,88
80,89
83,92
84,93
85,95
86,94
87,96
88,97
88,98
88,99
89,96
90,100
<end>