<number of tasks>
50
<number of stations>
25
<order strength>
0.200
<type of the robots>
4
<robot flexibility>
0.20
<collaboration flexibility>
0.20
<number of robots>
2
1
1
1
<task times>
1 624 10000 10000 998 10000 10000 349 10000 10000
2 682 10000 1636 10000 10000 10000 10000 10000 10000
3 675 1080 10000 1620 10000 10000 10000 10000 10000
4 726 10000 10000 1161 10000 609 10000 10000 10000
5 501 10000 10000 10000 10000 10000 420 414 10000
6 513 1231 10000 10000 10000 10000 10000 430 10000
7 548 10000 10000 10000 10000 10000 10000 306 10000
8 491 10000 10000 1178 10000 10000 10000 10000 412
9 618 10000 1483 988 10000 10000 10000 10000 10000
10 615 1476 1476 10000 10000 10000 516 10000 10000
11 316 10000 10000 10000 10000 225 10000 10000 10000
12 515 10000 10000 10000 10000 10000 10000 10000 10000
13 491 10000 10000 1178 785 274 10000 10000 10000
14 563 10000 1351 10000 900 10000 10000 472 10000
15 230 10000 368 387 10000 128 10000 128 10000
16 544 870 10000 10000 10000 456 10000 10000 10000
17 380 10000 10000 10000 10000 10000 10000 10000 10000
18 410 656 656 10000 10000 10000 10000 10000 10000
19 455 10000 728 10000 730 10000 10000 10000 382
20 475 10000 760 10000 10000 10000 10000 10000 10000
21 791 10000 10000 10000 10000 10000 10000 10000 10000
22 495 10000 1188 10000 792 10000 10000 10000 10000
23 502 1204 10000 10000 1145 10000 10000 10000 10000
24 380 10000 10000 10000 10000 10000 10000 212 10000
25 541 10000 865 10000 10000 10000 10000 10000 302
26 481 10000 10000 10000 10000 10000 404 10000 10000
27 517 10000 10000 10000 1240 10000 10000 10000 10000
28 495 10000 10000 10000 10000 10000 10000 10000 10000
29 615 10000 10000 10000 10000 10000 10000 10000 10000
30 486 1166 10000 870 10000 272 10000 408 10000
31 653 10000 10000 1044 10000 10000 548 365 547
32 629 1006 10000 10000 10000 10000 10000 352 10000
33 537 10000 10000 10000 10000 10000 10000 10000 10000
34 551 10000 881 10000 10000 10000 10000 462 10000
35 300 10000 10000 10000 10000 10000 10000 10000 252
36 758 10000 10000 10000 10000 10000 10000 10000 10000
37 476 10000 10000 10000 10000 399 10000 399 10000
38 451 10000 10000 10000 884 252 282 10000 10000
39 418 10000 10000 10000 10000 351 10000 10000 10000
40 687 1509 10000 10000 10000 10000 10000 10000 384
41 604 10000 1449 10000 10000 10000 10000 10000 10000
42 357 10000 10000 10000 571 10000 10000 10000 299
43 382 916 611 793 10000 10000 320 10000 10000
44 394 10000 10000 10000 10000 10000 10000 10000 10000
45 415 10000 664 10000 10000 10000 10000 232 10000
46 557 10000 10000 10000 10000 10000 10000 10000 10000
47 504 10000 10000 806 10000 10000 423 10000 282
48 402 10000 10000 10000 10000 10000 281 10000 10000
49 356 854 10000 10000 10000 299 10000 10000 10000
50 487 10000 10000 10000 10000 10000 409 10000 409
<precedence relations>
1,9
2,10
3,11
4,8
4,49
5,12
6,12
6,13
7,17
8,14
9,15
10,16
11,17
12,31
13,18
14,20
15,19
16,21
16,22
17,24
17,31
17,35
18,23
18,25
19,27
20,28
21,29
22,26
22,31
23,30
26,32
27,33
28,35
29,34
30,38
30,47
31,36
31,37
31,39
31,47
32,40
33,42
34,41
35,44
36,45
36,48
37,45
38,43
40,47
41,46
42,48
43,49
43,50
<end>