<number of tasks>
100
<number of stations>
25
<order strength>
0.200
<type of the robots>
4
<robot flexibility>
0.40
<collaboration flexibility>
0.40
<number of robots>
2
1
1
1
<task times>
1 131 10000 10000 10000 10000 73 82 89 10000
2 458 10000 1094 732 1099 383 10000 384 10000
3 38 10000 10000 10000 10000 10000 10000 10000 10000
4 232 371 520 10000 10000 129 194 10000 10000
5 184 10000 10000 316 294 10000 154 10000 154
6 214 10000 10000 10000 342 10000 10000 119 10000
7 236 10000 566 566 10000 10000 10000 132 177
8 331 794 10000 10000 10000 278 10000 10000 10000
9 302 483 10000 10000 10000 253 253 10000 10000
10 214 491 513 457 10000 10000 10000 179 10000
11 128 307 10000 204 307 91 71 71 10000
12 351 561 10000 842 10000 196 10000 10000 294
13 64 10000 10000 10000 102 53 53 10000 35
14 147 235 235 10000 10000 10000 10000 10000 85
15 111 10000 10000 10000 10000 10000 10000 10000 93
16 22 52 10000 10000 10000 12 10000 10000 10000
17 249 398 497 10000 10000 10000 10000 10000 139
18 257 411 616 10000 10000 10000 215 10000 215
19 528 10000 844 989 10000 10000 10000 349 295
20 53 10000 10000 107 84 29 10000 10000 29
21 571 1370 10000 10000 1163 10000 10000 479 479
22 201 321 482 327 10000 112 10000 112 10000
23 29 54 46 46 46 24 10000 10000 10000
24 60 10000 144 10000 10000 10000 10000 10000 50
25 349 837 10000 10000 10000 10000 10000 293 195
26 177 288 10000 10000 283 99 10000 102 10000
27 490 10000 10000 10000 1176 10000 274 10000 411
28 159 272 379 254 10000 10000 10000 10000 10000
29 35 67 56 56 10000 10000 10000 10000 10000
30 39 10000 10000 87 86 10000 32 10000 10000
31 185 10000 10000 444 296 103 10000 155 10000
32 242 10000 10000 580 10000 10000 10000 135 10000
33 280 672 10000 672 10000 235 10000 174 10000
34 554 973 886 10000 10000 465 10000 10000 465
35 285 10000 10000 10000 10000 10000 159 10000 10000
36 402 10000 10000 964 10000 10000 10000 10000 225
37 63 151 10000 10000 10000 10000 10000 10000 10000
38 236 10000 10000 457 10000 10000 198 10000 198
39 37 81 10000 10000 10000 10000 10000 10000 10000
40 172 10000 412 10000 10000 10000 10000 106 10000
41 159 10000 10000 10000 328 133 10000 10000 89
42 374 10000 10000 10000 10000 10000 10000 314 10000
43 256 614 614 409 409 10000 10000 10000 10000
44 172 10000 275 10000 339 144 10000 10000 10000
45 227 10000 10000 10000 10000 190 10000 10000 10000
46 146 233 10000 350 10000 10000 81 10000 81
47 266 10000 10000 10000 425 153 10000 10000 223
48 92 220 10000 10000 10000 10000 51 10000 77
49 67 107 10000 10000 160 10000 10000 10000 10000
50 76 10000 121 121 10000 10000 55 10000 10000
51 289 10000 10000 693 10000 10000 242 161 161
52 421 1010 10000 673 1010 235 257 10000 353
53 314 10000 753 705 10000 10000 175 10000 10000
54 42 79 10000 69 86 10000 10000 35 23
55 157 10000 10000 10000 376 10000 10000 87 10000
56 246 10000 10000 10000 590 10000 137 10000 10000
57 408 10000 979 10000 10000 10000 10000 10000 10000
58 493 10000 10000 863 10000 10000 10000 10000 10000
59 30 10000 10000 10000 49 25 10000 16 10000
60 22 10000 10000 35 35 10000 18 12 10000
61 77 10000 129 10000 10000 10000 10000 64 10000
62 251 10000 10000 401 602 10000 210 10000 10000
63 473 1016 10000 758 10000 10000 10000 10000 10000
64 185 10000 10000 311 10000 10000 10000 10000 155
65 190 10000 10000 304 10000 159 106 106 106
66 383 10000 10000 612 10000 321 10000 214 10000
67 112 10000 10000 268 10000 94 10000 94 10000
68 80 10000 10000 10000 10000 10000 10000 44 44
69 477 10000 763 1144 10000 10000 267 10000 400
70 205 10000 10000 328 10000 10000 10000 10000 172
71 544 10000 10000 870 870 10000 10000 10000 10000
72 461 737 894 10000 10000 10000 10000 346 387
73 464 10000 10000 10000 742 389 10000 389 10000
74 302 10000 10000 10000 724 169 196 10000 10000
75 257 10000 10000 412 10000 10000 10000 143 10000
76 80 10000 190 160 10000 10000 10000 10000 67
77 54 10000 10000 10000 86 10000 10000 30 10000
78 174 10000 10000 328 10000 146 146 10000 97
79 435 10000 10000 696 10000 10000 243 243 10000
80 171 410 10000 410 10000 95 133 10000 95
81 537 10000 1143 10000 10000 10000 10000 300 10000
82 448 10000 716 716 10000 10000 250 325 10000
83 153 10000 244 10000 10000 85 10000 10000 85
84 417 10000 674 10000 667 10000 238 233 350
85 361 866 10000 10000 10000 202 202 202 10000
86 178 284 10000 10000 10000 99 10000 10000 149
87 85 10000 10000 204 10000 71 71 10000 10000
88 109 261 174 206 261 10000 10000 10000 10000
89 220 10000 528 482 10000 123 10000 123 10000
90 52 10000 124 83 123 43 10000 43 29
91 346 10000 10000 830 10000 10000 10000 10000 10000
92 550 10000 10000 10000 10000 10000 308 10000 313
93 266 10000 425 425 591 10000 148 203 185
94 74 10000 10000 10000 118 10000 10000 10000 10000
95 216 10000 345 10000 10000 10000 10000 10000 181
96 113 10000 271 180 10000 94 10000 10000 10000
97 268 10000 10000 10000 556 10000 225 225 10000
98 74 139 118 10000 10000 41 10000 10000 10000
99 80 128 10000 10000 192 10000 10000 10000 10000
100 502 10000 805 803 10000 10000 421 10000 10000
<precedence relations>
1,12
2,10
2,17
2,71
2,76
2,78
3,11
3,94
4,13
4,16
4,18
6,72
8,15
8,16
8,67
9,14
10,19
11,21
12,20
13,25
14,22
14,24
14,26
14,27
14,86
15,23
15,50
15,63
15,78
16,40
16,64
16,78
17,28
17,40
18,29
19,30
20,31
21,33
22,32
23,35
24,36
25,39
26,38
27,34
27,37
28,93
29,39
29,40
30,45
31,46
32,41
33,42
34,43
35,46
36,47
37,44
38,46
39,48
39,49
40,50
41,51
42,52
43,56
44,53
45,55
46,70
47,58
47,59
48,54
48,57
49,65
49,77
51,60
52,63
53,61
54,62
55,63
56,64
56,67
57,66
57,69
58,66
59,64
59,65
60,68
61,69
62,70
63,69
63,73
64,71
65,87
66,72
66,97
67,85
68,74
69,75
70,76
71,79
72,78
73,77
73,97
74,80
75,83
76,81
76,82
77,86
77,87
79,84
79,85
80,88
81,89
82,90
83,91
84,93
84,97
85,92
85,94
88,95
89,96
90,97
91,98
92,99
94,100
<end>