<number of tasks>
20
<number of stations>
5
<order strength>
0.800
<type of the robots>
4
<robot flexibility>
0.20
<collaboration flexibility>
0.20
<number of robots>
1
0
0
0
<task times>
1 210 389 10000 10000 398 10000 10000 10000 10000
2 530 1131 10000 10000 10000 10000 10000 10000 10000
3 504 10000 806 10000 10000 10000 282 10000 10000
4 401 641 10000 10000 861 224 10000 10000 336
5 586 10000 10000 937 10000 10000 10000 375 10000
6 495 10000 792 10000 10000 10000 277 10000 10000
7 479 10000 10000 1149 10000 10000 10000 402 10000
8 492 10000 10000 10000 10000 10000 10000 275 413
9 547 10000 10000 10000 10000 10000 10000 10000 10000
10 790 1264 10000 1896 10000 10000 10000 663 10000
11 342 10000 10000 10000 10000 10000 10000 10000 10000
12 626 10000 10000 10000 10000 10000 10000 10000 10000
13 268 616 436 10000 10000 10000 10000 10000 225
14 573 10000 10000 1375 1375 320 10000 10000 10000
15 497 10000 10000 10000 10000 10000 10000 10000 10000
16 576 10000 10000 10000 10000 483 10000 330 322
17 551 881 10000 10000 10000 10000 10000 10000 10000
18 486 10000 10000 10000 10000 10000 10000 10000 272
19 646 10000 10000 1550 10000 10000 10000 10000 10000
20 560 10000 10000 10000 10000 10000 10000 10000 10000
<precedence relations>
1,15
1,16
2,4
2,5
3,4
4,6
4,7
4,8
5,6
5,7
5,8
6,9
7,9
7,10
8,14
9,11
10,11
11,12
11,13
11,14
12,15
13,16
14,15
15,17
15,18
16,17
16,18
17,19
18,20
<end>