<number of tasks>
20
<number of stations>
5
<order strength>
0.200
<type of the robots>
4
<robot flexibility>
0.40
<collaboration flexibility>
0.40
<number of robots>
1
1
0
0
<task times>
1 531 10000 849 1274 1134 10000 10000 446 297
2 703 1303 1320 10000 10000 393 10000 10000 590
3 562 10000 1348 1348 899 472 10000 10000 314
4 491 1048 10000 785 785 10000 10000 10000 412
5 694 1239 10000 1665 10000 10000 582 10000 10000
6 533 1153 10000 10000 10000 298 10000 305 10000
7 550 1320 10000 10000 10000 462 10000 308 10000
8 537 10000 10000 10000 10000 10000 10000 451 300
9 468 940 10000 748 10000 10000 10000 10000 10000
10 628 10000 10000 10000 10000 527 351 10000 10000
11 608 10000 10000 10000 1459 340 10000 10000 10000
12 307 10000 10000 736 10000 171 171 10000 257
13 435 10000 696 10000 820 365 278 260 365
14 665 10000 10000 1596 1064 372 558 558 10000
15 435 696 696 10000 10000 365 365 365 243
16 418 10000 10000 1003 804 10000 10000 351 10000
17 706 1129 1240 10000 10000 395 593 395 10000
18 504 10000 1209 10000 1130 282 423 10000 10000
19 613 1471 10000 980 1471 10000 10000 514 514
20 328 10000 10000 10000 10000 183 275 183 10000
<precedence relations>
1,4
1,5
1,7
2,6
4,9
4,13
6,12
6,14
7,8
7,10
7,11
8,16
11,18
12,17
14,15
17,19
17,20
<end>