<number of tasks>
50
<number of stations>
13
<order strength>
0.201
<type of the robots>
4
<robot flexibility>
0.00
<collaboration flexibility>
0.00
<number of robots>
0
0
0
0
<task times>
1 551 10000 1044 10000 881 10000 10000 10000 10000
2 55 10000 10000 10000 88 31 10000 10000 10000
3 144 230 10000 10000 10000 10000 120 10000 83
4 190 10000 10000 10000 304 10000 10000 159 106
5 61 146 10000 100 146 10000 51 10000 10000
6 388 620 10000 10000 10000 10000 10000 10000 10000
7 300 689 10000 10000 480 10000 10000 10000 10000
8 269 10000 10000 10000 10000 10000 10000 10000 225
9 68 10000 10000 10000 10000 10000 10000 10000 10000
10 143 10000 10000 10000 10000 10000 80 10000 80
11 163 10000 10000 10000 10000 10000 10000 91 10000
12 366 10000 10000 10000 10000 10000 307 10000 10000
13 160 10000 10000 10000 10000 10000 10000 10000 89
14 129 10000 10000 10000 10000 108 10000 10000 10000
15 254 10000 10000 10000 10000 10000 142 10000 142
16 475 10000 10000 10000 10000 266 10000 10000 10000
17 534 10000 10000 10000 10000 10000 10000 10000 10000
18 71 10000 10000 10000 10000 10000 10000 59 10000
19 134 10000 10000 10000 10000 75 10000 10000 10000
20 301 481 10000 10000 722 10000 10000 10000 10000
21 93 10000 148 10000 10000 10000 10000 10000 10000
22 304 486 10000 512 600 10000 179 10000 255
23 58 10000 10000 10000 10000 10000 10000 10000 32
24 429 10000 10000 10000 10000 10000 10000 10000 10000
25 133 10000 10000 215 319 10000 10000 74 74
26 423 989 10000 10000 10000 236 10000 10000 10000
27 38 10000 10000 10000 10000 10000 10000 31 21
28 541 10000 10000 10000 10000 10000 338 10000 10000
29 157 10000 10000 10000 10000 91 10000 10000 10000
30 107 10000 10000 10000 10000 10000 10000 10000 10000
31 514 10000 10000 822 10000 431 10000 10000 10000
32 84 136 10000 10000 10000 10000 70 10000 56
33 304 10000 10000 693 569 170 255 10000 10000
34 550 1066 10000 10000 10000 308 10000 308 10000
35 330 10000 10000 10000 10000 10000 10000 10000 10000
36 560 10000 10000 10000 10000 10000 10000 10000 10000
37 207 363 10000 10000 10000 173 173 115 10000
38 75 10000 10000 120 10000 10000 63 42 10000
39 129 10000 10000 10000 10000 10000 10000 84 10000
40 78 10000 10000 10000 10000 65 10000 10000 10000
41 339 10000 10000 657 542 284 284 284 10000
42 49 10000 10000 10000 10000 10000 10000 41 10000
43 189 10000 10000 453 10000 10000 10000 10000 10000
44 402 10000 10000 10000 643 10000 10000 313 10000
45 249 10000 10000 10000 10000 10000 139 10000 209
46 179 10000 429 10000 402 10000 10000 10000 10000
47 109 10000 10000 175 261 10000 10000 10000 10000
48 222 355 10000 10000 10000 10000 186 10000 10000
49 49 10000 10000 10000 78 10000 27 10000 10000
50 336 10000 10000 10000 10000 10000 10000 10000 10000
<precedence relations>
1,20
2,20
3,20
4,13
5,14
6,10
6,12
6,23
7,15
7,42
7,50
8,11
8,16
8,19
9,17
9,18
10,20
11,20
12,21
13,22
14,22
15,23
18,24
19,25
19,41
20,26
20,27
20,28
20,29
20,30
21,31
22,33
23,32
23,45
25,48
25,49
27,37
30,36
31,35
32,34
34,39
35,40
35,41
36,38
36,42
36,43
37,50
38,44
40,45
40,46
40,47
40,48
43,45
44,48
46,49
46,50
<end>