<number of tasks>
50
<number of stations>
13
<order strength>
0.199
<type of the robots>
4
<robot flexibility>
0.40
<collaboration flexibility>
0.40
<number of robots>
2
1
1
1
<task times>
1 462 856 739 10000 983 258 258 10000 359
2 244 10000 10000 10000 10000 204 204 10000 136
3 269 574 645 621 430 10000 10000 10000 150
4 573 1023 10000 1145 10000 320 10000 10000 320
5 204 10000 10000 489 10000 10000 10000 114 117
6 131 10000 248 10000 209 110 10000 10000 73
7 81 10000 10000 10000 10000 68 68 68 10000
8 205 10000 440 328 10000 10000 10000 10000 172
9 440 952 1056 1056 1056 313 369 10000 10000
10 307 10000 10000 10000 736 257 10000 10000 10000
11 391 625 938 10000 10000 10000 10000 10000 10000
12 441 10000 705 724 705 10000 10000 10000 10000
13 236 10000 10000 10000 377 10000 132 10000 132
14 233 10000 10000 495 372 10000 10000 195 195
15 200 10000 10000 10000 10000 10000 10000 10000 10000
16 395 10000 10000 10000 10000 10000 331 10000 10000
17 233 559 10000 10000 10000 130 10000 10000 10000
18 112 179 10000 10000 10000 10000 10000 10000 10000
19 222 10000 10000 10000 532 124 124 124 124
20 207 496 496 10000 332 10000 115 115 10000
21 148 236 10000 236 236 10000 124 10000 124
22 358 10000 572 789 10000 10000 200 300 10000
23 513 10000 10000 10000 1170 287 430 10000 347
24 24 10000 10000 57 10000 10000 10000 13 13
25 130 10000 10000 10000 10000 109 10000 72 10000
26 131 10000 10000 10000 209 10000 10000 10000 10000
27 182 10000 10000 291 10000 101 10000 101 152
28 68 10000 108 10000 120 10000 38 57 57
29 69 110 165 139 165 10000 57 10000 38
30 47 10000 10000 10000 85 26 39 10000 10000
31 115 10000 10000 10000 10000 96 10000 10000 96
32 199 373 10000 477 10000 111 10000 10000 115
33 79 189 149 10000 10000 44 44 10000 58
34 364 582 10000 694 10000 233 10000 10000 10000
35 118 188 188 10000 231 10000 74 66 66
36 49 117 10000 10000 117 41 10000 10000 27
37 517 10000 10000 926 956 10000 10000 10000 10000
38 68 10000 10000 10000 10000 10000 10000 10000 10000
39 227 544 542 544 544 127 190 10000 10000
40 296 10000 10000 10000 554 10000 10000 10000 165
41 390 10000 10000 10000 624 327 327 10000 10000
42 152 334 10000 10000 10000 127 127 127 10000
43 26 62 10000 10000 58 21 10000 21 21
44 319 765 10000 10000 10000 10000 10000 10000 10000
45 462 10000 1049 10000 10000 10000 10000 10000 10000
46 174 10000 278 292 10000 97 10000 97 146
47 49 10000 117 78 117 10000 10000 27 41
48 532 995 10000 1032 10000 10000 10000 344 10000
49 191 10000 305 455 305 10000 10000 160 160
50 143 10000 343 10000 274 120 120 80 92
<precedence relations>
4,9
4,10
4,12
4,13
7,11
7,15
8,14
9,16
9,19
11,17
11,18
13,19
13,20
16,25
16,27
17,23
18,22
19,24
19,26
20,21
21,28
22,31
23,31
25,30
27,29
28,33
28,38
28,39
29,37
29,39
30,32
30,34
30,35
31,36
34,43
36,42
37,42
38,41
39,40
39,43
41,45
42,46
42,47
42,48
42,49
42,50
43,44
<end>