<number of tasks>
20
<number of stations>
10
<order strength>
0.200
<type of the robots>
4
<robot flexibility>
0.20
<collaboration flexibility>
0.20
<number of robots>
1
1
0
0
<task times>
1 37 10000 85 59 10000 10000 10000 10000 10000
2 264 10000 10000 422 422 10000 10000 10000 221
3 172 10000 412 10000 10000 10000 10000 10000 10000
4 49 10000 10000 10000 10000 10000 10000 10000 10000
5 220 10000 528 10000 10000 10000 123 10000 10000
6 296 10000 473 10000 710 10000 10000 10000 177
7 192 355 307 460 10000 10000 10000 10000 10000
8 135 10000 10000 237 10000 10000 10000 113 10000
9 34 10000 10000 10000 10000 10000 10000 10000 10000
10 118 10000 10000 10000 10000 10000 66 10000 10000
11 307 10000 491 10000 10000 10000 10000 10000 10000
12 241 514 578 10000 10000 10000 10000 10000 10000
13 49 10000 10000 10000 10000 41 10000 10000 41
14 56 10000 89 10000 10000 10000 31 10000 10000
15 59 10000 10000 10000 10000 33 10000 10000 10000
16 565 10000 10000 10000 10000 474 10000 10000 474
17 499 10000 10000 10000 10000 10000 10000 279 10000
18 191 10000 458 357 10000 10000 10000 160 10000
19 241 10000 10000 10000 10000 10000 10000 10000 202
20 468 748 10000 10000 10000 10000 10000 10000 393
<precedence relations>
1,7
2,8
4,9
5,6
8,11
9,10
9,12
10,13
10,16
11,15
12,14
14,19
14,20
15,18
16,17
<end>