<number of tasks>
20
<number of stations>
5
<order strength>
0.200
<type of the robots>
4
<robot flexibility>
0.40
<collaboration flexibility>
0.40
<number of robots>
1
1
0
0
<task times>
1 132 244 316 10000 316 10000 10000 10000 10000
2 186 10000 297 446 297 104 104 156 156
3 200 426 10000 439 10000 168 112 10000 168
4 497 10000 10000 1192 795 278 10000 417 278
5 577 923 10000 1384 10000 484 484 10000 10000
6 261 599 417 488 417 10000 10000 219 10000
7 522 1252 835 10000 10000 438 292 10000 10000
8 133 10000 10000 212 10000 10000 10000 74 111
9 79 10000 10000 10000 126 10000 10000 10000 44
10 21 10000 49 10000 10000 10000 10000 10000 10000
11 432 10000 811 1036 10000 241 241 362 10000
12 77 10000 10000 10000 10000 43 10000 10000 10000
13 146 10000 10000 233 10000 10000 81 10000 10000
14 151 303 362 10000 10000 10000 84 91 10000
15 330 10000 639 792 792 10000 184 277 277
16 88 10000 211 211 10000 10000 10000 73 10000
17 433 10000 10000 10000 817 10000 363 10000 10000
18 67 10000 117 10000 107 10000 10000 56 10000
19 85 136 10000 204 10000 10000 10000 10000 71
20 29 10000 10000 46 10000 24 10000 16 10000
<precedence relations>
2,5
2,6
4,7
5,8
5,10
5,12
6,9
6,11
6,13
9,18
10,14
10,15
10,16
13,17
14,20
15,19
<end>