<number of tasks>
50
<number of stations>
25
<order strength>
0.199
<type of the robots>
4
<robot flexibility>
0.40
<collaboration flexibility>
0.40
<number of robots>
3
3
2
2
<task times>
1 313 10000 585 10000 10000 10000 262 175 10000
2 654 1212 1046 1569 1057 10000 366 457 373
3 487 1039 10000 10000 779 272 10000 10000 10000
4 567 1012 10000 1309 10000 476 476 10000 10000
5 623 1347 10000 996 1495 348 348 523 348
6 474 1137 10000 1137 10000 10000 398 265 398
7 412 10000 988 10000 10000 10000 246 346 10000
8 656 1318 10000 1077 10000 10000 10000 551 10000
9 524 10000 10000 1114 838 10000 440 10000 440
10 558 10000 10000 892 10000 468 468 10000 10000
11 521 10000 1250 10000 10000 437 437 10000 291
12 545 10000 10000 10000 10000 305 10000 305 305
13 580 928 1392 1392 928 10000 10000 324 487
14 468 10000 10000 10000 10000 10000 10000 10000 10000
15 493 10000 10000 10000 10000 10000 10000 414 10000
16 460 1104 736 10000 10000 10000 10000 10000 10000
17 427 10000 1024 1024 1024 10000 10000 10000 10000
18 506 10000 809 809 10000 10000 10000 10000 283
19 599 10000 10000 10000 10000 10000 10000 10000 335
20 519 830 10000 10000 10000 10000 10000 10000 10000
21 575 10000 10000 968 10000 322 10000 10000 10000
22 328 10000 700 10000 10000 183 10000 183 183
23 354 10000 10000 573 849 10000 10000 10000 10000
24 593 10000 948 1197 10000 10000 10000 498 10000
25 407 10000 10000 10000 10000 10000 10000 10000 10000
26 500 1200 800 1200 10000 10000 420 10000 10000
27 523 10000 836 10000 1033 292 10000 10000 439
28 509 10000 814 10000 874 10000 10000 310 285
29 451 1082 10000 10000 10000 10000 10000 252 252
30 376 601 10000 10000 902 210 210 210 10000
31 366 585 10000 878 10000 212 307 10000 307
32 374 10000 10000 10000 10000 314 10000 314 10000
33 325 10000 10000 10000 10000 182 182 272 10000
34 543 1270 10000 10000 10000 304 456 304 455
35 581 10000 1394 10000 10000 325 342 325 10000
36 547 10000 1272 10000 10000 306 10000 351 10000
37 546 1058 10000 919 10000 458 305 10000 10000
38 437 1048 10000 10000 10000 10000 273 10000 244
39 752 10000 10000 1203 10000 10000 10000 10000 421
40 494 867 790 10000 10000 10000 10000 10000 10000
41 722 1732 1725 10000 10000 10000 606 606 10000
42 594 10000 10000 10000 10000 10000 10000 10000 393
43 337 740 10000 10000 10000 283 10000 10000 283
44 701 10000 10000 10000 1423 10000 10000 10000 10000
45 288 10000 655 560 10000 10000 10000 10000 10000
46 390 10000 10000 936 10000 10000 327 324 10000
47 456 10000 10000 735 10000 383 10000 355 10000
48 429 10000 1029 10000 700 10000 10000 240 10000
49 481 1154 1093 769 10000 10000 10000 10000 276
50 476 1142 761 761 1142 10000 399 10000 266
<precedence relations>
2,5
2,9
2,27
2,37
3,6
3,7
3,8
4,40
5,13
5,43
6,10
6,50
7,14
7,15
8,11
8,12
10,46
11,18
11,21
12,16
12,19
13,17
15,20
16,23
16,27
17,33
18,23
18,24
18,28
19,22
19,29
20,48
21,25
21,26
22,33
23,35
23,47
24,34
25,31
26,41
27,30
27,32
30,40
30,42
31,39
32,36
34,37
34,38
35,41
36,47
37,43
37,45
37,48
40,44
41,45
41,50
42,46
42,49
<end>