<number of tasks>
20
<number of stations>
10
<order strength>
0.200
<type of the robots>
4
<robot flexibility>
0.40
<collaboration flexibility>
0.40
<number of robots>
1
1
1
1
<task times>
1 541 10000 10000 1298 10000 10000 10000 10000 454
2 458 10000 732 10000 984 256 384 384 384
3 495 792 10000 10000 10000 10000 277 10000 415
4 498 1195 796 10000 796 10000 10000 10000 418
5 533 10000 1279 10000 10000 445 10000 447 10000
6 312 10000 10000 10000 10000 174 10000 10000 10000
7 665 10000 1064 1596 1596 558 372 558 10000
8 593 10000 10000 1423 10000 10000 332 498 10000
9 567 10000 10000 907 10000 10000 10000 10000 317
10 511 817 10000 10000 817 10000 429 10000 428
11 541 10000 10000 10000 10000 10000 10000 310 454
12 529 1215 10000 10000 846 444 307 296 296
13 493 10000 803 1183 10000 351 414 414 276
14 532 1276 911 10000 10000 10000 297 10000 10000
15 348 10000 10000 10000 835 194 194 10000 10000
16 565 10000 10000 10000 10000 10000 361 316 10000
17 413 10000 991 10000 10000 10000 10000 10000 10000
18 419 10000 1005 10000 10000 351 10000 10000 234
19 533 852 10000 10000 852 298 10000 447 10000
20 309 10000 542 585 741 10000 10000 10000 10000
<precedence relations>
1,6
1,7
1,8
1,9
2,10
6,11
7,13
8,12
8,14
8,15
11,18
12,16
13,18
14,17
16,19
17,19
18,20
<end>