<number of tasks>
20
<number of stations>
5
<order strength>
0.800
<type of the robots>
4
<robot flexibility>
0.40
<collaboration flexibility>
0.40
<number of robots>
1
0
0
0
<task times>
1 498 10000 10000 10000 10000 10000 10000 10000 10000
2 251 10000 401 10000 10000 10000 10000 140 10000
3 133 246 212 10000 319 10000 10000 10000 80
4 98 209 10000 10000 10000 54 10000 10000 82
5 251 10000 10000 486 602 10000 10000 10000 10000
6 495 883 10000 1188 1188 10000 10000 415 415
7 179 10000 10000 10000 10000 150 150 150 150
8 192 415 307 337 307 10000 10000 161 10000
9 200 320 10000 480 10000 10000 168 168 112
10 555 10000 10000 10000 10000 466 310 10000 465
11 98 10000 10000 235 235 10000 10000 82 54
12 430 988 688 10000 10000 306 240 246 240
13 153 10000 10000 10000 367 10000 128 10000 85
14 500 10000 10000 10000 10000 10000 10000 280 10000
15 428 10000 10000 10000 10000 10000 10000 10000 10000
16 565 1356 1061 10000 10000 10000 316 10000 316
17 97 155 10000 10000 10000 10000 54 81 81
18 296 10000 10000 10000 10000 165 10000 10000 165
19 178 10000 10000 427 10000 149 99 99 149
20 45 10000 108 72 72 25 10000 37 27
<precedence relations>
1,3
1,4
2,13
2,14
3,5
3,6
4,5
5,7
5,8
5,9
6,7
7,10
7,11
8,10
8,13
9,13
10,12
10,14
11,13
11,14
12,15
12,16
13,15
13,16
14,15
14,16
16,17
17,18
17,19
17,20
<end>