<number of tasks>
100
<number of stations>
50
<order strength>
0.200
<type of the robots>
4
<robot flexibility>
0.40
<collaboration flexibility>
0.40
<number of robots>
3
3
2
2
<task times>
1 577 10000 923 1384 1384 10000 10000 10000 10000
2 379 10000 909 10000 10000 10000 10000 10000 280
3 386 715 617 10000 10000 10000 324 10000 216
4 742 10000 1780 1780 10000 415 415 623 10000
5 652 10000 10000 10000 1564 10000 539 547 10000
6 546 10000 10000 10000 873 10000 10000 10000 10000
7 634 10000 10000 10000 10000 532 532 10000 10000
8 325 10000 10000 10000 780 182 182 10000 182
9 469 10000 750 10000 10000 393 10000 10000 10000
10 609 10000 10000 10000 10000 10000 341 10000 10000
11 663 10000 1591 10000 10000 371 10000 10000 10000
12 452 964 1084 723 10000 10000 10000 379 379
13 403 10000 644 772 10000 10000 338 10000 10000
14 527 10000 10000 10000 843 10000 10000 10000 442
15 536 1286 10000 10000 1105 450 10000 10000 10000
16 481 966 10000 10000 10000 10000 10000 307 10000
17 558 1339 10000 10000 1339 10000 312 312 10000
18 394 10000 630 752 630 10000 220 10000 10000
19 571 10000 10000 10000 10000 319 10000 479 479
20 488 10000 10000 1171 10000 409 352 273 10000
21 538 10000 10000 10000 860 301 10000 10000 10000
22 509 10000 1221 814 10000 10000 10000 10000 10000
23 418 10000 797 10000 824 10000 10000 10000 234
24 563 10000 10000 1351 962 472 472 472 10000
25 483 772 865 10000 1134 270 270 10000 270
26 321 513 10000 513 770 10000 269 179 10000
27 392 10000 10000 10000 678 219 329 10000 10000
28 483 772 1136 1159 1159 10000 270 270 10000
29 473 10000 10000 10000 974 10000 264 10000 397
30 610 10000 10000 10000 10000 10000 392 10000 512
31 571 1370 10000 10000 10000 319 319 319 319
32 792 1267 10000 10000 1900 10000 10000 10000 443
33 668 10000 10000 1068 10000 10000 10000 374 10000
34 607 1140 10000 1456 1456 509 10000 339 339
35 455 10000 786 10000 1092 10000 294 10000 382
36 647 10000 1544 10000 10000 10000 10000 10000 10000
37 523 10000 10000 10000 836 10000 439 292 292
38 730 10000 10000 10000 10000 408 10000 408 10000
39 477 1144 1015 763 10000 10000 10000 267 267
40 308 10000 10000 10000 10000 172 172 172 258
41 338 10000 10000 540 10000 189 10000 10000 283
42 493 955 10000 10000 10000 276 383 10000 414
43 327 784 10000 784 10000 10000 183 10000 10000
44 286 686 10000 10000 457 160 10000 160 10000
45 582 1396 931 992 10000 10000 325 488 488
46 665 1461 10000 10000 10000 558 10000 558 372
47 372 892 595 762 892 312 208 208 10000
48 495 10000 925 10000 10000 10000 10000 10000 10000
49 551 10000 10000 10000 881 10000 462 10000 10000
50 388 931 10000 10000 10000 325 10000 10000 217
51 420 786 10000 10000 672 10000 235 10000 10000
52 422 675 675 10000 10000 236 354 10000 10000
53 489 1173 782 782 10000 10000 10000 410 10000
54 655 10000 1048 10000 1572 10000 10000 10000 366
55 415 664 664 666 10000 10000 10000 10000 10000
56 487 1168 1168 10000 10000 409 10000 272 409
57 475 10000 10000 10000 10000 284 399 10000 10000
58 628 10000 10000 1256 10000 527 10000 351 527
59 532 10000 10000 10000 1276 10000 446 10000 10000
60 274 657 10000 10000 10000 230 153 153 10000
61 739 1773 10000 1394 10000 10000 10000 10000 10000
62 292 467 10000 10000 467 10000 163 163 245
63 436 10000 1046 10000 10000 10000 10000 10000 10000
64 349 10000 10000 558 10000 293 195 293 10000
65 449 10000 886 908 839 10000 10000 10000 10000
66 450 10000 1026 10000 896 10000 10000 10000 252
67 491 1178 10000 10000 1055 10000 10000 10000 10000
68 537 10000 10000 859 10000 10000 10000 10000 417
69 640 1024 1024 10000 10000 10000 358 10000 10000
70 591 10000 10000 10000 1418 10000 10000 10000 496
71 351 10000 10000 842 10000 10000 10000 196 294
72 424 905 751 803 678 10000 10000 237 10000
73 485 10000 10000 10000 1164 10000 10000 10000 10000
74 496 793 1190 10000 793 10000 10000 277 10000
75 386 617 10000 846 10000 324 10000 324 10000
76 289 462 10000 10000 10000 10000 10000 161 161
77 544 870 10000 10000 10000 304 10000 456 304
78 462 1108 10000 10000 974 388 10000 10000 388
79 505 808 10000 10000 10000 10000 10000 10000 10000
80 561 1346 10000 897 897 330 10000 10000 471
81 695 10000 10000 10000 10000 389 10000 531 10000
82 402 935 10000 10000 10000 10000 10000 337 10000
83 393 10000 10000 628 10000 246 10000 10000 10000
84 685 10000 1463 10000 10000 10000 575 10000 10000
85 618 10000 988 10000 10000 10000 10000 346 10000
86 496 793 906 793 10000 416 416 10000 324
87 468 1118 917 10000 748 10000 10000 393 10000
88 495 10000 1005 10000 10000 415 284 10000 10000
89 427 10000 10000 683 683 10000 358 358 239
90 608 10000 10000 10000 10000 10000 10000 10000 10000
91 538 1224 877 10000 1182 10000 10000 10000 10000
92 345 828 10000 828 10000 289 10000 258 289
93 356 10000 10000 569 569 199 199 10000 10000
94 621 10000 993 10000 1490 521 521 10000 10000
95 495 10000 10000 1188 10000 10000 10000 286 10000
96 556 10000 10000 10000 1334 10000 10000 467 10000
97 480 1152 10000 768 10000 10000 10000 268 10000
98 471 1088 753 753 10000 263 270 395 263
99 266 10000 10000 10000 10000 10000 148 10000 10000
100 762 10000 1828 1219 1621 533 10000 426 10000
<precedence relations>
1,8
2,9
2,13
3,11
6,10
7,12
7,13
8,14
9,16
10,15
10,20
11,19
12,17
12,18
14,21
15,22
16,23
17,24
17,35
19,25
19,28
20,25
20,26
20,27
21,29
22,30
23,32
24,33
25,31
25,36
26,34
26,38
27,35
27,37
27,75
28,39
28,56
29,40
30,43
31,44
32,45
33,46
34,41
35,42
35,47
36,45
37,48
39,86
40,54
41,49
42,50
43,52
44,53
45,51
45,55
45,56
46,55
46,57
48,58
49,61
50,65
51,62
52,63
53,64
54,66
54,100
55,59
56,60
56,93
59,68
60,69
61,70
62,71
63,72
64,67
64,73
64,74
65,73
65,76
66,75
67,78
68,79
69,80
70,82
71,82
72,81
73,77
73,87
74,86
75,83
75,85
76,84
77,88
78,89
79,91
80,90
81,91
84,92
87,93
88,96
89,94
90,95
91,97
91,98
91,99
91,100
<end>