<number of tasks>
100
<number of stations>
25
<order strength>
0.895
<type of the robots>
4
<robot flexibility>
0.40
<collaboration flexibility>
0.40
<number of robots>
3
3
2
2
<task times>
1 187 10000 10000 10000 415 10000 10000 104 104
2 31 10000 65 59 74 18 26 10000 10000
3 184 294 10000 10000 294 154 10000 10000 10000
4 65 10000 104 10000 156 10000 36 10000 50
5 224 10000 537 10000 10000 10000 125 10000 10000
6 89 10000 213 10000 10000 10000 74 10000 49
7 106 254 169 10000 10000 10000 10000 10000 10000
8 556 992 936 10000 889 311 10000 467 10000
9 39 10000 63 93 10000 10000 10000 10000 27
10 536 10000 857 10000 915 450 10000 10000 10000
11 517 10000 10000 827 10000 434 373 10000 10000
12 186 402 10000 446 436 10000 156 10000 10000
13 68 163 10000 10000 10000 49 10000 10000 38
14 63 100 10000 100 10000 35 10000 35 10000
15 213 340 10000 10000 10000 10000 10000 178 178
16 445 1068 1068 1068 10000 10000 10000 10000 10000
17 257 10000 10000 411 10000 215 10000 143 215
18 211 337 402 10000 10000 10000 10000 118 118
19 45 72 10000 72 10000 25 25 10000 37
20 165 396 10000 264 10000 92 10000 10000 126
21 290 10000 519 696 10000 10000 10000 10000 243
22 169 270 10000 10000 10000 10000 141 94 10000
23 177 10000 10000 10000 424 99 10000 10000 10000
24 72 10000 10000 10000 10000 60 60 40 40
25 54 101 10000 10000 10000 10000 10000 10000 10000
26 60 10000 10000 10000 144 10000 10000 33 10000
27 345 10000 10000 10000 10000 10000 10000 193 193
28 104 10000 10000 10000 249 10000 10000 10000 58
29 295 10000 10000 472 10000 165 165 10000 247
30 566 1358 1332 10000 905 10000 10000 10000 10000
31 28 44 48 44 46 10000 10000 10000 15
32 88 140 10000 10000 10000 49 10000 49 10000
33 59 10000 10000 141 141 10000 33 33 10000
34 105 203 168 10000 10000 10000 68 88 88
35 362 10000 704 10000 10000 304 304 202 304
36 140 336 336 336 10000 10000 117 10000 78
37 122 10000 10000 10000 10000 102 10000 10000 10000
38 37 10000 59 59 10000 10000 29 10000 10000
39 237 10000 379 379 10000 10000 10000 10000 10000
40 308 541 10000 10000 10000 258 10000 10000 10000
41 616 1478 10000 10000 10000 517 344 10000 517
42 305 10000 488 10000 732 10000 10000 229 10000
43 102 10000 10000 10000 179 85 10000 85 10000
44 75 180 10000 120 10000 63 10000 42 10000
45 80 10000 10000 10000 10000 10000 10000 57 10000
46 174 325 10000 278 278 97 97 10000 97
47 191 305 10000 337 305 10000 106 10000 10000
48 84 201 157 134 10000 10000 70 50 10000
49 105 10000 10000 252 10000 88 10000 10000 58
50 94 10000 150 150 225 10000 52 10000 10000
51 53 10000 127 10000 127 10000 29 29 44
52 452 10000 1084 10000 723 10000 10000 10000 10000
53 215 344 10000 10000 10000 10000 10000 180 180
54 73 175 10000 147 10000 10000 10000 10000 10000
55 473 896 756 10000 10000 397 264 264 10000
56 448 962 1075 10000 10000 10000 10000 250 376
57 495 10000 10000 10000 10000 10000 10000 10000 10000
58 559 1341 10000 1059 10000 469 10000 10000 10000
59 374 10000 10000 10000 10000 10000 10000 209 209
60 174 10000 10000 10000 10000 10000 146 146 10000
61 168 403 269 10000 10000 10000 94 94 10000
62 128 204 204 10000 239 10000 10000 10000 89
63 188 10000 10000 10000 390 105 157 10000 157
64 569 1365 1297 1247 10000 476 10000 477 10000
65 346 553 10000 10000 830 10000 10000 193 10000
66 194 310 10000 400 10000 10000 10000 10000 10000
67 263 10000 10000 631 10000 220 10000 10000 10000
68 335 10000 536 10000 10000 10000 227 187 10000
69 324 518 556 518 777 181 181 181 10000
70 99 158 237 237 158 10000 83 55 83
71 424 10000 10000 10000 10000 10000 355 356 10000
72 118 10000 10000 283 10000 10000 66 10000 10000
73 548 10000 10000 10000 10000 460 10000 10000 10000
74 429 10000 784 10000 10000 10000 10000 10000 10000
75 420 1008 10000 672 10000 10000 10000 10000 10000
76 338 10000 10000 10000 10000 10000 10000 10000 189
77 74 10000 10000 10000 177 41 10000 10000 10000
78 127 239 10000 10000 10000 106 10000 95 10000
79 312 499 10000 10000 499 262 10000 10000 10000
80 277 10000 543 10000 10000 10000 232 232 155
81 192 10000 389 360 10000 10000 10000 10000 10000
82 295 10000 10000 10000 10000 10000 170 10000 10000
83 244 469 10000 10000 10000 10000 10000 136 10000
84 360 10000 10000 10000 759 10000 302 10000 10000
85 112 179 10000 10000 10000 94 10000 10000 94
86 505 10000 10000 10000 10000 10000 282 10000 10000
87 66 157 10000 158 10000 10000 10000 10000 10000
88 137 10000 10000 219 10000 10000 10000 76 115
89 137 311 223 10000 10000 115 76 76 10000
90 337 10000 808 10000 539 283 188 10000 220
91 134 321 250 10000 10000 10000 75 75 75
92 522 1252 1252 10000 10000 292 10000 10000 292
93 248 396 595 10000 396 208 10000 10000 208
94 300 599 720 713 10000 252 252 10000 168
95 542 1300 10000 1300 10000 10000 455 400 455
96 140 224 10000 10000 336 10000 117 78 10000
97 352 10000 563 10000 563 197 10000 197 10000
98 81 194 155 10000 129 68 52 45 10000
99 31 50 10000 74 10000 10000 10000 26 10000
100 151 10000 10000 362 321 10000 10000 10000 10000
<precedence relations>
1,3
1,4
2,3
2,4
3,5
3,6
3,7
3,8
3,9
4,5
4,6
4,7
4,8
4,9
5,10
5,11
5,12
6,10
6,11
6,12
7,10
7,11
7,12
8,10
8,11
8,12
9,10
9,11
9,12
10,13
10,14
10,15
11,13
11,14
11,15
12,13
12,14
12,15
13,16
13,17
13,18
13,19
14,16
14,17
14,18
14,19
15,16
15,17
15,18
15,19
16,20
16,21
16,22
16,23
17,20
18,22
18,23
19,20
19,21
20,24
20,25
20,26
21,24
21,25
21,26
22,24
22,25
22,26
23,24
23,25
23,26
24,27
24,28
24,29
25,27
25,28
25,29
25,30
26,27
26,28
26,29
26,30
27,31
27,32
27,33
28,31
28,32
28,33
29,31
29,32
29,33
30,31
30,32
30,33
31,34
31,35
31,36
32,34
32,35
32,36
33,34
33,35
33,36
34,37
34,38
35,37
35,38
36,37
36,38
37,42
38,39
38,40
38,41
38,42
39,43
39,44
39,45
40,43
40,44
40,45
41,43
41,44
41,45
42,43
42,44
42,45
43,46
43,49
44,46
44,47
44,50
45,46
45,47
45,48
45,49
45,50
46,51
47,51
48,51
49,51
50,51
51,52
51,53
51,54
51,55
52,56
52,57
52,58
53,56
53,57
53,58
54,56
54,57
54,58
55,60
55,61
56,62
56,65
56,71
57,59
58,60
58,76
58,78
59,61
61,62
61,63
61,64
61,65
62,69
63,66
63,67
63,68
64,83
64,84
65,66
65,67
66,70
66,75
66,84
67,70
67,72
67,81
68,70
68,71
68,74
69,73
69,87
69,95
70,85
71,78
72,75
72,76
74,76
74,77
75,82
75,90
76,82
76,83
76,88
77,79
78,80
78,81
79,84
79,86
80,83
80,84
81,84
81,85
81,86
82,85
83,87
83,92
84,90
84,92
85,92
85,93
85,98
85,99
86,88
86,89
88,91
88,92
88,94
88,95
89,92
90,93
90,95
90,100
92,96
92,100
94,96
94,100
95,97
95,98
95,99
<end>