<number of tasks>
100
<number of stations>
50
<order strength>
0.895
<type of the robots>
4
<robot flexibility>
0.40
<collaboration flexibility>
0.40
<number of robots>
5
5
5
5
<task times>
1 167 309 400 10000 10000 10000 10000 10000 10000
2 23 49 10000 55 10000 12 19 10000 12
3 230 410 10000 552 368 193 10000 10000 10000
4 43 93 68 10000 10000 10000 10000 10000 10000
5 318 508 10000 763 10000 267 10000 10000 10000
6 142 10000 340 10000 289 10000 10000 10000 10000
7 222 510 10000 10000 532 10000 10000 10000 10000
8 564 1353 925 902 10000 401 473 473 10000
9 193 308 10000 10000 463 10000 108 162 108
10 193 10000 410 370 308 10000 108 10000 10000
11 151 10000 10000 288 362 84 10000 97 84
12 55 10000 10000 10000 132 46 46 10000 30
13 227 363 10000 544 504 127 10000 10000 174
14 151 10000 241 10000 362 10000 10000 84 10000
15 164 10000 361 10000 10000 91 137 10000 10000
16 96 10000 10000 10000 153 10000 53 80 80
17 109 261 10000 10000 10000 61 10000 10000 10000
18 28 67 47 10000 10000 15 10000 10000 10000
19 549 10000 889 10000 878 10000 10000 10000 307
20 276 10000 441 10000 10000 10000 199 10000 154
21 143 228 10000 10000 10000 80 10000 10000 120
22 70 131 168 10000 10000 10000 10000 10000 10000
23 101 10000 10000 10000 10000 10000 84 10000 56
24 242 580 461 387 10000 203 10000 135 10000
25 248 10000 10000 10000 10000 138 138 10000 10000
26 86 137 10000 206 10000 48 72 10000 72
27 289 10000 10000 10000 10000 10000 10000 10000 10000
28 84 10000 150 134 10000 10000 10000 10000 10000
29 405 10000 972 909 798 10000 10000 340 10000
30 92 10000 154 10000 10000 59 77 10000 10000
31 393 10000 628 653 10000 10000 10000 220 330
32 150 240 291 262 10000 10000 10000 84 10000
33 127 10000 10000 10000 10000 106 10000 10000 10000
34 72 172 115 10000 172 10000 40 40 10000
35 447 1072 869 10000 920 250 10000 375 10000
36 190 10000 453 10000 10000 10000 10000 10000 10000
37 22 48 10000 35 10000 10000 10000 10000 10000
38 324 10000 10000 10000 10000 272 272 181 181
39 194 10000 10000 310 10000 10000 10000 10000 162
40 113 10000 10000 10000 10000 10000 10000 63 10000
41 144 345 306 10000 10000 120 80 10000 10000
42 132 10000 10000 10000 10000 10000 103 73 10000
43 235 10000 10000 10000 564 10000 131 131 131
44 296 10000 10000 10000 710 248 10000 248 165
45 97 232 10000 155 10000 10000 54 10000 10000
46 270 10000 10000 432 648 151 151 151 10000
47 62 116 10000 10000 99 10000 34 47 34
48 556 889 10000 1334 10000 467 10000 467 10000
49 185 10000 345 10000 10000 10000 10000 10000 155
50 545 1308 872 10000 10000 305 10000 10000 10000
51 110 10000 10000 10000 10000 92 10000 10000 61
52 92 10000 220 147 151 55 51 51 10000
53 146 10000 10000 10000 350 10000 10000 122 10000
54 198 475 316 318 10000 166 166 10000 10000
55 269 10000 10000 10000 645 225 10000 150 10000
56 162 10000 10000 324 10000 10000 10000 10000 90
57 133 319 10000 10000 10000 10000 10000 74 10000
58 255 10000 10000 10000 10000 214 10000 142 214
59 216 10000 10000 10000 518 10000 181 10000 10000
60 167 10000 267 10000 10000 10000 10000 10000 10000
61 105 10000 10000 198 10000 58 58 58 10000
62 169 270 10000 10000 405 141 10000 10000 10000
63 63 134 100 100 110 35 52 10000 35
64 140 10000 10000 10000 10000 10000 10000 117 10000
65 505 10000 1212 10000 10000 10000 282 10000 10000
66 278 667 444 562 10000 10000 155 10000 10000
67 292 467 10000 10000 467 10000 10000 163 163
68 247 10000 592 10000 10000 10000 10000 10000 207
69 248 396 10000 396 10000 10000 10000 208 10000
70 82 10000 161 131 10000 10000 10000 10000 10000
71 213 10000 485 10000 10000 119 119 10000 178
72 337 10000 539 10000 10000 283 10000 10000 283
73 373 10000 661 706 10000 10000 10000 10000 10000
74 480 10000 10000 1052 10000 268 10000 10000 10000
75 261 417 626 417 417 10000 219 10000 219
76 209 501 10000 10000 10000 175 175 10000 10000
77 113 213 206 271 180 94 10000 10000 94
78 240 10000 470 384 10000 134 10000 10000 134
79 198 10000 10000 475 10000 124 110 110 10000
80 89 10000 213 10000 166 10000 10000 10000 62
81 322 10000 603 664 10000 10000 10000 180 10000
82 88 10000 178 211 182 10000 10000 49 73
83 105 10000 171 10000 10000 10000 10000 88 10000
84 80 10000 10000 10000 192 44 67 44 67
85 231 10000 10000 554 10000 10000 10000 10000 10000
86 108 10000 10000 221 10000 10000 60 10000 10000
87 51 114 10000 122 10000 42 10000 28 10000
88 78 187 10000 10000 10000 10000 10000 10000 10000
89 100 227 10000 10000 240 84 56 10000 56
90 102 244 10000 10000 179 57 10000 10000 10000
91 234 10000 10000 374 10000 196 10000 10000 196
92 103 247 10000 10000 164 10000 57 10000 10000
93 69 159 165 10000 10000 10000 10000 57 10000
94 74 147 10000 10000 10000 41 41 41 41
95 407 10000 10000 764 976 10000 10000 227 10000
96 137 10000 10000 10000 10000 10000 115 10000 10000
97 454 10000 10000 10000 957 10000 10000 381 381
98 110 10000 205 264 176 10000 10000 10000 72
99 107 10000 10000 10000 171 10000 10000 59 10000
100 129 10000 10000 10000 10000 72 10000 10000 10000
<precedence relations>
1,5
2,4
2,5
2,6
3,4
3,5
3,6
4,7
4,8
4,9
4,10
4,11
5,7
5,8
5,9
5,10
5,11
6,7
6,8
7,12
7,13
7,14
7,15
8,12
9,12
9,13
9,14
9,15
10,12
10,13
10,14
11,12
12,16
12,17
12,18
12,19
12,20
13,17
13,18
13,21
14,16
14,17
14,18
14,19
15,18
15,19
15,20
15,21
16,22
16,23
16,24
17,22
17,23
17,24
18,22
18,23
18,24
19,22
19,23
19,24
20,22
20,23
20,24
21,22
21,23
22,25
22,26
22,27
22,30
23,29
23,34
24,25
24,26
24,27
24,28
25,31
25,34
25,35
26,31
26,32
26,33
27,31
27,32
28,33
28,36
29,45
30,33
30,36
31,36
32,34
32,35
32,36
33,34
33,35
34,37
34,38
35,53
35,58
36,37
36,38
37,39
37,40
37,42
38,39
38,40
38,41
38,42
39,43
39,44
39,45
39,46
40,43
40,44
40,45
40,46
41,43
41,44
41,45
41,46
42,43
42,44
42,45
43,49
43,50
43,51
44,47
44,48
45,47
45,48
46,47
46,48
47,49
47,50
47,51
48,49
48,50
48,51
49,52
50,52
51,52
52,53
52,54
52,55
52,56
52,57
52,58
53,59
53,60
53,61
54,59
54,60
54,61
55,59
55,60
55,61
56,59
56,60
57,61
58,59
58,65
58,68
59,67
59,70
60,62
60,63
61,62
62,64
62,67
62,68
62,72
63,65
63,66
63,75
64,78
65,69
65,72
66,85
66,86
67,69
68,70
68,71
68,77
69,73
69,74
70,75
71,95
72,98
73,82
73,83
74,77
74,93
74,94
75,76
76,78
76,80
77,79
77,88
78,83
79,84
79,91
80,81
80,82
80,83
80,84
81,85
81,91
81,92
83,86
84,85
85,95
86,87
86,88
87,90
87,91
87,93
87,94
88,89
88,92
88,97
91,96
92,95
93,97
95,99
96,98
97,98
97,100
<end>