<number of tasks>
20
<number of stations>
5
<order strength>
0.800
<type of the robots>
4
<robot flexibility>
0.20
<collaboration flexibility>
0.20
<number of robots>
1
1
0
0
<task times>
1 37 10000 10000 10000 10000 10000 10000 10000 10000
2 158 10000 10000 277 10000 10000 10000 10000 10000
3 60 10000 10000 144 10000 10000 10000 10000 50
4 228 364 547 10000 10000 10000 10000 10000 10000
5 283 10000 10000 10000 10000 10000 10000 237 10000
6 58 10000 10000 10000 10000 10000 48 10000 10000
7 62 10000 99 148 10000 10000 10000 10000 10000
8 64 138 10000 10000 102 10000 10000 10000 10000
9 20 10000 10000 10000 10000 10000 10000 10000 10000
10 204 10000 10000 10000 435 171 114 114 114
11 97 10000 10000 181 10000 10000 10000 81 10000
12 246 565 10000 10000 590 10000 10000 10000 137
13 123 10000 10000 10000 10000 10000 10000 10000 10000
14 280 10000 10000 10000 448 10000 10000 10000 235
15 205 10000 10000 10000 10000 10000 10000 114 10000
16 72 10000 10000 10000 172 60 10000 60 40
17 268 10000 10000 428 10000 10000 10000 10000 10000
18 75 10000 10000 10000 10000 10000 42 45 63
19 190 10000 10000 10000 10000 135 10000 10000 10000
20 118 188 10000 10000 10000 10000 10000 10000 10000
<precedence relations>
1,6
1,7
1,8
2,3
2,4
3,5
4,5
5,6
5,7
5,8
6,9
6,10
7,14
7,15
8,9
8,10
8,11
9,15
9,16
10,12
10,13
11,12
12,14
12,15
13,18
14,16
15,17
15,18
16,18
16,19
17,19
17,20
<end>