<number of tasks>
20
<number of stations>
10
<order strength>
0.800
<type of the robots>
4
<robot flexibility>
0.20
<collaboration flexibility>
0.20
<number of robots>
1
1
0
0
<task times>
1 383 10000 919 10000 10000 10000 10000 321 10000
2 567 1051 10000 10000 10000 10000 10000 476 10000
3 379 10000 10000 909 10000 10000 10000 10000 10000
4 236 10000 377 566 10000 10000 10000 10000 132
5 420 10000 10000 10000 10000 10000 10000 10000 10000
6 470 10000 752 10000 752 263 263 10000 10000
7 512 10000 1197 10000 10000 10000 10000 10000 10000
8 497 10000 10000 10000 10000 10000 10000 10000 278
9 619 1105 10000 1158 1322 346 10000 346 10000
10 630 10000 10000 10000 10000 529 352 10000 10000
11 388 10000 10000 10000 10000 10000 248 10000 10000
12 580 10000 10000 10000 928 412 10000 10000 10000
13 488 1171 10000 10000 10000 10000 10000 10000 10000
14 514 10000 822 10000 10000 10000 10000 10000 287
15 662 10000 10000 10000 10000 10000 556 370 370
16 387 10000 10000 733 10000 10000 10000 325 10000
17 561 10000 10000 10000 10000 10000 314 10000 10000
18 555 888 1332 10000 1332 10000 10000 10000 10000
19 534 10000 10000 10000 10000 10000 10000 448 448
20 577 10000 10000 1384 10000 323 484 10000 10000
<precedence relations>
1,4
2,5
3,8
3,9
4,6
4,7
5,6
5,7
6,8
6,9
6,10
7,8
7,9
8,11
8,12
8,13
9,11
9,12
9,13
10,11
10,12
10,15
11,16
12,18
13,14
14,15
14,16
14,17
16,18
17,19
18,19
18,20
<end>