<number of tasks>
50
<number of stations>
13
<order strength>
0.201
<type of the robots>
4
<robot flexibility>
0.00
<collaboration flexibility>
0.00
<number of robots>
0
0
0
0
<task times>
1 95 10000 10000 10000 10000 10000 10000 79 10000
2 191 354 10000 10000 10000 10000 160 10000 10000
3 165 10000 396 10000 10000 10000 10000 10000 92
4 102 10000 10000 10000 10000 10000 10000 10000 10000
5 74 10000 10000 10000 10000 10000 10000 10000 10000
6 167 10000 10000 10000 10000 10000 10000 10000 10000
7 102 10000 244 244 10000 57 10000 10000 10000
8 163 10000 305 10000 10000 10000 10000 10000 10000
9 236 10000 377 10000 377 10000 198 132 10000
10 221 10000 10000 530 10000 185 10000 10000 10000
11 102 220 10000 10000 10000 57 10000 10000 10000
12 46 10000 10000 10000 110 38 10000 10000 10000
13 27 64 10000 10000 10000 10000 22 10000 15
14 120 10000 10000 192 192 10000 10000 10000 10000
15 90 10000 10000 216 10000 10000 10000 10000 10000
16 306 615 10000 489 10000 10000 10000 171 10000
17 41 10000 98 98 10000 10000 10000 10000 10000
18 63 10000 10000 10000 10000 10000 10000 10000 10000
19 81 10000 10000 10000 10000 10000 10000 68 45
20 180 10000 10000 10000 10000 10000 151 100 10000
21 253 10000 10000 404 607 10000 10000 10000 212
22 96 10000 10000 230 154 80 10000 10000 10000
23 102 10000 10000 10000 163 57 10000 10000 10000
24 238 10000 10000 10000 10000 199 133 10000 10000
25 127 203 10000 10000 10000 10000 106 10000 10000
26 184 10000 10000 10000 10000 10000 10000 10000 10000
27 102 163 10000 10000 10000 10000 10000 10000 10000
28 109 174 261 261 10000 10000 10000 10000 10000
29 96 10000 10000 10000 10000 10000 10000 53 10000
30 128 10000 273 204 291 10000 10000 10000 10000
31 189 302 302 10000 10000 10000 10000 10000 10000
32 97 10000 10000 10000 155 10000 10000 54 10000
33 285 10000 684 10000 10000 10000 159 206 10000
34 28 10000 10000 10000 10000 10000 10000 10000 10000
35 165 10000 10000 10000 10000 10000 10000 10000 138
36 182 10000 10000 291 10000 10000 10000 10000 10000
37 202 323 10000 10000 10000 117 10000 169 10000
38 84 10000 10000 10000 10000 70 10000 10000 10000
39 23 10000 10000 10000 36 10000 10000 10000 10000
40 153 10000 10000 10000 10000 85 10000 85 10000
41 78 124 10000 10000 10000 10000 10000 10000 52
42 112 179 268 179 10000 10000 10000 10000 10000
43 53 10000 10000 10000 107 10000 10000 10000 10000
44 113 10000 10000 10000 10000 10000 10000 94 10000
45 189 10000 10000 10000 308 10000 10000 10000 10000
46 82 10000 10000 196 10000 10000 10000 10000 45
47 221 10000 353 356 10000 10000 10000 10000 10000
48 51 10000 10000 81 10000 10000 10000 28 10000
49 90 10000 144 10000 10000 75 10000 10000 10000
50 237 10000 10000 10000 10000 199 199 10000 10000
<precedence relations>
1,23
2,9
3,10
4,13
5,11
6,8
7,12
8,23
9,16
10,18
11,14
11,17
11,21
12,15
13,19
13,20
13,22
14,23
15,23
16,24
17,25
21,26
22,27
22,28
23,29
23,30
23,31
23,32
23,36
24,34
25,33
27,36
28,35
28,37
29,41
29,42
33,39
36,40
37,38
38,43
38,47
41,44
41,45
41,46
43,48
44,50
46,49
<end>