<number of tasks>
100
<number of stations>
25
<order strength>
0.200
<type of the robots>
4
<robot flexibility>
0.20
<collaboration flexibility>
0.20
<number of robots>
3
3
2
2
<task times>
1 155 287 10000 10000 10000 10000 10000 10000 86
2 170 10000 10000 10000 10000 10000 10000 142 95
3 95 10000 228 228 10000 10000 10000 10000 10000
4 178 10000 10000 10000 10000 10000 10000 10000 10000
5 317 10000 10000 607 10000 177 10000 10000 234
6 29 10000 10000 10000 10000 10000 10000 10000 16
7 116 250 278 10000 10000 64 10000 10000 10000
8 57 10000 136 10000 136 10000 10000 10000 10000
9 115 10000 10000 10000 10000 96 64 10000 64
10 101 10000 10000 10000 10000 84 10000 10000 84
11 171 10000 10000 10000 10000 10000 10000 10000 143
12 117 10000 10000 280 10000 10000 10000 10000 10000
13 86 137 137 10000 10000 10000 10000 10000 48
14 141 10000 10000 10000 10000 10000 10000 78 10000
15 73 10000 10000 10000 10000 52 10000 10000 56
16 223 10000 10000 10000 535 10000 10000 10000 10000
17 174 278 10000 10000 10000 10000 10000 146 10000
18 257 10000 616 10000 10000 10000 10000 10000 10000
19 168 10000 10000 10000 268 94 10000 10000 10000
20 248 10000 10000 10000 10000 208 10000 10000 10000
21 101 10000 161 10000 10000 10000 10000 56 10000
22 255 408 408 10000 10000 142 142 10000 10000
23 44 10000 10000 10000 70 10000 32 10000 24
24 146 350 10000 10000 10000 10000 10000 10000 10000
25 84 10000 10000 10000 10000 10000 10000 10000 10000
26 83 10000 10000 10000 10000 69 10000 10000 10000
27 146 10000 10000 233 10000 10000 10000 10000 10000
28 24 38 10000 10000 10000 14 10000 10000 10000
29 198 10000 10000 10000 10000 10000 10000 10000 10000
30 37 10000 10000 10000 10000 10000 10000 10000 10000
31 72 10000 10000 10000 10000 10000 10000 10000 10000
32 285 488 650 10000 10000 239 239 10000 239
33 281 10000 10000 10000 486 10000 10000 10000 10000
34 143 10000 336 228 10000 10000 10000 10000 10000
35 66 10000 10000 10000 10000 10000 10000 10000 55
36 83 10000 10000 10000 10000 10000 10000 10000 10000
37 75 120 10000 10000 10000 10000 10000 10000 10000
38 256 10000 10000 10000 10000 164 10000 10000 215
39 59 10000 10000 10000 141 10000 10000 10000 10000
40 330 10000 10000 10000 10000 10000 10000 10000 10000
41 191 10000 10000 306 458 10000 10000 106 10000
42 175 10000 282 10000 10000 10000 10000 98 10000
43 87 208 10000 10000 10000 10000 10000 10000 48
44 88 10000 10000 211 10000 10000 49 10000 10000
45 75 10000 120 10000 120 10000 10000 10000 10000
46 137 328 219 10000 10000 10000 10000 10000 10000
47 146 10000 10000 10000 10000 10000 10000 10000 10000
48 260 624 10000 10000 10000 10000 10000 10000 145
49 22 10000 10000 45 52 10000 10000 10000 18
50 198 10000 10000 10000 10000 10000 10000 10000 10000
51 167 400 10000 10000 400 10000 10000 10000 10000
52 29 10000 10000 10000 10000 10000 10000 10000 10000
53 77 10000 10000 10000 123 64 64 10000 64
54 62 99 148 10000 10000 10000 10000 52 10000
55 240 10000 576 10000 576 10000 10000 10000 134
56 68 163 108 10000 10000 10000 10000 10000 10000
57 161 257 10000 10000 257 10000 10000 10000 10000
58 81 10000 129 10000 10000 45 45 45 45
59 112 10000 10000 10000 179 94 62 62 10000
60 59 10000 141 111 141 10000 10000 10000 10000
61 308 10000 10000 10000 10000 184 10000 172 10000
62 288 10000 10000 10000 10000 10000 10000 161 10000
63 188 10000 10000 10000 10000 10000 10000 157 10000
64 112 268 179 179 10000 10000 10000 10000 10000
65 162 10000 10000 10000 10000 10000 10000 90 10000
66 112 10000 10000 10000 10000 10000 10000 10000 62
67 76 10000 10000 10000 10000 10000 10000 10000 44
68 114 10000 10000 10000 253 63 10000 10000 10000
69 146 10000 350 10000 10000 122 10000 81 102
70 117 10000 10000 10000 10000 10000 10000 10000 10000
71 119 10000 235 10000 10000 10000 10000 10000 10000
72 177 10000 403 10000 10000 10000 10000 10000 10000
73 59 10000 10000 10000 10000 10000 10000 33 10000
74 170 10000 10000 10000 10000 10000 10000 10000 95
75 86 10000 10000 10000 10000 10000 10000 52 10000
76 210 10000 10000 336 10000 10000 117 176 176
77 281 10000 10000 10000 10000 10000 236 157 157
78 150 240 10000 10000 264 10000 10000 10000 10000
79 328 787 10000 10000 10000 10000 275 10000 10000
80 141 10000 10000 10000 10000 10000 78 10000 10000
81 113 10000 206 10000 10000 10000 94 10000 10000
82 207 496 10000 10000 10000 173 119 115 10000
83 245 10000 10000 588 10000 10000 10000 137 137
84 199 10000 10000 10000 10000 10000 10000 10000 167
85 86 10000 10000 10000 10000 72 10000 10000 10000
86 187 352 10000 10000 10000 10000 10000 10000 10000
87 246 10000 10000 10000 10000 10000 10000 10000 10000
88 331 10000 10000 529 10000 185 10000 185 10000
89 205 328 10000 10000 10000 10000 172 10000 10000
90 73 10000 10000 10000 10000 10000 41 40 10000
91 28 10000 10000 10000 10000 23 10000 10000 23
92 89 10000 10000 213 195 10000 49 10000 10000
93 107 10000 10000 256 10000 10000 10000 10000 10000
94 102 10000 10000 208 10000 85 10000 85 85
95 124 10000 10000 10000 10000 104 10000 10000 10000
96 161 10000 10000 10000 10000 10000 10000 10000 10000
97 129 10000 10000 206 10000 10000 108 10000 10000
98 126 302 201 10000 10000 10000 73 73 10000
99 21 10000 47 10000 10000 10000 10000 10000 10000
100 118 272 10000 10000 10000 10000 99 99 99
<precedence relations>
1,8
1,10
2,9
2,14
2,23
2,64
2,82
2,97
3,13
3,14
3,44
3,50
3,73
4,11
5,12
5,15
6,52
6,54
7,19
8,16
9,17
10,18
11,24
11,59
12,19
12,20
12,21
12,23
13,22
13,54
16,31
17,26
18,27
19,25
19,50
19,53
20,28
21,29
21,31
21,33
22,30
22,32
23,59
25,34
26,35
27,36
28,37
29,38
30,39
31,42
31,45
32,40
32,41
32,64
32,84
32,97
33,41
33,43
33,44
33,64
34,49
35,47
36,46
37,50
38,49
39,49
40,48
41,52
41,59
42,53
42,54
42,98
43,51
45,73
46,56
47,55
48,57
49,58
49,59
51,60
53,61
53,92
55,62
56,63
58,64
58,65
59,74
60,66
61,66
62,68
63,67
64,69
64,71
65,72
65,74
65,75
66,70
66,73
66,93
67,79
68,80
69,81
70,76
70,77
70,78
70,84
70,91
70,100
72,82
72,83
75,91
76,85
77,86
78,87
79,90
80,88
81,91
82,89
82,93
83,92
85,96
86,96
87,97
88,94
89,95
90,98
91,99
92,100
<end>