<number of tasks>
100
<number of stations>
50
<order strength>
0.200
<type of the robots>
4
<robot flexibility>
0.40
<collaboration flexibility>
0.40
<number of robots>
5
5
5
5
<task times>
1 99 10000 10000 185 158 55 10000 10000 10000
2 327 10000 10000 10000 10000 10000 274 10000 183
3 94 150 10000 10000 10000 10000 52 10000 10000
4 65 156 156 131 156 54 10000 10000 10000
5 173 10000 415 10000 10000 10000 145 145 96
6 51 10000 10000 10000 105 10000 42 10000 28
7 36 10000 10000 10000 10000 10000 26 20 30
8 129 10000 206 10000 10000 10000 10000 10000 10000
9 177 10000 283 288 10000 10000 10000 10000 99
10 130 232 10000 10000 312 10000 10000 72 72
11 180 10000 10000 10000 10000 100 151 100 10000
12 35 10000 10000 84 10000 10000 19 10000 10000
13 103 10000 247 192 247 10000 10000 57 86
14 25 10000 41 60 51 10000 10000 21 10000
15 164 10000 10000 10000 10000 10000 137 10000 10000
16 278 10000 591 667 10000 233 10000 10000 10000
17 136 10000 324 10000 10000 10000 76 114 10000
18 108 10000 10000 10000 259 90 90 10000 10000
19 190 10000 10000 456 304 10000 106 106 10000
20 29 62 46 69 54 10000 10000 10000 16
21 62 10000 148 10000 10000 10000 52 10000 34
22 318 10000 10000 609 763 226 10000 10000 10000
23 85 10000 10000 10000 10000 71 10000 55 71
24 65 104 10000 10000 10000 10000 36 10000 10000
25 78 10000 10000 10000 124 10000 43 10000 43
26 152 10000 243 10000 10000 10000 10000 10000 10000
27 27 64 10000 51 10000 10000 15 15 10000
28 75 10000 151 180 120 10000 63 63 10000
29 133 212 10000 212 10000 10000 10000 10000 10000
30 85 10000 10000 10000 204 47 52 10000 63
31 379 10000 909 909 10000 212 212 10000 212
32 34 10000 10000 10000 10000 19 10000 10000 19
33 162 10000 259 10000 10000 90 136 10000 10000
34 262 628 597 419 10000 10000 10000 10000 146
35 231 10000 10000 10000 10000 129 10000 10000 10000
36 333 10000 10000 747 799 279 10000 186 10000
37 116 185 10000 192 10000 64 64 10000 97
38 157 10000 10000 10000 10000 10000 131 10000 10000
39 23 10000 36 10000 55 14 10000 19 10000
40 155 10000 10000 271 344 130 10000 10000 10000
41 91 10000 176 10000 10000 50 10000 10000 10000
42 91 10000 10000 10000 10000 10000 10000 50 50
43 34 10000 54 10000 10000 10000 10000 19 10000
44 191 10000 371 10000 458 10000 10000 10000 146
45 51 119 10000 82 81 28 28 28 10000
46 72 115 10000 10000 172 46 60 60 10000
47 66 10000 10000 105 10000 10000 10000 10000 36
48 400 640 10000 10000 10000 336 10000 10000 10000
49 96 10000 230 10000 153 80 10000 10000 10000
50 147 258 10000 10000 10000 123 10000 10000 99
51 98 10000 10000 10000 10000 82 82 54 54
52 177 10000 285 10000 10000 148 10000 99 10000
53 219 10000 10000 10000 350 10000 10000 10000 10000
54 235 564 10000 10000 10000 10000 183 131 10000
55 235 564 10000 10000 564 10000 10000 131 197
56 162 388 259 259 10000 10000 10000 10000 136
57 115 10000 10000 10000 10000 10000 64 10000 64
58 85 204 136 10000 10000 47 10000 71 10000
59 90 168 10000 10000 10000 10000 50 10000 10000
60 142 10000 265 227 10000 10000 10000 10000 10000
61 257 10000 10000 10000 10000 215 10000 10000 215
62 212 10000 10000 10000 10000 10000 118 10000 161
63 215 10000 10000 10000 487 10000 10000 120 10000
64 93 10000 10000 10000 148 52 78 10000 10000
65 39 10000 62 10000 10000 10000 10000 10000 10000
66 23 36 10000 55 10000 10000 10000 18 10000
67 100 240 10000 240 240 10000 10000 56 56
68 167 10000 400 10000 400 10000 10000 93 10000
69 141 10000 338 10000 10000 118 78 118 10000
70 139 10000 222 222 333 10000 77 10000 10000
71 60 10000 10000 10000 10000 10000 10000 10000 33
72 66 10000 10000 10000 10000 10000 55 10000 55
73 89 168 142 178 10000 10000 10000 49 10000
74 114 10000 10000 10000 182 10000 95 10000 63
75 58 10000 10000 10000 95 48 10000 10000 48
76 88 189 141 166 10000 10000 10000 10000 73
77 164 10000 10000 10000 393 10000 91 91 91
78 200 10000 320 10000 480 10000 10000 10000 10000
79 35 10000 84 10000 10000 10000 29 10000 10000
80 80 192 10000 10000 10000 10000 10000 44 10000
81 52 124 10000 10000 91 43 29 10000 43
82 117 187 231 10000 10000 10000 10000 10000 10000
83 75 10000 10000 10000 10000 42 42 10000 10000
84 183 439 10000 10000 10000 10000 10000 10000 10000
85 216 10000 10000 10000 345 181 181 10000 10000
86 118 188 10000 10000 10000 99 66 66 10000
87 83 10000 10000 10000 10000 46 10000 10000 10000
88 48 76 102 10000 10000 26 40 40 10000
89 84 10000 10000 10000 134 10000 10000 47 10000
90 22 52 10000 35 10000 12 10000 10000 12
91 29 10000 10000 10000 69 10000 10000 10000 16
92 49 10000 10000 10000 10000 10000 27 10000 10000
93 110 176 10000 264 264 10000 10000 80 10000
94 101 10000 10000 10000 10000 84 10000 56 84
95 109 261 10000 206 174 65 10000 61 91
96 114 265 10000 10000 10000 63 10000 10000 10000
97 324 10000 518 10000 10000 203 10000 10000 10000
98 254 406 10000 557 10000 213 10000 142 213
99 59 140 141 10000 10000 10000 10000 49 10000
100 184 418 10000 10000 10000 154 122 10000 103
<precedence relations>
1,26
2,10
3,11
4,15
4,16
5,8
5,9
5,13
5,14
7,8
7,12
7,16
8,26
9,26
10,17
11,20
12,19
13,22
13,23
14,56
15,21
15,25
16,18
16,24
16,75
17,26
18,26
19,83
20,27
21,28
21,30
21,64
22,29
22,31
22,32
22,35
22,36
22,37
23,31
23,33
24,34
26,38
26,39
26,40
26,41
26,42
26,50
27,44
28,46
29,47
30,45
30,55
31,58
33,48
34,43
37,49
38,83
39,53
41,74
43,83
44,51
45,54
46,51
47,55
48,52
48,56
49,57
49,58
51,83
52,59
53,60
54,61
57,66
58,62
59,64
60,63
62,65
62,66
63,67
64,74
64,75
65,68
65,70
65,71
65,73
65,89
66,69
66,72
67,77
68,78
70,81
72,79
72,89
73,82
74,80
75,76
75,99
76,83
77,84
78,85
79,87
79,88
80,86
80,89
81,90
83,91
83,92
83,93
83,94
83,95
83,96
84,99
85,98
87,100
88,97
<end>