<number of tasks>
20
<number of stations>
5
<order strength>
0.200
<type of the robots>
4
<robot flexibility>
0.40
<collaboration flexibility>
0.40
<number of robots>
1
1
0
0
<task times>
1 140 10000 10000 336 10000 78 10000 10000 10000
2 104 10000 249 249 10000 10000 10000 10000 10000
3 98 156 10000 172 10000 10000 54 10000 10000
4 82 10000 10000 196 10000 68 45 10000 10000
5 86 206 10000 188 10000 10000 72 72 10000
6 216 10000 345 518 10000 10000 125 10000 10000
7 246 10000 400 590 10000 137 10000 10000 10000
8 262 419 448 10000 10000 10000 10000 10000 10000
9 228 10000 364 10000 547 191 10000 191 10000
10 162 372 10000 10000 10000 10000 10000 10000 136
11 106 254 10000 10000 254 10000 10000 61 89
12 177 10000 10000 424 283 148 10000 10000 10000
13 38 76 10000 60 91 10000 10000 10000 10000
14 145 10000 10000 10000 10000 10000 10000 81 10000
15 33 52 10000 10000 52 18 10000 10000 18
16 139 333 10000 333 10000 10000 116 116 10000
17 87 139 139 139 185 10000 10000 52 10000
18 44 105 10000 10000 10000 24 10000 10000 10000
19 173 276 10000 415 415 10000 111 145 10000
20 299 478 10000 10000 478 10000 10000 10000 10000
<precedence relations>
1,6
1,7
4,9
5,8
6,10
7,13
8,11
8,12
9,14
10,17
11,15
12,16
13,17
14,18
15,19
16,19
18,20
<end>