<number of tasks>
20
<number of stations>
10
<order strength>
0.800
<type of the robots>
4
<robot flexibility>
0.20
<collaboration flexibility>
0.20
<number of robots>
1
1
0
0
<task times>
1 542 10000 1300 10000 10000 10000 303 10000 455
2 299 10000 10000 10000 717 10000 10000 167 10000
3 152 10000 10000 334 10000 10000 10000 10000 10000
4 97 207 10000 232 10000 10000 10000 10000 10000
5 96 10000 153 10000 10000 10000 10000 80 10000
6 184 10000 10000 10000 441 10000 10000 10000 10000
7 83 10000 10000 199 10000 10000 69 10000 10000
8 112 10000 10000 10000 10000 10000 10000 10000 10000
9 139 10000 222 10000 10000 10000 10000 80 10000
10 199 10000 465 10000 10000 111 10000 10000 10000
11 103 10000 193 10000 247 10000 10000 10000 10000
12 324 10000 10000 10000 10000 10000 181 10000 10000
13 404 10000 10000 969 10000 10000 10000 10000 10000
14 298 10000 10000 10000 10000 10000 166 10000 10000
15 253 10000 10000 10000 607 10000 10000 10000 10000
16 34 10000 10000 10000 10000 19 10000 10000 10000
17 124 10000 10000 198 10000 69 10000 74 10000
18 290 10000 696 10000 696 10000 162 10000 10000
19 146 10000 350 10000 10000 10000 10000 10000 10000
20 318 10000 763 10000 10000 10000 10000 10000 10000
<precedence relations>
1,5
2,4
2,5
3,4
3,5
4,6
4,7
4,8
5,6
5,7
5,8
6,12
7,10
7,14
8,9
9,11
10,13
10,15
10,18
11,12
12,13
12,14
12,15
13,16
13,17
14,16
14,18
15,16
17,20
18,19
<end>