<number of tasks>
100
<number of stations>
50
<order strength>
0.895
<type of the robots>
4
<robot flexibility>
0.40
<collaboration flexibility>
0.40
<number of robots>
3
3
2
2
<task times>
1 250 463 10000 10000 10000 10000 140 140 10000
2 104 221 166 249 10000 10000 87 10000 10000
3 403 644 10000 10000 10000 10000 10000 338 338
4 341 818 681 10000 545 10000 10000 10000 10000
5 439 783 10000 1053 10000 10000 368 368 245
6 509 10000 1221 10000 10000 285 285 285 376
7 510 10000 10000 10000 10000 10000 428 428 10000
8 178 10000 284 10000 10000 149 99 149 10000
9 89 10000 10000 10000 10000 10000 10000 10000 74
10 206 10000 10000 395 10000 173 171 132 173
11 274 592 10000 523 438 10000 10000 153 10000
12 457 10000 1096 10000 731 10000 383 383 255
13 110 264 176 10000 176 79 10000 61 10000
14 39 10000 93 10000 10000 21 10000 10000 10000
15 69 110 110 165 10000 57 10000 10000 10000
16 190 304 10000 10000 456 106 106 10000 159
17 122 292 10000 10000 10000 68 10000 102 68
18 274 438 10000 10000 10000 230 230 10000 10000
19 464 10000 10000 10000 1030 10000 10000 10000 10000
20 116 185 255 10000 278 10000 10000 10000 10000
21 154 246 259 10000 10000 10000 86 86 118
22 178 10000 10000 10000 284 10000 99 149 10000
23 123 10000 199 196 295 68 10000 68 10000
24 51 10000 102 10000 10000 10000 10000 10000 28
25 93 217 10000 10000 10000 10000 10000 10000 63
26 138 10000 10000 10000 220 10000 115 10000 77
27 213 10000 511 10000 340 124 10000 10000 10000
28 29 47 10000 69 69 10000 10000 10000 24
29 87 10000 10000 139 208 10000 10000 48 10000
30 184 10000 10000 10000 10000 154 10000 10000 10000
31 109 10000 208 10000 10000 61 61 10000 10000
32 22 10000 10000 10000 10000 10000 18 12 18
33 40 10000 71 10000 10000 22 10000 22 10000
34 76 10000 182 182 131 10000 63 42 10000
35 311 532 10000 10000 10000 10000 174 174 10000
36 57 110 10000 10000 10000 10000 10000 10000 10000
37 477 1144 10000 10000 10000 10000 10000 267 363
38 334 10000 10000 10000 757 10000 10000 10000 10000
39 63 10000 106 100 100 52 10000 10000 10000
40 292 512 10000 492 10000 10000 163 10000 10000
41 200 480 10000 10000 10000 10000 10000 10000 168
42 101 221 161 10000 10000 84 10000 56 84
43 120 288 10000 192 196 100 10000 10000 100
44 568 1363 10000 10000 908 10000 10000 477 10000
45 100 187 10000 160 10000 84 10000 10000 10000
46 541 865 1052 1298 10000 302 347 302 302
47 89 10000 10000 10000 10000 10000 74 10000 74
48 101 242 10000 10000 10000 84 84 10000 10000
49 36 57 10000 10000 10000 10000 10000 10000 10000
50 262 628 10000 10000 431 10000 10000 197 146
51 268 10000 10000 10000 10000 10000 225 10000 10000
52 107 202 222 256 256 10000 59 10000 89
53 48 10000 10000 76 10000 40 10000 10000 10000
54 93 10000 10000 148 10000 78 52 10000 10000
55 71 10000 113 114 113 59 39 59 10000
56 71 10000 114 142 10000 10000 10000 39 59
57 29 10000 46 54 10000 10000 17 10000 10000
58 506 1087 10000 809 10000 10000 283 283 10000
59 475 760 10000 10000 1140 10000 10000 10000 399
60 313 10000 751 552 10000 262 262 10000 175
61 540 10000 10000 10000 10000 10000 10000 453 10000
62 102 10000 10000 10000 10000 57 10000 10000 57
63 140 10000 224 224 10000 10000 10000 10000 10000
64 71 10000 10000 10000 10000 10000 59 39 39
65 37 88 10000 74 10000 31 10000 10000 20
66 185 10000 296 10000 444 10000 103 10000 103
67 511 10000 10000 817 1226 10000 429 10000 429
68 122 10000 10000 10000 10000 68 102 10000 102
69 492 10000 787 787 10000 10000 10000 10000 275
70 44 10000 10000 83 10000 10000 10000 36 10000
71 113 10000 10000 10000 10000 63 10000 10000 65
72 425 10000 10000 10000 10000 357 238 238 10000
73 98 156 157 214 10000 10000 10000 10000 82
74 557 10000 891 891 10000 311 467 10000 10000
75 115 10000 10000 10000 10000 96 78 96 10000
76 124 10000 10000 297 246 10000 10000 10000 10000
77 142 10000 10000 10000 10000 10000 119 10000 10000
78 110 10000 10000 176 10000 10000 61 10000 10000
79 207 10000 355 10000 444 115 10000 10000 115
80 277 10000 10000 443 10000 10000 10000 10000 10000
81 336 10000 10000 693 697 282 10000 10000 10000
82 328 524 10000 10000 10000 193 183 10000 10000
83 275 660 660 660 10000 154 10000 10000 231
84 454 10000 970 726 10000 10000 10000 10000 10000
85 78 10000 124 10000 10000 10000 65 10000 43
86 143 10000 10000 10000 10000 90 80 80 10000
87 473 1100 1135 1135 10000 264 10000 264 397
88 178 10000 333 10000 427 10000 118 10000 10000
89 295 10000 599 10000 708 10000 247 10000 165
90 353 10000 10000 10000 564 10000 197 296 197
91 250 560 10000 10000 10000 210 10000 10000 210
92 131 10000 213 10000 276 10000 10000 98 110
93 289 10000 10000 693 10000 10000 161 242 10000
94 482 1156 10000 10000 10000 10000 10000 269 10000
95 140 10000 10000 10000 10000 10000 10000 10000 10000
96 220 500 10000 352 352 10000 10000 10000 10000
97 110 10000 264 206 176 92 10000 10000 72
98 28 67 52 67 44 10000 10000 10000 15
99 88 10000 10000 10000 193 10000 10000 10000 73
100 79 189 10000 10000 126 10000 44 44 10000
<precedence relations>
1,3
1,4
1,5
2,3
2,4
2,5
3,6
3,7
3,8
4,6
4,7
4,8
5,6
5,7
5,8
6,9
6,10
6,11
6,12
6,13
7,9
7,10
7,11
7,12
7,13
8,9
8,10
8,11
8,12
8,13
9,14
9,15
9,16
9,17
10,14
10,15
10,16
10,17
11,14
11,15
11,16
11,17
12,14
12,15
12,16
12,17
13,14
13,15
13,16
13,17
14,18
14,19
14,20
15,18
15,19
15,20
16,18
16,19
16,20
17,18
17,19
17,20
18,21
18,22
18,23
18,24
19,21
19,22
19,23
19,24
20,21
20,22
20,23
20,24
21,25
21,26
21,27
21,28
21,29
22,25
22,26
22,27
22,28
22,29
23,25
23,26
23,27
23,28
23,29
24,25
24,26
24,29
25,30
26,30
27,30
28,30
29,30
30,31
30,32
30,33
31,42
31,50
31,51
32,34
32,35
32,36
33,34
33,35
33,36
34,47
35,39
35,40
36,37
36,38
36,39
37,41
37,42
37,44
37,45
38,46
39,43
40,41
40,43
40,46
41,47
42,48
43,49
44,47
44,50
44,51
45,47
45,50
46,47
46,49
46,50
46,51
47,52
47,53
47,54
47,55
48,52
48,53
48,54
48,55
49,52
49,53
49,58
50,54
50,58
51,52
51,53
51,54
51,55
52,56
52,57
53,57
54,57
55,56
55,58
56,61
56,78
56,79
57,59
58,59
59,60
59,61
59,62
59,63
60,64
60,66
61,80
61,82
61,86
62,64
62,65
62,66
63,64
63,65
63,66
64,68
64,70
64,88
65,71
66,67
66,68
66,69
67,77
67,88
69,71
69,72
70,74
70,91
70,95
71,74
71,75
71,76
72,73
72,75
72,78
73,79
75,80
75,86
76,77
76,78
76,80
77,87
77,94
78,81
78,82
78,95
79,81
79,82
80,83
80,84
80,90
81,86
81,98
82,87
82,91
82,94
83,85
84,92
85,88
86,87
86,91
87,90
87,93
88,89
88,91
88,92
91,93
92,94
92,95
93,96
93,97
94,98
94,99
94,100
95,98
<end>