<number of tasks>
20
<number of stations>
10
<order strength>
0.200
<type of the robots>
4
<robot flexibility>
0.40
<collaboration flexibility>
0.40
<number of robots>
1
1
1
1
<task times>
1 389 721 933 933 10000 217 217 326 217
2 535 10000 856 939 10000 10000 10000 449 10000
3 582 10000 10000 10000 10000 10000 10000 10000 10000
4 701 1496 10000 10000 10000 10000 392 588 10000
5 539 10000 10000 10000 862 452 452 10000 10000
6 525 10000 10000 10000 1260 10000 294 10000 10000
7 421 751 10000 10000 798 10000 10000 10000 353
8 359 776 574 10000 771 10000 10000 10000 301
9 586 937 937 10000 10000 10000 10000 492 10000
10 554 1273 10000 10000 10000 465 10000 465 465
11 663 1591 1551 10000 10000 10000 384 10000 10000
12 664 10000 1081 10000 10000 10000 557 557 10000
13 648 1036 1109 10000 10000 461 362 10000 10000
14 618 10000 1197 10000 1483 10000 346 10000 10000
15 533 852 10000 10000 10000 10000 10000 10000 298
16 373 895 10000 10000 10000 10000 10000 10000 10000
17 379 10000 10000 909 909 10000 10000 217 10000
18 761 10000 10000 1217 1217 10000 639 10000 639
19 567 10000 10000 1360 1211 10000 10000 10000 10000
20 367 587 10000 10000 10000 10000 10000 10000 10000
<precedence relations>
1,5
2,6
2,7
4,8
5,13
7,11
8,9
8,10
8,12
11,14
12,17
13,15
13,16
15,20
16,18
17,19
<end>