<number of tasks>
20
<number of stations>
10
<order strength>
0.200
<type of the robots>
4
<robot flexibility>
0.40
<collaboration flexibility>
0.40
<number of robots>
1
1
1
1
<task times>
1 315 10000 504 10000 10000 10000 176 176 10000
2 206 381 329 10000 10000 115 10000 173 10000
3 84 10000 10000 10000 10000 10000 10000 10000 70
4 39 10000 93 10000 93 10000 32 32 21
5 85 10000 136 10000 136 10000 47 10000 71
6 185 10000 296 444 296 10000 10000 155 10000
7 178 10000 427 10000 10000 10000 10000 149 10000
8 59 125 94 10000 10000 10000 33 10000 49
9 251 10000 401 602 10000 210 10000 10000 10000
10 212 10000 495 339 10000 118 10000 122 10000
11 121 10000 227 290 193 10000 10000 67 67
12 155 10000 10000 10000 248 130 10000 130 10000
13 24 38 57 38 10000 20 10000 15 10000
14 215 10000 350 10000 516 10000 10000 180 180
15 239 10000 409 10000 382 10000 10000 10000 10000
16 82 188 10000 196 10000 10000 45 10000 10000
17 26 10000 50 10000 62 10000 14 10000 10000
18 167 400 10000 400 10000 10000 140 140 10000
19 230 10000 10000 552 10000 10000 193 10000 136
20 35 10000 84 56 10000 25 10000 10000 10000
<precedence relations>
1,5
2,6
3,7
4,8
4,9
5,11
6,12
7,10
7,13
10,14
11,15
12,16
14,18
15,17
16,19
16,20
<end>