<number of tasks>
20
<number of stations>
10
<order strength>
0.200
<type of the robots>
4
<robot flexibility>
0.20
<collaboration flexibility>
0.20
<number of robots>
1
1
0
0
<task times>
1 429 10000 686 10000 10000 10000 10000 10000 10000
2 565 10000 10000 10000 10000 316 10000 10000 10000
3 497 10000 795 10000 10000 10000 278 10000 297
4 435 10000 10000 1044 1044 10000 10000 10000 10000
5 467 10000 1120 10000 1120 10000 10000 10000 10000
6 682 10000 1091 10000 10000 10000 10000 10000 10000
7 261 10000 10000 10000 10000 218 10000 10000 10000
8 561 1346 10000 1346 10000 10000 10000 10000 471
9 430 767 10000 10000 10000 10000 240 10000 10000
10 366 791 10000 10000 10000 10000 307 10000 307
11 336 10000 631 10000 10000 10000 188 10000 10000
12 610 10000 1464 10000 10000 10000 10000 10000 341
13 499 10000 10000 10000 1197 10000 10000 10000 10000
14 621 10000 10000 10000 10000 10000 10000 10000 347
15 603 10000 10000 10000 10000 337 337 10000 10000
16 355 10000 10000 10000 568 198 10000 10000 298
17 318 10000 10000 10000 10000 10000 267 10000 10000
18 450 10000 10000 10000 10000 10000 10000 10000 252
19 369 10000 10000 10000 10000 309 309 10000 10000
20 616 1238 10000 985 10000 10000 10000 517 10000
<precedence relations>
1,6
1,8
3,7
3,9
6,10
7,11
7,12
10,15
11,16
12,13
12,14
13,19
13,20
14,18
15,17
<end>