<number of tasks>
20
<number of stations>
5
<order strength>
0.200
<type of the robots>
4
<robot flexibility>
0.40
<collaboration flexibility>
0.40
<number of robots>
1
1
0
0
<task times>
1 132 10000 316 211 10000 10000 110 73 110
2 202 10000 10000 379 10000 10000 10000 10000 10000
3 130 10000 10000 10000 10000 10000 72 10000 75
4 176 10000 10000 422 422 10000 10000 147 98
5 253 468 10000 10000 404 10000 141 10000 212
6 181 10000 10000 10000 10000 10000 10000 10000 10000
7 78 10000 156 127 10000 43 10000 10000 10000
8 167 10000 10000 286 400 10000 140 10000 10000
9 203 10000 324 10000 324 10000 10000 113 10000
10 82 175 10000 158 196 10000 45 10000 49
11 155 10000 372 10000 372 10000 10000 86 10000
12 93 10000 10000 10000 10000 10000 10000 78 10000
13 128 10000 10000 10000 307 10000 10000 107 10000
14 90 160 10000 10000 10000 10000 10000 10000 10000
15 99 10000 10000 10000 10000 10000 55 55 10000
16 63 10000 10000 10000 151 52 10000 10000 10000
17 192 415 10000 460 460 10000 107 161 10000
18 206 329 494 10000 10000 10000 10000 173 10000
19 63 10000 10000 151 100 10000 10000 52 10000
20 69 158 10000 10000 10000 10000 38 10000 10000
<precedence relations>
2,5
2,7
2,8
2,9
3,4
3,6
3,10
5,11
7,12
8,13
11,16
12,14
12,15
14,17
14,18
15,20
16,19
<end>