<number of tasks>
100
<number of stations>
50
<order strength>
0.199
<type of the robots>
4
<robot flexibility>
0.40
<collaboration flexibility>
0.40
<number of robots>
3
3
2
2
<task times>
1 469 10000 10000 10000 1125 262 10000 262 10000
2 678 10000 10000 1254 10000 566 474 10000 10000
3 472 755 755 10000 10000 264 10000 264 264
4 463 1111 10000 10000 740 388 10000 10000 10000
5 597 955 10000 10000 955 10000 501 334 10000
6 404 10000 10000 10000 10000 10000 10000 10000 339
7 450 10000 10000 1080 10000 10000 252 252 252
8 592 10000 1420 1108 10000 10000 497 10000 437
9 618 10000 10000 1483 1483 10000 10000 10000 10000
10 513 1179 10000 10000 10000 10000 287 430 287
11 538 10000 10000 1291 10000 10000 10000 10000 10000
12 653 10000 10000 1567 1567 10000 10000 10000 10000
13 428 1027 10000 684 10000 10000 10000 359 239
14 603 10000 10000 1156 10000 10000 499 10000 10000
15 623 10000 10000 10000 996 10000 10000 10000 523
16 755 1517 1802 1442 1812 634 422 10000 10000
17 640 10000 10000 1239 10000 10000 10000 10000 10000
18 421 10000 673 10000 673 10000 353 10000 10000
19 512 10000 819 10000 10000 10000 10000 430 430
20 555 10000 1223 888 10000 310 466 466 10000
21 557 10000 938 10000 1149 10000 311 311 10000
22 599 958 970 10000 10000 10000 10000 10000 503
23 522 10000 835 1252 1252 10000 10000 438 10000
24 474 10000 10000 10000 10000 10000 342 10000 265
25 442 10000 1060 10000 10000 10000 371 247 247
26 538 1291 1026 10000 10000 301 10000 451 10000
27 553 884 10000 884 10000 10000 10000 10000 372
28 532 851 10000 1276 10000 446 10000 297 297
29 223 10000 399 356 10000 124 10000 10000 10000
30 367 10000 587 10000 10000 205 308 10000 10000
31 591 1418 10000 10000 945 330 10000 10000 496
32 261 417 10000 457 10000 10000 10000 10000 146
33 506 10000 10000 815 10000 10000 283 10000 425
34 432 10000 10000 691 10000 10000 362 362 362
35 488 10000 10000 780 1171 409 273 273 10000
36 390 732 889 10000 10000 10000 218 10000 10000
37 397 10000 10000 10000 10000 10000 255 10000 10000
38 434 1041 694 10000 10000 10000 10000 10000 243
39 558 10000 10000 10000 10000 10000 10000 10000 10000
40 621 10000 10000 10000 10000 347 10000 10000 10000
41 403 10000 784 10000 10000 225 10000 10000 10000
42 560 896 10000 896 10000 358 10000 10000 10000
43 500 800 10000 10000 10000 420 420 280 10000
44 418 1003 10000 10000 10000 234 10000 10000 10000
45 472 10000 10000 10000 10000 10000 10000 10000 10000
46 469 10000 10000 10000 10000 10000 10000 10000 393
47 552 10000 1324 885 10000 463 458 10000 10000
48 456 1094 10000 729 10000 10000 10000 10000 255
49 681 1496 10000 1634 1402 572 529 10000 10000
50 636 1526 10000 1017 10000 10000 10000 10000 10000
51 429 10000 691 1029 10000 360 10000 240 360
52 383 10000 612 653 627 10000 10000 10000 10000
53 440 10000 704 10000 10000 369 10000 369 369
54 581 929 10000 10000 929 333 10000 325 488
55 535 1284 10000 1097 1284 10000 10000 10000 10000
56 573 916 10000 10000 10000 10000 320 10000 320
57 574 1377 927 918 10000 10000 327 482 10000
58 583 10000 932 10000 10000 10000 10000 10000 10000
59 546 10000 10000 877 873 305 10000 10000 305
60 495 10000 10000 10000 1188 415 277 10000 415
61 557 10000 1336 10000 10000 10000 10000 311 10000
62 444 841 10000 888 1065 372 10000 248 10000
63 376 10000 601 10000 10000 315 10000 10000 210
64 585 1257 10000 1103 1404 10000 10000 10000 10000
65 508 1219 10000 10000 10000 10000 10000 284 10000
66 576 10000 10000 921 10000 322 10000 10000 10000
67 540 10000 1296 10000 10000 10000 302 10000 453
68 509 10000 10000 10000 895 10000 10000 285 285
69 390 936 936 936 10000 327 10000 10000 218
70 564 10000 10000 902 902 10000 10000 10000 10000
71 426 681 681 1022 10000 238 10000 309 357
72 174 10000 10000 278 10000 10000 10000 10000 10000
73 356 760 10000 569 569 10000 10000 212 10000
74 396 10000 950 633 950 221 221 332 10000
75 205 492 10000 10000 486 114 10000 10000 10000
76 365 584 876 10000 584 10000 204 10000 306
77 364 10000 10000 873 10000 10000 203 10000 10000
78 553 10000 10000 884 10000 10000 464 10000 10000
79 586 1406 10000 10000 1095 10000 10000 10000 10000
80 683 10000 10000 1639 1519 382 462 10000 10000
81 692 10000 1107 1107 10000 10000 10000 529 10000
82 598 10000 1364 10000 956 502 10000 10000 414
83 664 1062 10000 10000 10000 10000 10000 10000 10000
84 806 10000 1289 10000 10000 10000 451 10000 10000
85 445 10000 10000 712 923 10000 10000 373 10000
86 582 10000 10000 10000 1396 342 10000 10000 488
87 487 10000 10000 779 10000 10000 409 272 10000
88 420 1008 744 1008 10000 235 352 10000 352
89 471 1095 1130 1130 10000 10000 263 263 10000
90 560 896 1023 10000 1344 10000 10000 10000 10000
91 329 786 10000 10000 580 10000 10000 10000 184
92 461 1034 903 10000 1106 10000 10000 387 10000
93 756 1814 10000 10000 10000 472 635 10000 10000
94 643 1462 10000 1316 10000 540 369 10000 10000
95 577 1384 10000 10000 10000 10000 10000 10000 10000
96 633 10000 10000 1519 10000 354 10000 10000 10000
97 388 931 10000 10000 10000 10000 10000 10000 10000
98 490 10000 10000 784 784 411 10000 10000 274
99 445 712 10000 10000 938 10000 326 249 10000
100 402 10000 964 754 10000 337 10000 10000 10000
<precedence relations>
1,6
2,7
2,8
2,9
2,14
2,54
2,75
3,10
3,12
3,89
4,10
4,11
5,13
5,75
6,15
7,16
8,17
9,18
10,19
10,20
10,55
10,65
10,85
11,20
11,21
11,22
12,20
13,54
15,26
16,23
17,24
18,28
19,25
20,33
21,27
21,83
21,98
21,99
22,43
22,74
22,81
22,89
23,33
24,29
25,32
26,31
26,34
26,35
27,30
27,46
28,56
28,96
28,97
29,37
30,38
31,39
32,44
33,57
33,74
34,36
34,41
34,42
34,46
35,40
35,43
35,45
36,49
37,51
38,55
39,52
40,47
41,48
41,88
42,50
42,54
42,97
43,53
43,57
45,56
45,96
47,58
48,59
49,64
50,61
51,65
52,62
53,63
54,60
54,64
54,81
54,83
55,68
56,67
57,66
57,98
58,69
59,70
60,71
61,72
62,73
63,75
64,74
65,96
66,88
66,95
69,78
70,81
71,76
72,77
73,79
74,80
74,82
75,82
75,83
75,84
75,85
76,88
77,88
78,86
79,89
80,87
81,92
82,91
82,92
85,90
85,92
85,93
86,94
87,95
88,100
89,96
89,97
90,97
90,99
92,98
92,99
<end>