<number of tasks>
50
<number of stations>
13
<order strength>
0.201
<type of the robots>
4
<robot flexibility>
0.40
<collaboration flexibility>
0.40
<number of robots>
1
1
1
0
<task times>
1 149 10000 10000 10000 10000 10000 10000 10000 10000
2 122 10000 10000 10000 10000 10000 102 102 68
3 182 337 10000 420 10000 101 10000 10000 101
4 44 10000 10000 10000 10000 10000 10000 10000 26
5 98 209 10000 10000 10000 82 57 10000 10000
6 65 10000 104 10000 10000 36 10000 36 36
7 86 10000 206 137 137 10000 10000 72 10000
8 40 10000 64 96 96 10000 10000 10000 33
9 194 10000 465 318 10000 162 10000 10000 162
10 134 214 214 284 10000 112 80 10000 10000
11 206 10000 10000 491 10000 10000 173 115 115
12 97 10000 232 10000 155 10000 10000 81 54
13 26 10000 62 41 41 10000 21 10000 21
14 156 10000 10000 249 10000 111 131 10000 87
15 188 10000 10000 414 451 10000 105 10000 10000
16 84 10000 201 201 10000 10000 10000 10000 10000
17 107 10000 171 10000 10000 10000 10000 59 10000
18 66 151 10000 10000 10000 55 10000 10000 36
19 161 10000 10000 257 386 90 10000 10000 10000
20 87 10000 10000 10000 10000 10000 10000 10000 48
21 67 107 10000 10000 10000 10000 10000 10000 10000
22 102 244 10000 10000 201 10000 85 57 85
23 151 10000 322 10000 10000 84 10000 84 10000
24 158 10000 10000 319 271 10000 10000 10000 10000
25 132 10000 211 316 316 10000 10000 10000 10000
26 97 155 155 185 171 81 81 10000 10000
27 348 10000 10000 623 10000 10000 194 10000 10000
28 123 196 10000 10000 10000 68 68 10000 10000
29 46 110 110 10000 10000 10000 10000 10000 10000
30 38 10000 60 60 10000 10000 10000 10000 21
31 194 10000 465 442 465 108 10000 162 162
32 111 177 10000 10000 202 10000 62 93 10000
33 221 353 417 10000 10000 128 10000 123 10000
34 304 711 10000 715 595 255 255 10000 170
35 45 73 10000 77 108 25 10000 25 10000
36 209 10000 334 334 10000 117 175 134 10000
37 110 188 211 10000 10000 10000 10000 10000 81
38 134 10000 214 10000 10000 10000 10000 10000 75
39 93 180 10000 10000 10000 78 10000 10000 10000
40 81 10000 193 10000 10000 10000 10000 68 10000
41 108 10000 10000 10000 10000 10000 90 90 90
42 262 628 596 509 10000 10000 220 10000 10000
43 233 10000 559 10000 436 10000 10000 195 130
44 133 233 10000 10000 10000 10000 111 10000 10000
45 368 10000 883 10000 10000 10000 10000 10000 206
46 236 566 10000 10000 10000 10000 10000 132 132
47 60 131 10000 124 144 10000 10000 10000 33
48 33 10000 52 52 10000 27 10000 10000 27
49 218 10000 10000 10000 10000 183 122 10000 183
50 33 79 79 52 61 27 24 10000 10000
<precedence relations>
1,6
2,7
3,5
3,8
3,10
3,46
4,9
4,19
5,11
6,13
7,14
8,12
10,32
11,15
12,17
13,16
14,18
14,19
14,20
14,21
14,22
14,23
15,26
16,29
17,28
18,24
18,31
18,33
19,25
20,27
20,40
21,30
21,32
24,34
25,35
26,36
27,37
28,38
29,40
30,39
30,40
34,42
35,42
36,41
37,42
40,43
41,44
42,45
42,46
43,47
43,48
43,49
43,50
<end>