<number of tasks>
100
<number of stations>
25
<order strength>
0.201
<type of the robots>
4
<robot flexibility>
0.20
<collaboration flexibility>
0.20
<number of robots>
2
1
1
1
<task times>
1 530 10000 10000 10000 10000 10000 296 10000 10000
2 616 10000 10000 10000 10000 10000 10000 10000 10000
3 538 10000 10000 10000 10000 10000 10000 10000 10000
4 496 10000 814 10000 10000 10000 10000 10000 10000
5 418 10000 10000 10000 1003 10000 10000 10000 10000
6 364 10000 10000 10000 10000 10000 10000 10000 10000
7 326 10000 10000 625 10000 10000 182 10000 10000
8 501 1084 10000 10000 10000 10000 10000 10000 10000
9 543 1303 10000 10000 1303 10000 456 347 10000
10 583 10000 932 10000 10000 10000 10000 10000 10000
11 383 10000 10000 10000 919 10000 10000 10000 10000
12 516 10000 10000 10000 10000 10000 10000 10000 10000
13 514 10000 10000 10000 10000 10000 10000 10000 10000
14 319 641 10000 510 10000 178 10000 10000 10000
15 520 10000 10000 10000 10000 10000 10000 10000 10000
16 602 963 10000 963 10000 505 10000 10000 10000
17 397 10000 875 10000 10000 10000 10000 10000 10000
18 576 1382 10000 10000 921 10000 10000 322 483
19 354 10000 10000 10000 10000 10000 10000 10000 198
20 626 10000 10000 10000 10000 10000 10000 10000 525
21 506 809 10000 886 10000 10000 283 10000 10000
22 628 10000 10000 10000 1238 351 10000 351 351
23 399 10000 10000 10000 10000 10000 10000 10000 10000
24 641 10000 10000 10000 10000 10000 10000 10000 10000
25 411 961 665 10000 10000 10000 10000 10000 345
26 454 852 10000 10000 726 10000 10000 10000 10000
27 586 10000 10000 10000 1406 328 10000 10000 10000
28 656 10000 10000 10000 1574 10000 10000 10000 10000
29 716 10000 1282 10000 10000 10000 10000 400 10000
30 547 10000 10000 1312 10000 10000 10000 10000 10000
31 528 10000 10000 10000 10000 295 443 10000 295
32 197 381 10000 10000 10000 10000 165 10000 165
33 520 1248 10000 10000 10000 10000 10000 10000 436
34 387 10000 668 10000 10000 216 216 216 10000
35 463 10000 740 740 10000 10000 259 10000 10000
36 509 1221 10000 10000 10000 10000 329 10000 10000
37 370 813 718 10000 10000 10000 10000 10000 10000
38 522 10000 1245 10000 10000 438 10000 10000 10000
39 510 10000 1085 10000 10000 428 428 10000 10000
40 529 10000 1098 10000 10000 10000 10000 10000 10000
41 632 10000 10000 10000 10000 530 10000 353 10000
42 505 1212 10000 10000 10000 10000 282 10000 10000
43 521 10000 10000 10000 10000 10000 10000 10000 10000
44 409 765 10000 10000 10000 10000 10000 229 10000
45 197 10000 10000 10000 10000 10000 10000 10000 10000
46 642 10000 10000 10000 10000 10000 539 10000 10000
47 289 10000 693 493 462 10000 10000 242 10000
48 612 10000 10000 10000 10000 10000 10000 10000 10000
49 459 10000 10000 10000 10000 257 10000 10000 385
50 516 10000 10000 1238 1238 10000 10000 10000 10000
51 535 10000 10000 856 10000 449 10000 10000 299
52 619 10000 10000 10000 10000 346 10000 10000 10000
53 411 10000 10000 10000 10000 10000 10000 345 10000
54 639 1533 1533 10000 1022 10000 357 357 10000
55 535 1014 10000 1070 10000 10000 10000 10000 449
56 666 1431 10000 10000 1598 10000 10000 10000 10000
57 234 561 561 10000 10000 196 10000 10000 10000
58 444 10000 10000 10000 710 10000 372 10000 10000
59 418 1003 10000 10000 10000 10000 234 10000 10000
60 317 10000 10000 507 10000 266 10000 10000 10000
61 842 1347 10000 10000 10000 471 10000 10000 10000
62 573 1375 10000 10000 10000 480 10000 10000 397
63 620 10000 10000 10000 10000 10000 10000 10000 10000
64 646 1033 1036 1033 10000 10000 10000 10000 542
65 524 10000 838 10000 10000 440 10000 293 10000
66 513 10000 10000 10000 10000 10000 10000 10000 430
67 490 10000 10000 10000 1176 10000 10000 10000 274
68 508 812 10000 10000 10000 10000 10000 284 10000
69 645 1032 10000 10000 10000 10000 361 10000 10000
70 394 10000 676 10000 10000 10000 10000 10000 10000
71 302 724 10000 10000 724 253 10000 10000 253
72 324 10000 777 10000 10000 10000 10000 10000 10000
73 503 10000 10000 10000 10000 296 10000 10000 10000
74 417 10000 1000 10000 10000 10000 10000 10000 10000
75 401 10000 10000 10000 10000 10000 10000 10000 224
76 546 10000 873 10000 10000 10000 10000 10000 10000
77 504 10000 10000 10000 10000 10000 10000 10000 10000
78 460 10000 1104 10000 10000 287 10000 10000 10000
79 536 10000 10000 857 1131 10000 355 10000 10000
80 392 10000 734 10000 10000 10000 10000 10000 10000
81 484 10000 10000 10000 10000 10000 10000 406 10000
82 630 10000 10000 10000 10000 10000 10000 10000 529
83 364 10000 10000 10000 10000 10000 266 203 10000
84 438 1051 10000 10000 10000 10000 10000 10000 10000
85 269 10000 10000 10000 10000 10000 10000 10000 10000
86 378 10000 10000 10000 10000 10000 10000 10000 10000
87 374 10000 10000 10000 10000 10000 10000 10000 209
88 545 10000 10000 10000 10000 10000 10000 10000 10000
89 671 10000 10000 10000 10000 10000 10000 10000 10000
90 517 10000 10000 827 10000 10000 289 434 10000
91 688 10000 10000 10000 10000 10000 385 10000 10000
92 646 1033 1550 10000 10000 10000 10000 10000 10000
93 311 10000 582 10000 10000 10000 10000 233 10000
94 405 10000 10000 10000 10000 10000 10000 10000 340
95 369 10000 829 10000 10000 10000 10000 10000 10000
96 523 10000 10000 836 10000 439 439 10000 10000
97 513 10000 10000 10000 10000 359 10000 10000 10000
98 340 10000 10000 544 10000 10000 10000 10000 10000
99 509 10000 10000 10000 10000 10000 10000 10000 10000
100 427 1024 10000 10000 10000 10000 10000 10000 239
<precedence relations>
1,17
2,17
3,40
4,11
4,12
5,8
5,9
5,13
5,14
6,15
7,10
7,16
8,17
9,17
10,17
11,17
12,22
13,19
13,26
13,27
13,81
14,18
14,20
14,24
14,25
15,71
15,96
16,21
16,23
17,28
17,29
17,30
17,31
17,32
17,33
17,34
17,35
17,36
17,37
17,38
17,39
18,40
19,40
20,40
21,40
22,41
23,42
23,44
25,45
27,43
28,54
30,88
32,97
37,72
40,46
40,47
40,48
40,49
40,50
40,51
40,52
40,53
41,55
42,56
45,91
46,58
46,62
48,79
49,61
50,66
54,57
55,60
56,59
57,65
58,64
59,63
61,67
61,68
62,66
63,69
64,71
65,70
65,72
65,74
66,73
67,79
68,75
69,76
70,78
71,83
72,77
72,80
74,81
74,100
75,79
75,82
75,84
76,88
77,86
78,87
79,85
79,91
80,89
83,90
84,96
85,92
86,93
87,95
88,94
88,96
88,97
91,99
92,99
93,99
94,98
95,99
97,100
<end>