<number of tasks>
100
<number of stations>
50
<order strength>
0.895
<type of the robots>
4
<robot flexibility>
0.20
<collaboration flexibility>
0.20
<number of robots>
5
5
5
5
<task times>
1 74 10000 10000 10000 10000 41 10000 10000 10000
2 543 10000 10000 10000 10000 454 456 304 10000
3 228 10000 10000 416 10000 10000 10000 10000 10000
4 256 10000 10000 10000 614 10000 10000 215 10000
5 152 10000 10000 10000 10000 10000 10000 10000 127
6 47 10000 10000 10000 75 26 10000 10000 10000
7 59 10000 10000 10000 10000 49 10000 10000 10000
8 199 10000 10000 10000 10000 10000 10000 10000 10000
9 182 10000 414 369 10000 10000 152 10000 10000
10 445 10000 10000 10000 911 10000 10000 10000 10000
11 152 10000 10000 10000 10000 10000 10000 10000 10000
12 48 10000 10000 115 10000 10000 10000 10000 10000
13 81 194 10000 10000 129 10000 10000 10000 10000
14 302 483 10000 483 10000 10000 10000 10000 10000
15 513 10000 1231 820 10000 10000 287 10000 10000
16 175 280 10000 10000 10000 10000 10000 10000 10000
17 39 10000 10000 10000 10000 10000 32 10000 10000
18 469 10000 10000 10000 10000 393 10000 10000 10000
19 536 10000 10000 1286 10000 10000 10000 10000 10000
20 232 10000 10000 10000 10000 10000 10000 10000 10000
21 112 10000 10000 209 10000 10000 10000 10000 10000
22 88 211 140 10000 10000 10000 10000 10000 10000
23 301 481 10000 10000 722 10000 10000 10000 10000
24 72 10000 172 10000 115 10000 10000 10000 10000
25 51 10000 81 10000 10000 10000 42 10000 10000
26 532 10000 10000 10000 10000 10000 10000 10000 10000
27 82 10000 10000 10000 167 10000 10000 45 10000
28 186 10000 10000 10000 297 104 10000 156 104
29 466 745 10000 1118 10000 10000 10000 10000 10000
30 330 10000 10000 10000 10000 10000 10000 10000 10000
31 41 77 10000 10000 10000 10000 22 34 10000
32 170 10000 10000 10000 10000 10000 10000 109 10000
33 217 10000 10000 414 10000 10000 182 10000 10000
34 519 1245 830 10000 10000 10000 10000 10000 10000
35 199 324 10000 477 10000 10000 10000 10000 10000
36 166 284 10000 10000 10000 10000 10000 139 10000
37 235 10000 10000 10000 10000 10000 131 10000 10000
38 504 806 10000 10000 10000 10000 10000 10000 10000
39 239 382 10000 10000 10000 10000 10000 10000 10000
40 201 10000 405 10000 10000 10000 10000 10000 10000
41 239 10000 10000 10000 10000 10000 10000 10000 10000
42 40 10000 10000 10000 10000 10000 10000 10000 10000
43 188 10000 10000 10000 451 10000 105 105 10000
44 426 10000 10000 10000 10000 10000 10000 10000 10000
45 89 195 10000 10000 10000 74 49 10000 10000
46 359 10000 10000 10000 10000 10000 301 10000 274
47 485 1164 10000 10000 10000 407 10000 10000 10000
48 493 10000 1183 10000 788 10000 10000 10000 10000
49 70 10000 10000 10000 10000 10000 10000 10000 58
50 474 887 10000 10000 10000 10000 398 10000 10000
51 247 10000 10000 10000 10000 10000 10000 10000 10000
52 34 10000 10000 59 10000 10000 10000 19 10000
53 148 10000 10000 10000 10000 10000 10000 10000 82
54 113 180 10000 10000 10000 10000 10000 63 10000
55 192 10000 10000 10000 10000 10000 10000 10000 10000
56 124 10000 10000 10000 10000 10000 69 10000 10000
57 249 10000 10000 10000 398 10000 10000 139 10000
58 546 10000 10000 10000 10000 10000 10000 10000 458
59 64 10000 10000 10000 10000 10000 53 10000 53
60 99 10000 192 10000 10000 10000 10000 55 10000
61 486 10000 10000 10000 10000 10000 10000 10000 10000
62 533 10000 1279 10000 10000 10000 442 10000 10000
63 230 10000 10000 10000 10000 10000 10000 10000 10000
64 38 10000 10000 10000 10000 10000 10000 10000 10000
65 137 10000 10000 10000 10000 10000 10000 10000 10000
66 271 10000 436 433 10000 10000 211 10000 10000
67 260 10000 416 416 10000 10000 10000 10000 145
68 542 10000 10000 10000 10000 10000 10000 455 10000
69 204 10000 10000 348 10000 10000 114 10000 10000
70 497 10000 803 10000 10000 10000 10000 417 10000
71 299 10000 10000 10000 10000 10000 10000 10000 10000
72 102 10000 10000 10000 10000 10000 59 10000 10000
73 139 10000 10000 10000 10000 10000 77 10000 10000
74 53 10000 10000 10000 10000 10000 10000 10000 10000
75 124 266 10000 10000 10000 10000 10000 10000 10000
76 375 10000 10000 602 10000 10000 10000 10000 10000
77 68 163 10000 136 10000 10000 10000 10000 10000
78 108 259 259 10000 259 10000 10000 10000 60
79 133 319 10000 10000 10000 10000 10000 10000 10000
80 205 10000 10000 10000 10000 10000 10000 10000 10000
81 537 1288 10000 10000 1288 10000 10000 10000 10000
82 199 318 10000 10000 10000 111 111 10000 10000
83 559 10000 10000 10000 10000 10000 469 10000 10000
84 264 10000 10000 10000 10000 10000 10000 10000 10000
85 268 643 10000 428 10000 10000 10000 10000 10000
86 296 473 10000 10000 10000 10000 10000 10000 10000
87 228 10000 10000 10000 10000 10000 10000 10000 10000
88 190 10000 10000 456 10000 10000 106 10000 106
89 236 377 10000 10000 10000 10000 10000 10000 10000
90 54 86 10000 129 129 10000 30 10000 10000
91 275 10000 10000 10000 10000 231 10000 10000 10000
92 150 10000 10000 10000 10000 84 10000 10000 10000
93 286 10000 10000 10000 10000 10000 10000 10000 240
94 300 10000 10000 10000 480 10000 10000 168 168
95 223 10000 10000 10000 10000 10000 10000 10000 10000
96 33 10000 10000 10000 10000 10000 10000 10000 10000
97 216 10000 371 10000 10000 10000 10000 10000 10000
98 171 10000 10000 10000 10000 10000 10000 10000 10000
99 493 10000 1183 10000 10000 10000 10000 10000 10000
100 64 102 10000 102 10000 10000 10000 10000 10000
<precedence relations>
1,5
1,6
1,7
2,5
2,6
2,7
3,5
3,6
3,7
4,5
4,6
4,7
5,8
5,9
6,8
6,9
7,8
7,9
8,10
8,11
8,12
8,13
9,10
9,11
9,12
9,13
10,14
10,15
11,14
11,15
12,14
12,15
13,14
13,15
14,16
14,17
15,16
15,17
16,18
16,19
16,20
16,21
16,22
17,18
17,19
17,20
17,21
17,22
18,23
18,24
18,25
19,23
19,24
19,25
20,23
20,24
20,25
21,23
21,24
21,25
22,23
22,24
22,25
23,26
23,27
23,28
24,26
24,27
24,28
25,26
25,27
25,28
26,29
26,30
26,31
27,29
27,30
27,31
28,29
28,30
28,31
29,32
29,33
29,34
30,32
30,33
30,34
31,32
31,33
31,34
32,35
32,36
33,35
33,36
34,35
34,36
35,37
35,38
35,39
35,40
36,37
36,38
36,39
36,40
37,41
37,42
37,43
38,41
38,42
39,41
39,42
39,43
40,41
40,42
40,43
41,44
41,45
41,46
41,47
42,44
42,45
43,44
43,45
43,46
43,47
44,48
44,49
44,50
44,51
45,48
45,49
45,51
46,48
46,50
47,68
47,69
47,72
48,52
49,52
50,52
51,52
52,53
52,54
53,55
53,56
53,57
54,55
54,56
54,59
55,58
55,60
55,61
55,70
56,64
57,59
58,75
58,76
58,77
58,78
59,62
59,63
59,64
60,90
60,93
60,95
61,63
61,68
62,66
62,68
63,65
63,66
63,67
64,65
64,66
64,67
64,68
64,69
65,77
66,71
66,72
66,76
67,73
67,74
68,74
68,90
69,70
69,77
69,78
70,74
70,75
70,76
70,79
70,80
71,77
71,78
71,79
71,80
72,74
73,75
73,91
73,94
73,95
74,95
75,81
75,86
76,82
76,93
77,82
77,83
78,94
79,85
79,94
80,81
80,83
81,85
81,97
82,86
82,95
83,84
84,88
84,89
84,90
85,93
86,87
87,100
89,91
89,93
89,94
89,95
90,92
90,94
90,96
91,96
92,97
92,99
94,99
94,100
95,98
<end>