<number of tasks>
50
<number of stations>
13
<order strength>
0.201
<type of the robots>
4
<robot flexibility>
0.40
<collaboration flexibility>
0.40
<number of robots>
1
1
1
0
<task times>
1 697 1291 10000 1664 1115 10000 416 10000 390
2 556 1186 10000 889 10000 10000 467 467 10000
3 374 598 10000 598 598 209 314 10000 10000
4 468 1123 10000 1123 10000 393 10000 10000 10000
5 182 10000 10000 10000 10000 10000 152 10000 10000
6 344 10000 825 550 10000 10000 192 288 10000
7 392 10000 10000 10000 10000 10000 329 10000 219
8 634 1014 10000 1397 10000 532 355 10000 10000
9 147 337 10000 10000 274 105 123 10000 123
10 510 1224 1224 859 816 10000 10000 10000 10000
11 522 835 835 10000 10000 10000 438 10000 292
12 678 10000 10000 10000 10000 379 379 10000 10000
13 579 926 10000 938 10000 10000 10000 10000 486
14 286 10000 10000 10000 10000 240 160 160 10000
15 484 10000 774 774 774 271 10000 10000 406
16 462 10000 10000 1108 10000 258 258 333 258
17 360 864 10000 10000 576 10000 10000 10000 10000
18 535 10000 10000 1021 10000 299 449 10000 449
19 720 1728 1728 1290 10000 10000 10000 10000 604
20 520 832 10000 10000 834 291 291 10000 10000
21 693 10000 1307 1108 1108 10000 10000 10000 388
22 469 750 1125 10000 1125 10000 10000 10000 10000
23 594 1389 1382 10000 10000 10000 10000 10000 498
24 366 10000 10000 10000 10000 212 10000 10000 204
25 312 10000 499 10000 616 10000 10000 10000 174
26 616 1003 10000 10000 10000 10000 10000 10000 10000
27 435 744 836 10000 771 365 10000 10000 10000
28 568 908 10000 1295 10000 363 318 477 477
29 587 939 10000 1408 10000 10000 10000 10000 10000
30 463 10000 1038 10000 1111 10000 10000 388 388
31 473 1135 1135 796 864 397 397 10000 264
32 638 10000 1451 10000 10000 357 10000 10000 10000
33 549 10000 1317 10000 10000 461 10000 10000 461
34 287 688 10000 10000 10000 10000 10000 10000 10000
35 340 747 772 10000 666 10000 10000 10000 10000
36 639 10000 1022 1022 10000 536 536 10000 367
37 412 10000 988 10000 10000 346 10000 10000 10000
38 568 10000 1312 10000 10000 477 10000 10000 416
39 549 10000 10000 1065 10000 10000 307 307 307
40 390 10000 779 10000 936 224 10000 218 218
41 364 10000 873 868 10000 10000 10000 10000 10000
42 360 864 10000 10000 10000 10000 10000 233 201
43 371 10000 10000 10000 10000 10000 10000 10000 10000
44 545 872 10000 1160 10000 10000 10000 10000 10000
45 512 10000 819 10000 947 10000 286 10000 10000
46 680 1632 1632 1632 10000 10000 10000 10000 10000
47 556 889 10000 10000 10000 10000 10000 10000 10000
48 542 1300 10000 873 10000 10000 10000 10000 10000
49 595 952 976 10000 1428 10000 10000 462 10000
50 295 708 627 10000 10000 10000 10000 165 165
<precedence relations>
1,35
2,7
3,9
4,8
4,11
5,10
5,13
6,12
7,14
8,15
9,17
10,19
11,18
12,16
14,35
15,24
16,22
16,27
17,21
17,23
17,26
18,20
19,25
20,35
21,35
22,29
23,30
23,34
24,32
26,31
26,33
27,28
28,35
29,37
30,36
32,39
33,38
33,40
35,41
35,42
35,43
35,44
35,45
36,46
37,47
37,49
40,48
41,50
<end>