<number of tasks>
50
<number of stations>
25
<order strength>
0.201
<type of the robots>
4
<robot flexibility>
0.20
<collaboration flexibility>
0.20
<number of robots>
2
1
1
1
<task times>
1 697 10000 10000 1664 1115 10000 10000 10000 10000
2 556 10000 10000 889 10000 10000 10000 467 10000
3 374 598 10000 10000 10000 10000 10000 10000 10000
4 468 1123 10000 1123 10000 10000 10000 10000 10000
5 182 10000 10000 10000 10000 10000 10000 10000 10000
6 344 10000 10000 550 10000 10000 10000 288 10000
7 392 10000 10000 10000 10000 10000 329 10000 10000
8 634 1014 10000 1397 10000 10000 355 10000 10000
9 147 337 10000 10000 274 10000 10000 10000 10000
10 510 10000 10000 10000 10000 10000 10000 10000 10000
11 522 835 10000 10000 10000 10000 438 10000 292
12 678 10000 10000 10000 10000 379 379 10000 10000
13 579 926 10000 938 10000 10000 10000 10000 10000
14 286 10000 10000 10000 10000 10000 160 160 10000
15 484 10000 774 774 10000 271 10000 10000 10000
16 462 10000 10000 1108 10000 10000 258 10000 258
17 360 864 10000 10000 10000 10000 10000 10000 10000
18 535 10000 10000 10000 10000 299 10000 10000 449
19 720 10000 1728 10000 10000 10000 10000 10000 10000
20 520 10000 10000 10000 834 291 10000 10000 10000
21 693 10000 10000 10000 10000 10000 10000 10000 10000
22 469 750 1125 10000 10000 10000 10000 10000 10000
23 594 10000 1382 10000 10000 10000 10000 10000 498
24 366 10000 10000 10000 10000 212 10000 10000 204
25 312 10000 499 10000 10000 10000 10000 10000 10000
26 616 1003 10000 10000 10000 10000 10000 10000 10000
27 435 744 10000 10000 771 365 10000 10000 10000
28 568 908 10000 1295 10000 10000 318 477 477
29 587 939 10000 1408 10000 10000 10000 10000 10000
30 463 10000 10000 10000 1111 10000 10000 388 388
31 473 10000 10000 796 10000 10000 10000 10000 264
32 638 10000 1451 10000 10000 357 10000 10000 10000
33 549 10000 1317 10000 10000 461 10000 10000 10000
34 287 10000 10000 10000 10000 10000 10000 10000 10000
35 340 10000 772 10000 666 10000 10000 10000 10000
36 639 10000 10000 1022 10000 10000 536 10000 367
37 412 10000 988 10000 10000 10000 10000 10000 10000
38 568 10000 10000 10000 10000 10000 10000 10000 416
39 549 10000 10000 10000 10000 10000 307 10000 307
40 390 10000 779 10000 10000 224 10000 218 10000
41 364 10000 10000 10000 10000 10000 10000 10000 10000
42 360 10000 10000 10000 10000 10000 10000 233 10000
43 371 10000 10000 10000 10000 10000 10000 10000 10000
44 545 10000 10000 1160 10000 10000 10000 10000 10000
45 512 10000 10000 10000 10000 10000 10000 10000 10000
46 680 10000 1632 1632 10000 10000 10000 10000 10000
47 556 889 10000 10000 10000 10000 10000 10000 10000
48 542 1300 10000 873 10000 10000 10000 10000 10000
49 595 952 976 10000 1428 10000 10000 462 10000
50 295 10000 10000 10000 10000 10000 10000 10000 165
<precedence relations>
1,35
2,7
3,9
4,8
4,11
5,10
5,13
6,12
7,14
8,15
9,17
10,19
11,18
12,16
14,35
15,24
16,22
16,27
17,21
17,23
17,26
18,20
19,25
20,35
21,35
22,29
23,30
23,34
24,32
26,31
26,33
27,28
28,35
29,37
30,36
32,39
33,38
33,40
35,41
35,42
35,43
35,44
35,45
36,46
37,47
37,49
40,48
41,50
<end>