<number of tasks>
100
<number of stations>
50
<order strength>
0.895
<type of the robots>
4
<robot flexibility>
0.20
<collaboration flexibility>
0.20
<number of robots>
5
5
5
5
<task times>
1 63 10000 151 10000 10000 10000 10000 10000 35
2 171 273 10000 10000 10000 10000 10000 10000 95
3 68 10000 10000 10000 10000 10000 10000 10000 10000
4 73 10000 116 10000 10000 10000 10000 10000 61
5 60 10000 10000 10000 96 10000 10000 10000 10000
6 269 10000 10000 430 10000 10000 10000 10000 10000
7 24 10000 10000 10000 10000 10000 10000 10000 10000
8 128 10000 210 10000 10000 10000 10000 10000 10000
9 133 10000 10000 10000 10000 10000 10000 10000 99
10 186 446 10000 10000 10000 10000 10000 10000 10000
11 153 10000 10000 367 10000 10000 10000 10000 10000
12 40 10000 10000 96 10000 33 10000 10000 10000
13 33 66 10000 10000 10000 18 10000 10000 10000
14 284 454 10000 681 10000 10000 159 10000 10000
15 148 10000 10000 10000 10000 10000 10000 10000 10000
16 129 10000 10000 10000 10000 108 10000 10000 108
17 109 10000 10000 10000 10000 61 61 10000 10000
18 69 110 10000 10000 10000 10000 57 10000 57
19 43 10000 10000 10000 10000 10000 10000 10000 10000
20 115 276 10000 276 10000 64 10000 10000 10000
21 297 475 10000 10000 10000 10000 10000 10000 10000
22 84 10000 10000 10000 10000 49 10000 10000 10000
23 97 10000 10000 10000 10000 10000 10000 10000 10000
24 154 10000 259 10000 369 10000 10000 10000 10000
25 113 10000 183 10000 10000 10000 10000 70 10000
26 241 10000 10000 10000 10000 10000 10000 10000 10000
27 55 128 10000 10000 10000 10000 10000 10000 10000
28 107 10000 256 10000 10000 59 10000 89 10000
29 191 10000 10000 10000 10000 10000 138 10000 10000
30 320 512 10000 10000 10000 205 10000 10000 10000
31 134 214 10000 10000 214 10000 10000 10000 10000
32 80 10000 10000 10000 128 10000 10000 44 10000
33 109 10000 10000 10000 10000 10000 10000 10000 61
34 260 10000 10000 10000 10000 10000 10000 10000 10000
35 173 10000 10000 10000 10000 10000 10000 10000 10000
36 100 10000 10000 161 10000 10000 10000 10000 10000
37 157 10000 10000 10000 309 87 10000 10000 10000
38 330 10000 570 528 10000 277 10000 10000 10000
39 29 10000 46 10000 10000 10000 10000 10000 24
40 65 10000 126 10000 10000 10000 10000 10000 10000
41 294 10000 10000 10000 10000 246 10000 10000 10000
42 25 10000 59 10000 10000 21 10000 10000 10000
43 109 10000 10000 174 261 10000 10000 61 10000
44 124 10000 10000 10000 297 10000 10000 10000 69
45 237 10000 10000 10000 10000 132 10000 10000 10000
46 192 10000 398 10000 10000 10000 10000 107 10000
47 254 609 10000 10000 10000 10000 10000 10000 10000
48 27 10000 10000 64 55 10000 10000 10000 10000
49 98 156 10000 10000 10000 10000 10000 10000 10000
50 85 204 10000 10000 10000 10000 47 10000 10000
51 218 413 10000 371 523 10000 10000 183 10000
52 118 10000 10000 10000 193 10000 10000 10000 10000
53 387 10000 10000 793 10000 10000 10000 325 216
54 110 10000 205 10000 176 10000 10000 10000 10000
55 49 10000 10000 10000 10000 10000 10000 10000 10000
56 119 10000 10000 10000 10000 10000 99 10000 10000
57 71 10000 10000 114 10000 10000 10000 10000 10000
58 321 10000 10000 10000 10000 10000 10000 10000 10000
59 34 10000 10000 10000 10000 10000 10000 10000 10000
60 209 10000 501 418 10000 10000 10000 10000 117
61 253 10000 10000 477 10000 212 212 10000 212
62 167 400 400 10000 400 10000 10000 10000 10000
63 125 10000 10000 10000 10000 10000 10000 10000 10000
64 104 10000 10000 10000 10000 10000 10000 10000 10000
65 209 10000 10000 334 334 10000 10000 10000 10000
66 338 10000 10000 596 811 10000 189 10000 10000
67 126 10000 10000 10000 10000 10000 10000 10000 10000
68 51 10000 10000 10000 10000 10000 10000 28 10000
69 146 10000 10000 350 10000 10000 10000 10000 10000
70 78 10000 10000 10000 10000 43 65 10000 10000
71 89 142 10000 142 142 10000 10000 10000 10000
72 202 10000 10000 10000 10000 10000 10000 10000 113
73 141 225 10000 10000 225 118 10000 10000 10000
74 115 184 10000 10000 184 10000 10000 10000 10000
75 137 328 10000 10000 10000 10000 10000 115 10000
76 231 10000 369 10000 10000 194 10000 138 194
77 107 10000 10000 10000 10000 10000 10000 10000 89
78 69 10000 10000 110 10000 10000 10000 10000 10000
79 423 10000 10000 10000 10000 10000 10000 10000 10000
80 109 10000 187 10000 10000 10000 10000 91 10000
81 49 78 10000 10000 10000 10000 10000 10000 10000
82 68 10000 10000 10000 10000 10000 10000 10000 10000
83 166 10000 10000 10000 10000 10000 92 10000 10000
84 136 10000 290 326 10000 76 10000 10000 10000
85 180 10000 288 10000 288 10000 10000 10000 151
86 132 10000 241 10000 10000 10000 10000 73 10000
87 124 10000 10000 10000 10000 10000 10000 10000 10000
88 211 10000 10000 506 10000 10000 10000 118 118
89 154 10000 301 10000 10000 129 10000 10000 107
90 200 10000 480 10000 10000 10000 10000 10000 10000
91 56 10000 10000 10000 104 10000 10000 10000 10000
92 206 10000 10000 329 10000 10000 10000 173 10000
93 266 604 10000 10000 552 10000 148 10000 223
94 201 10000 10000 482 10000 10000 10000 10000 10000
95 83 132 10000 10000 10000 10000 10000 10000 10000
96 225 540 10000 10000 10000 10000 10000 10000 10000
97 139 10000 10000 10000 10000 116 116 10000 77
98 216 10000 10000 10000 518 10000 120 10000 10000
99 256 10000 10000 10000 10000 10000 10000 10000 10000
100 114 227 10000 10000 10000 10000 10000 95 63
<precedence relations>
1,13
2,5
2,6
2,7
2,8
2,9
3,5
3,6
3,7
3,8
3,9
4,5
4,8
4,9
5,10
5,11
5,12
5,13
6,10
6,11
6,12
6,13
7,10
7,11
7,12
7,13
8,10
8,11
8,12
8,13
9,10
9,11
9,12
9,13
10,14
10,15
10,16
11,14
11,15
11,16
12,14
12,15
12,16
13,14
13,15
13,16
14,17
14,18
15,17
15,18
16,17
16,18
17,19
17,20
17,21
17,22
18,19
18,20
18,21
18,22
19,23
19,24
19,25
19,26
20,23
20,24
20,25
20,26
21,23
21,24
21,25
21,26
22,23
22,24
22,25
22,26
23,27
23,28
24,27
24,28
25,27
25,28
26,27
26,28
27,29
27,30
27,31
27,32
28,29
28,30
28,31
28,32
29,33
29,34
30,33
30,34
31,33
31,34
32,33
32,34
33,35
33,36
33,37
33,38
34,35
34,36
34,37
34,38
35,39
35,40
35,41
35,42
35,43
36,39
36,40
36,41
36,42
36,43
37,39
37,40
37,41
37,42
37,43
38,39
38,40
38,41
38,42
38,43
39,44
39,45
39,46
39,47
39,48
40,44
40,45
40,46
40,47
40,48
41,44
41,45
41,46
42,45
42,47
42,49
43,44
43,45
43,46
44,61
45,51
45,52
46,49
46,50
46,51
46,52
47,50
47,51
47,52
48,49
49,54
49,55
49,57
50,53
50,56
50,57
51,84
51,85
51,86
52,53
52,54
52,55
52,56
52,57
53,58
53,59
53,60
54,58
54,59
54,60
55,58
55,59
55,60
56,58
56,59
56,60
57,58
57,59
57,60
58,61
58,62
59,61
59,62
60,61
60,62
61,63
61,64
62,63
62,64
63,65
63,66
63,67
64,80
64,94
65,68
65,89
65,92
66,69
67,69
68,70
68,71
68,74
68,83
68,96
69,72
69,73
69,74
70,78
71,75
72,76
72,77
73,78
73,84
74,76
74,86
74,94
76,80
77,79
77,81
78,81
79,82
79,83
81,94
82,84
82,85
82,86
84,87
84,88
84,89
84,90
85,88
85,90
87,91
87,92
88,93
89,91
89,99
91,95
91,98
92,94
93,94
93,95
93,96
94,97
94,98
94,99
95,100
96,99
<end>