<number of tasks>
100
<number of stations>
25
<order strength>
0.201
<type of the robots>
4
<robot flexibility>
0.40
<collaboration flexibility>
0.40
<number of robots>
2
1
1
1
<task times>
1 571 10000 10000 1069 1072 10000 479 10000 319
2 468 867 10000 10000 10000 10000 393 10000 393
3 839 10000 2013 10000 10000 10000 10000 555 10000
4 421 898 1010 10000 1010 235 10000 10000 10000
5 553 10000 10000 10000 10000 10000 10000 10000 10000
6 448 800 10000 909 10000 376 10000 10000 10000
7 605 1309 10000 987 10000 10000 338 10000 10000
8 673 1076 10000 1615 10000 10000 10000 10000 376
9 401 10000 10000 10000 10000 10000 10000 10000 224
10 497 10000 795 919 10000 417 10000 278 278
11 417 10000 10000 1000 1000 10000 10000 233 308
12 677 10000 10000 10000 10000 10000 568 10000 10000
13 458 10000 10000 857 1099 10000 10000 10000 256
14 492 1130 10000 787 10000 350 413 10000 10000
15 460 10000 919 10000 10000 386 10000 386 10000
16 440 10000 1056 989 704 10000 10000 10000 246
17 537 859 859 10000 1288 300 300 451 10000
18 327 10000 784 10000 10000 183 10000 274 274
19 482 1156 10000 1156 771 404 404 10000 10000
20 561 897 10000 10000 10000 10000 314 314 471
21 468 10000 1117 1123 10000 10000 10000 290 393
22 430 10000 10000 833 10000 240 356 10000 10000
23 380 608 10000 10000 10000 212 212 233 10000
24 499 10000 798 798 10000 419 419 10000 10000
25 662 1059 10000 1588 1365 370 10000 10000 10000
26 727 1700 10000 1163 10000 10000 407 10000 10000
27 384 10000 10000 921 10000 10000 10000 10000 10000
28 578 10000 1387 10000 10000 10000 10000 485 10000
29 560 10000 10000 896 1344 10000 470 313 10000
30 694 10000 1110 1558 10000 402 388 10000 10000
31 455 10000 10000 10000 728 10000 10000 10000 254
32 672 10000 10000 1117 1075 10000 376 10000 10000
33 488 10000 10000 10000 10000 10000 273 10000 273
34 526 10000 10000 10000 10000 10000 10000 10000 441
35 273 444 551 655 538 10000 10000 10000 152
36 486 10000 10000 777 1166 408 10000 10000 408
37 409 10000 981 716 10000 10000 343 229 10000
38 481 10000 918 10000 10000 10000 269 269 404
39 602 10000 1078 10000 10000 10000 10000 10000 458
40 648 10000 10000 1044 10000 362 10000 10000 10000
41 552 10000 10000 10000 955 10000 463 463 10000
42 458 10000 10000 10000 10000 10000 384 256 10000
43 433 741 10000 692 10000 242 242 10000 10000
44 558 10000 10000 10000 10000 357 10000 312 10000
45 593 10000 10000 10000 10000 10000 10000 10000 10000
46 617 10000 10000 10000 10000 518 518 345 10000
47 569 10000 910 10000 10000 10000 318 10000 477
48 446 1070 10000 10000 10000 249 249 10000 10000
49 318 10000 10000 10000 10000 267 10000 178 178
50 515 10000 999 825 1236 10000 10000 432 10000
51 536 1286 10000 857 1286 10000 10000 300 10000
52 632 1388 1508 1516 10000 10000 10000 10000 10000
53 364 10000 10000 10000 595 305 236 274 10000
54 594 1425 10000 1425 950 498 10000 10000 498
55 405 972 862 10000 972 10000 340 10000 226
56 527 986 1094 10000 10000 10000 295 10000 10000
57 524 838 10000 838 10000 10000 10000 10000 293
58 814 10000 10000 1302 10000 10000 10000 10000 10000
59 416 998 665 10000 10000 232 10000 10000 349
60 439 702 702 10000 10000 10000 10000 10000 368
61 598 1435 10000 960 10000 502 334 502 502
62 633 1200 1012 10000 10000 10000 354 10000 354
63 263 10000 10000 526 10000 10000 150 10000 10000
64 553 10000 10000 10000 10000 10000 309 10000 464
65 547 10000 1312 1032 875 10000 459 306 10000
66 507 10000 811 10000 1216 425 425 10000 10000
67 350 10000 10000 560 616 10000 10000 196 196
68 361 10000 10000 637 577 303 10000 10000 202
69 641 10000 10000 10000 1025 538 10000 10000 10000
70 364 782 10000 10000 10000 305 203 10000 305
71 606 10000 10000 969 10000 10000 339 509 10000
72 621 993 10000 10000 10000 347 10000 347 10000
73 546 10000 873 1105 1310 457 10000 458 10000
74 417 1000 10000 10000 10000 233 10000 10000 10000
75 451 1082 10000 10000 1069 10000 10000 10000 378
76 526 841 1262 10000 10000 294 10000 10000 10000
77 310 10000 10000 496 10000 10000 260 10000 10000
78 626 10000 10000 1001 1001 10000 10000 10000 525
79 587 939 942 1112 1096 10000 10000 10000 328
80 443 10000 10000 971 10000 10000 10000 10000 307
81 424 10000 10000 10000 10000 10000 10000 237 10000
82 444 10000 10000 10000 921 10000 10000 10000 10000
83 427 10000 683 10000 10000 10000 239 358 10000
84 264 10000 10000 10000 633 10000 221 147 221
85 565 904 10000 10000 10000 10000 382 474 474
86 425 1020 10000 10000 1020 10000 357 10000 10000
87 295 10000 506 10000 520 247 10000 165 10000
88 528 10000 10000 1089 1267 10000 295 295 10000
89 553 884 10000 10000 884 10000 10000 10000 309
90 682 1636 1636 10000 10000 10000 10000 381 10000
91 585 10000 1037 10000 936 10000 10000 491 474
92 360 837 10000 10000 10000 10000 10000 201 10000
93 330 10000 792 10000 10000 10000 10000 184 10000
94 790 10000 10000 10000 10000 10000 662 10000 10000
95 429 686 10000 1029 1029 10000 10000 360 10000
96 490 942 10000 1176 10000 10000 274 10000 274
97 611 977 10000 10000 10000 10000 10000 457 10000
98 574 1371 10000 10000 10000 338 10000 482 10000
99 537 1204 10000 10000 1288 451 300 300 10000
100 332 10000 796 531 648 10000 10000 10000 10000
<precedence relations>
1,72
2,12
3,13
4,14
5,15
6,16
7,11
8,9
8,10
9,60
10,72
11,72
12,19
13,21
14,18
15,17
15,20
15,22
15,25
16,23
16,24
17,28
18,26
19,30
20,29
20,32
20,53
21,55
23,33
23,34
23,35
24,27
24,31
24,36
26,60
27,60
28,37
29,39
30,41
31,40
31,43
31,45
32,42
32,44
34,46
35,38
36,47
37,60
38,72
39,50
40,49
40,54
42,48
43,53
45,52
47,51
48,60
49,57
50,56
51,55
52,58
52,59
55,60
56,60
57,63
58,61
58,62
58,66
59,64
59,65
60,67
60,68
60,69
60,70
60,71
60,75
61,72
62,72
63,73
65,74
65,76
66,77
67,82
70,84
71,86
72,78
72,79
72,80
72,81
74,83
76,85
78,87
78,90
80,91
82,88
83,89
84,92
87,93
88,94
89,95
90,96
90,99
91,97
92,98
92,100
<end>