<number of tasks>
100
<number of stations>
50
<order strength>
0.895
<type of the robots>
4
<robot flexibility>
0.20
<collaboration flexibility>
0.20
<number of robots>
3
3
2
2
<task times>
1 512 10000 10000 10000 10000 10000 10000 10000 10000
2 501 1069 1202 10000 10000 10000 10000 10000 10000
3 542 10000 889 867 10000 10000 10000 10000 10000
4 591 10000 10000 10000 10000 330 496 10000 10000
5 423 755 10000 10000 10000 355 10000 10000 355
6 485 10000 10000 10000 10000 271 10000 10000 10000
7 631 10000 1514 10000 10000 530 10000 10000 10000
8 450 10000 10000 10000 720 10000 10000 10000 10000
9 338 10000 540 540 10000 10000 10000 10000 189
10 394 10000 10000 10000 802 10000 10000 10000 10000
11 324 777 10000 10000 10000 10000 272 10000 10000
12 393 10000 662 10000 10000 10000 10000 10000 10000
13 541 10000 10000 1298 10000 10000 10000 454 10000
14 519 10000 10000 10000 1245 10000 10000 10000 10000
15 370 10000 10000 10000 888 310 10000 10000 10000
16 312 10000 10000 10000 499 10000 10000 10000 10000
17 308 10000 10000 10000 739 10000 258 10000 10000
18 709 1134 1431 10000 10000 10000 10000 439 397
19 372 10000 10000 10000 10000 10000 10000 10000 10000
20 528 10000 10000 10000 10000 295 295 323 10000
21 581 10000 10000 10000 10000 10000 10000 371 10000
22 578 10000 10000 10000 10000 10000 10000 10000 485
23 752 10000 10000 10000 10000 631 10000 10000 10000
24 505 10000 10000 10000 10000 10000 10000 10000 10000
25 460 10000 10000 10000 10000 10000 10000 10000 10000
26 568 10000 10000 1363 10000 10000 10000 10000 10000
27 601 10000 10000 10000 10000 10000 10000 10000 10000
28 475 10000 10000 10000 10000 10000 10000 10000 399
29 447 10000 10000 10000 715 10000 250 10000 10000
30 675 10000 1620 10000 10000 378 10000 10000 378
31 501 801 10000 10000 10000 420 10000 10000 280
32 503 10000 804 10000 10000 10000 10000 10000 338
33 280 10000 10000 10000 10000 10000 10000 10000 156
34 615 10000 10000 10000 10000 10000 10000 10000 10000
35 548 10000 10000 876 10000 10000 10000 306 460
36 325 10000 10000 10000 10000 10000 10000 10000 10000
37 675 10000 10000 1620 10000 10000 10000 566 10000
38 434 706 10000 10000 10000 243 10000 10000 10000
39 580 10000 10000 928 10000 324 10000 10000 487
40 304 10000 10000 10000 10000 10000 10000 10000 10000
41 363 10000 10000 580 10000 10000 10000 10000 10000
42 477 10000 10000 10000 10000 305 10000 267 10000
43 573 1375 10000 10000 10000 481 10000 10000 436
44 583 10000 10000 10000 10000 10000 10000 10000 10000
45 534 10000 10000 861 10000 10000 10000 10000 10000
46 644 1545 10000 10000 10000 10000 10000 360 10000
47 351 10000 842 10000 561 10000 10000 10000 10000
48 472 10000 10000 10000 10000 10000 367 10000 396
49 352 844 563 10000 10000 10000 10000 10000 10000
50 560 10000 10000 10000 10000 470 10000 10000 10000
51 566 10000 10000 905 10000 10000 316 10000 10000
52 421 10000 10000 10000 10000 10000 10000 10000 235
53 456 853 10000 10000 10000 10000 10000 10000 383
54 325 10000 10000 10000 10000 182 10000 10000 182
55 619 10000 10000 10000 1018 10000 10000 346 10000
56 603 10000 10000 10000 1447 10000 10000 10000 10000
57 428 10000 10000 10000 10000 10000 10000 10000 10000
58 724 10000 10000 10000 10000 10000 10000 10000 10000
59 575 10000 1075 10000 10000 343 483 10000 10000
60 637 1528 10000 10000 10000 10000 10000 10000 10000
61 586 10000 10000 10000 10000 492 328 440 10000
62 323 775 10000 775 10000 10000 10000 10000 10000
63 741 10000 10000 10000 10000 10000 10000 10000 414
64 446 10000 1070 10000 10000 10000 10000 10000 10000
65 711 10000 1706 10000 10000 398 10000 10000 597
66 568 908 10000 10000 1363 477 10000 10000 10000
67 567 10000 10000 10000 10000 10000 10000 317 10000
68 406 10000 649 10000 10000 10000 10000 10000 10000
69 510 10000 10000 10000 10000 10000 10000 285 10000
70 610 10000 10000 1151 976 341 10000 10000 10000
71 406 10000 10000 10000 10000 227 10000 10000 10000
72 457 10000 10000 10000 10000 10000 10000 10000 383
73 480 10000 768 10000 10000 403 10000 10000 403
74 490 10000 10000 784 10000 10000 10000 10000 10000
75 546 10000 10000 10000 10000 10000 305 10000 458
76 435 10000 10000 10000 10000 10000 243 10000 243
77 505 808 10000 10000 10000 424 10000 10000 10000
78 522 10000 10000 10000 10000 10000 10000 10000 10000
79 412 10000 10000 10000 10000 10000 10000 346 286
80 489 10000 10000 10000 10000 10000 10000 10000 10000
81 540 1296 10000 10000 10000 10000 10000 10000 10000
82 522 1214 896 10000 10000 10000 10000 10000 10000
83 543 10000 10000 10000 10000 10000 10000 10000 456
84 341 545 818 545 10000 10000 10000 10000 190
85 558 10000 10000 10000 10000 10000 312 10000 10000
86 482 10000 10000 10000 10000 10000 10000 10000 10000
87 444 10000 10000 1065 10000 372 10000 10000 10000
88 415 944 10000 664 10000 348 348 10000 348
89 325 780 520 10000 10000 10000 10000 249 10000
90 320 768 10000 512 10000 10000 179 10000 10000
91 676 10000 10000 10000 10000 10000 10000 10000 10000
92 652 1043 1221 10000 10000 547 10000 365 10000
93 628 1255 10000 10000 10000 10000 10000 351 10000
94 564 10000 10000 10000 10000 10000 373 473 10000
95 447 10000 907 10000 10000 10000 10000 335 10000
96 294 10000 10000 10000 10000 10000 10000 246 10000
97 439 10000 10000 10000 10000 10000 368 10000 368
98 658 10000 10000 10000 1388 10000 10000 10000 10000
99 495 10000 807 10000 10000 10000 10000 10000 10000
100 512 10000 10000 10000 10000 10000 10000 10000 10000
<precedence relations>
1,5
1,6
1,7
1,8
2,5
2,6
2,7
2,8
3,5
3,6
3,7
3,8
4,5
4,6
4,7
4,8
5,9
5,10
6,9
6,10
7,9
7,10
8,9
8,10
9,11
9,12
9,13
10,11
10,12
10,13
11,14
11,15
11,16
11,17
12,14
12,15
12,16
12,17
13,14
13,15
13,16
13,17
14,18
14,20
15,18
15,19
15,20
16,18
16,19
16,20
17,18
17,19
17,20
18,21
18,22
18,23
18,24
19,21
19,22
19,23
19,24
20,21
20,22
20,23
20,24
21,25
22,25
23,25
23,26
23,27
23,28
23,29
24,26
24,27
24,28
24,29
25,30
25,31
26,34
27,30
27,31
28,30
28,31
29,30
29,31
30,32
30,33
30,34
30,35
31,32
31,33
31,34
31,35
32,36
32,37
32,38
33,36
33,37
33,38
34,36
34,37
34,38
35,36
35,37
35,38
36,39
36,40
36,45
37,39
37,40
37,41
37,42
38,39
38,41
38,42
39,43
39,44
40,46
40,59
41,43
41,45
41,46
42,43
42,44
42,45
42,46
43,47
43,48
44,48
45,47
45,62
45,64
46,62
47,49
47,51
48,49
48,50
48,51
49,52
49,53
49,67
50,52
50,53
50,54
51,55
51,56
51,58
52,68
52,70
52,71
53,56
53,57
53,58
54,56
54,57
54,58
54,59
55,60
56,72
56,86
56,94
57,60
57,63
58,93
59,60
59,61
59,62
59,64
60,66
60,70
60,71
61,65
61,66
62,67
63,65
64,72
64,81
65,68
65,69
65,71
66,68
66,69
67,70
67,71
68,72
68,73
68,74
69,74
70,73
71,72
71,73
71,74
72,75
72,78
72,80
73,76
74,75
74,76
75,79
75,90
75,100
76,77
76,78
77,80
77,81
78,84
79,84
80,82
80,96
81,83
82,84
82,85
82,97
83,85
83,86
83,87
83,88
84,91
84,92
84,93
86,90
87,89
87,90
87,94
88,91
88,95
89,95
94,96
94,97
95,98
97,98
97,99
97,100
<end>