<number of tasks>
100
<number of stations>
25
<order strength>
0.200
<type of the robots>
4
<robot flexibility>
0.40
<collaboration flexibility>
0.40
<number of robots>
2
1
1
1
<task times>
1 436 808 10000 10000 10000 10000 366 288 10000
2 465 992 1116 10000 1116 10000 260 340 10000
3 63 10000 10000 118 100 10000 10000 35 35
4 553 10000 10000 10000 1315 309 10000 464 10000
5 504 10000 10000 806 806 10000 10000 282 10000
6 451 10000 10000 10000 10000 10000 10000 10000 10000
7 607 1083 971 10000 1237 509 509 10000 339
8 394 10000 10000 630 10000 10000 10000 10000 330
9 711 10000 10000 1706 10000 10000 597 398 597
10 514 1112 10000 10000 10000 10000 10000 431 10000
11 420 672 839 786 672 10000 235 352 10000
12 543 10000 10000 1303 868 10000 10000 10000 10000
13 415 10000 10000 664 10000 348 10000 348 10000
14 468 1075 10000 10000 748 10000 10000 393 393
15 458 1099 1099 10000 1099 10000 10000 10000 384
16 298 10000 476 10000 476 10000 250 250 250
17 565 10000 10000 10000 10000 10000 10000 350 10000
18 689 1102 1653 10000 10000 10000 10000 10000 385
19 434 694 712 10000 895 10000 10000 266 364
20 594 1425 1262 1150 950 10000 10000 10000 332
21 583 932 10000 932 1149 10000 10000 489 326
22 566 1358 1351 1358 905 402 316 10000 475
23 520 832 10000 10000 10000 10000 436 10000 436
24 451 721 10000 721 10000 10000 252 252 10000
25 645 10000 10000 1548 1548 10000 541 10000 10000
26 639 10000 10000 10000 10000 10000 536 10000 357
27 609 10000 974 10000 1461 10000 341 10000 10000
28 657 10000 1106 10000 10000 367 10000 10000 10000
29 381 10000 10000 10000 10000 213 10000 10000 10000
30 402 10000 10000 643 10000 337 10000 337 337
31 162 259 262 10000 10000 90 90 10000 10000
32 380 10000 10000 912 10000 10000 10000 10000 10000
33 413 966 10000 10000 10000 10000 10000 10000 10000
34 397 10000 10000 10000 10000 10000 10000 10000 10000
35 405 760 817 10000 10000 10000 10000 226 10000
36 587 1408 10000 939 1208 10000 10000 328 10000
37 460 10000 1104 10000 10000 257 386 257 10000
38 592 10000 10000 947 10000 331 10000 497 331
39 736 1177 1404 1177 10000 470 10000 10000 618
40 451 10000 10000 10000 10000 378 252 10000 10000
41 528 10000 946 844 10000 10000 443 10000 10000
42 491 10000 10000 10000 10000 412 10000 10000 10000
43 530 848 10000 10000 867 10000 10000 296 10000
44 288 10000 10000 10000 460 10000 10000 10000 10000
45 573 1006 1375 10000 1375 10000 10000 320 10000
46 501 1202 10000 10000 801 420 10000 280 420
47 696 1529 10000 10000 1670 10000 10000 389 389
48 733 10000 1234 1175 1172 615 615 10000 615
49 536 10000 857 10000 1286 10000 10000 10000 10000
50 577 1384 10000 10000 10000 10000 10000 484 10000
51 453 10000 10000 10000 1087 380 253 253 253
52 484 10000 10000 10000 1161 406 271 406 406
53 590 10000 10000 10000 1038 10000 10000 10000 330
54 425 10000 824 10000 680 10000 10000 238 238
55 449 10000 1071 1077 718 10000 10000 10000 377
56 434 694 924 10000 10000 10000 281 10000 364
57 406 10000 10000 10000 10000 10000 10000 305 10000
58 482 10000 1156 10000 1156 276 375 10000 269
59 346 10000 10000 10000 10000 10000 10000 193 197
60 663 1591 10000 10000 10000 371 10000 10000 10000
61 706 1129 10000 1129 10000 593 10000 10000 10000
62 563 10000 907 10000 10000 10000 10000 315 10000
63 668 1603 1068 1603 10000 10000 10000 468 10000
64 329 623 526 10000 10000 10000 184 194 276
65 577 1240 10000 923 1368 10000 323 10000 323
66 412 10000 770 659 10000 346 10000 230 10000
67 479 10000 10000 845 10000 402 268 10000 332
68 400 960 10000 10000 10000 224 10000 10000 336
69 422 10000 10000 10000 875 354 354 354 354
70 292 700 10000 10000 10000 10000 10000 163 163
71 387 619 619 619 10000 10000 10000 281 10000
72 565 10000 10000 1356 10000 316 316 10000 10000
73 545 1164 1308 872 1308 305 10000 10000 457
74 424 1017 10000 10000 10000 237 10000 10000 237
75 429 10000 1029 10000 10000 10000 240 10000 10000
76 626 10000 10000 10000 10000 10000 350 10000 10000
77 466 745 745 745 10000 10000 391 10000 10000
78 538 10000 10000 1019 1291 10000 301 301 10000
79 417 10000 10000 10000 10000 10000 233 10000 233
80 333 799 799 10000 532 10000 186 10000 10000
81 310 496 744 10000 10000 10000 10000 10000 260
82 444 10000 10000 10000 10000 248 372 372 360
83 365 10000 10000 800 10000 306 10000 10000 204
84 490 10000 10000 10000 10000 288 10000 10000 10000
85 422 1012 833 675 10000 10000 10000 10000 10000
86 276 10000 10000 662 662 10000 10000 10000 10000
87 360 10000 618 576 10000 10000 10000 275 10000
88 509 1184 10000 814 993 10000 10000 10000 285
89 530 10000 10000 848 848 296 296 445 10000
90 308 10000 10000 739 10000 10000 10000 10000 10000
91 588 10000 10000 10000 10000 367 10000 329 329
92 400 640 10000 960 960 10000 10000 10000 336
93 565 10000 10000 1156 1356 474 10000 316 10000
94 419 10000 1005 1005 10000 351 234 351 10000
95 342 10000 10000 10000 820 10000 287 10000 191
96 620 10000 1324 10000 10000 10000 10000 10000 10000
97 478 10000 764 764 10000 401 10000 10000 267
98 661 10000 10000 10000 1406 10000 370 370 370
99 495 10000 1188 929 10000 415 10000 10000 10000
100 430 1027 10000 10000 10000 10000 10000 10000 240
<precedence relations>
1,9
2,10
3,11
4,7
4,8
4,20
4,56
5,80
5,94
6,12
6,13
6,54
6,62
7,14
8,15
9,16
10,17
11,18
12,19
12,20
12,21
12,71
13,22
13,23
13,24
13,80
14,25
15,28
16,26
17,27
18,29
18,31
19,66
20,30
20,80
21,39
21,57
22,32
23,40
24,33
24,83
24,92
25,34
26,38
27,39
28,35
29,37
30,36
30,40
30,41
31,42
31,43
32,44
32,83
33,40
33,72
34,47
35,45
36,49
37,46
38,48
38,51
38,54
38,57
39,50
39,61
40,50
40,53
40,57
41,55
41,65
42,52
43,50
44,56
45,58
46,59
47,61
48,60
49,63
50,88
50,98
52,62
52,65
52,75
53,64
53,66
54,72
55,73
56,94
57,74
58,68
59,67
60,71
61,70
62,69
62,74
62,82
63,72
63,75
64,73
66,73
67,80
68,76
69,77
70,78
71,79
73,79
73,82
74,81
74,100
75,83
76,85
77,86
78,87
79,84
82,88
84,89
85,90
86,92
87,91
88,93
88,94
88,95
89,97
90,96
91,97
92,98
94,99
94,100
<end>