<number of tasks>
100
<number of stations>
25
<order strength>
0.199
<type of the robots>
4
<robot flexibility>
0.20
<collaboration flexibility>
0.20
<number of robots>
2
1
1
1
<task times>
1 86 10000 10000 10000 10000 10000 10000 10000 10000
2 119 10000 285 10000 10000 10000 10000 10000 10000
3 317 10000 10000 10000 595 10000 222 10000 10000
4 105 10000 10000 10000 10000 10000 88 58 10000
5 78 10000 10000 10000 10000 10000 43 10000 10000
6 102 10000 235 10000 10000 10000 10000 10000 57
7 90 10000 10000 10000 10000 10000 10000 10000 75
8 87 10000 10000 10000 208 10000 10000 10000 48
9 186 10000 10000 446 10000 10000 10000 10000 10000
10 33 10000 10000 61 10000 10000 10000 10000 10000
11 243 10000 10000 10000 10000 10000 10000 10000 10000
12 123 10000 10000 196 10000 10000 10000 10000 10000
13 172 10000 282 10000 10000 123 10000 10000 144
14 166 10000 10000 10000 10000 139 139 139 10000
15 57 10000 10000 10000 10000 31 10000 10000 10000
16 347 10000 10000 10000 10000 10000 10000 10000 10000
17 130 208 10000 10000 10000 10000 109 10000 10000
18 28 10000 10000 10000 10000 15 10000 15 10000
19 24 57 10000 10000 10000 10000 10000 10000 10000
20 96 10000 10000 10000 10000 10000 10000 10000 10000
21 224 358 10000 10000 10000 10000 10000 10000 10000
22 216 10000 10000 10000 10000 10000 10000 10000 10000
23 116 185 10000 10000 278 64 10000 10000 10000
24 80 10000 10000 192 128 10000 10000 10000 10000
25 135 324 10000 10000 10000 10000 113 10000 103
26 52 10000 10000 10000 10000 10000 29 29 29
27 166 10000 10000 10000 265 10000 10000 10000 112
28 175 10000 10000 10000 10000 10000 10000 10000 10000
29 202 10000 10000 323 10000 10000 10000 10000 113
30 100 10000 168 10000 10000 10000 10000 10000 10000
31 103 164 10000 10000 241 10000 10000 10000 10000
32 45 10000 10000 10000 10000 10000 10000 25 10000
33 180 10000 10000 10000 10000 10000 10000 10000 10000
34 97 10000 10000 10000 10000 10000 10000 10000 10000
35 211 10000 378 350 506 10000 10000 118 10000
36 200 10000 320 10000 10000 10000 10000 10000 112
37 156 10000 10000 249 10000 87 87 10000 10000
38 218 10000 10000 348 10000 10000 10000 10000 10000
39 41 10000 10000 98 10000 10000 10000 22 10000
40 131 10000 10000 10000 10000 10000 110 10000 10000
41 59 10000 10000 10000 10000 10000 10000 10000 10000
42 71 10000 10000 10000 170 10000 10000 10000 10000
43 54 10000 10000 10000 10000 10000 30 10000 10000
44 67 107 10000 107 10000 10000 10000 37 10000
45 109 10000 10000 174 10000 10000 10000 10000 10000
46 208 10000 10000 332 10000 10000 134 10000 10000
47 190 456 10000 10000 10000 10000 10000 10000 10000
48 34 81 10000 10000 10000 10000 10000 19 10000
49 191 10000 10000 10000 10000 10000 10000 10000 10000
50 86 10000 167 10000 206 10000 10000 48 48
51 33 10000 10000 56 10000 18 10000 10000 18
52 76 10000 122 10000 121 63 10000 63 10000
53 33 10000 10000 67 10000 10000 10000 18 27
54 53 10000 10000 10000 10000 10000 10000 10000 10000
55 174 10000 10000 10000 10000 146 10000 10000 10000
56 261 10000 10000 10000 10000 10000 10000 10000 10000
57 65 10000 10000 10000 10000 54 51 54 10000
58 61 10000 10000 10000 146 34 34 10000 10000
59 201 376 10000 10000 10000 168 10000 10000 10000
60 41 10000 65 10000 10000 10000 10000 29 10000
61 79 10000 147 10000 10000 10000 10000 10000 10000
62 230 10000 10000 10000 10000 10000 10000 10000 10000
63 205 10000 10000 10000 10000 10000 10000 10000 10000
64 31 10000 49 10000 10000 26 10000 19 17
65 152 10000 10000 10000 267 10000 10000 10000 85
66 220 10000 10000 10000 10000 10000 10000 10000 10000
67 36 86 10000 57 10000 10000 30 10000 30
68 106 254 10000 254 169 89 10000 10000 10000
69 38 10000 10000 10000 10000 10000 10000 10000 10000
70 80 10000 128 10000 10000 10000 10000 10000 67
71 164 10000 10000 10000 393 10000 10000 10000 91
72 99 10000 10000 10000 10000 10000 10000 10000 10000
73 98 10000 10000 10000 10000 10000 54 10000 10000
74 95 10000 10000 10000 225 10000 10000 10000 10000
75 75 10000 180 10000 10000 10000 63 10000 43
76 51 10000 10000 10000 10000 10000 10000 10000 42
77 100 10000 10000 202 10000 84 10000 10000 10000
78 268 10000 10000 10000 10000 10000 10000 225 150
79 41 10000 10000 10000 10000 10000 10000 10000 10000
80 241 385 10000 10000 10000 10000 10000 10000 187
81 172 275 10000 10000 10000 10000 10000 10000 10000
82 25 60 10000 10000 10000 10000 21 10000 10000
83 178 284 10000 10000 10000 10000 10000 10000 10000
84 115 10000 10000 184 10000 10000 10000 96 10000
85 68 108 10000 10000 10000 10000 10000 10000 10000
86 96 230 10000 10000 169 10000 10000 10000 10000
87 173 10000 10000 10000 276 10000 10000 10000 96
88 136 10000 10000 326 326 114 10000 76 111
89 141 266 10000 10000 10000 10000 96 10000 10000
90 64 10000 10000 10000 153 10000 35 10000 10000
91 150 240 265 10000 292 10000 10000 10000 10000
92 52 10000 10000 10000 10000 29 10000 43 10000
93 166 10000 10000 10000 10000 10000 10000 10000 92
94 131 10000 10000 10000 10000 10000 10000 10000 10000
95 205 10000 10000 10000 328 10000 114 114 10000
96 305 10000 10000 10000 732 10000 10000 10000 10000
97 72 172 10000 10000 10000 60 60 10000 60
98 49 10000 10000 10000 10000 10000 29 10000 10000
99 76 10000 148 10000 10000 10000 10000 10000 10000
100 219 10000 10000 10000 10000 10000 10000 10000 183
<precedence relations>
1,12
2,20
3,15
3,16
3,20
4,13
5,11
5,14
5,57
7,95
8,10
9,17
10,23
10,24
10,26
11,19
12,68
13,25
14,18
15,21
15,22
15,61
16,23
17,20
18,28
18,36
18,37
18,54
19,33
20,27
20,30
20,34
21,77
22,29
22,32
23,35
24,31
26,28
26,73
27,44
28,38
29,46
30,45
30,73
31,41
31,42
33,39
33,54
34,43
37,40
38,52
38,99
39,50
39,65
41,51
41,81
42,47
42,48
44,69
45,49
45,81
46,73
47,57
48,56
49,54
50,53
50,55
51,72
52,58
52,59
52,60
52,61
54,64
55,67
56,65
56,93
57,66
59,62
59,69
59,70
59,71
61,63
61,68
62,75
62,76
64,79
67,72
67,73
68,74
68,77
68,88
69,80
70,100
71,78
73,82
73,83
73,84
76,88
80,81
81,90
82,87
82,89
82,91
83,86
84,85
84,88
84,92
84,93
86,97
86,100
87,99
89,94
89,96
91,98
93,95
93,97
<end>