<number of tasks>
20
<number of stations>
5
<order strength>
0.200
<type of the robots>
4
<robot flexibility>
0.40
<collaboration flexibility>
0.40
<number of robots>
1
0
0
0
<task times>
1 660 10000 1056 1056 1584 10000 10000 369 554
2 570 1056 10000 10000 1368 10000 10000 10000 478
3 596 1272 10000 1155 10000 333 10000 10000 10000
4 552 985 10000 10000 883 10000 10000 463 10000
5 455 984 10000 10000 1092 10000 382 382 382
6 398 10000 10000 10000 636 10000 222 10000 10000
7 503 804 804 1207 10000 10000 281 10000 10000
8 517 1188 1240 10000 10000 10000 10000 10000 10000
9 490 10000 10000 860 1046 10000 274 411 10000
10 532 10000 851 10000 851 446 446 446 10000
11 667 10000 10000 1600 1067 560 10000 560 10000
12 348 835 10000 10000 10000 10000 10000 292 292
13 768 1228 10000 1843 10000 10000 10000 430 10000
14 573 10000 10000 10000 10000 10000 10000 481 320
15 515 10000 967 964 824 10000 288 10000 10000
16 469 10000 1125 750 750 10000 10000 262 10000
17 714 10000 10000 10000 10000 10000 10000 10000 599
18 698 1116 10000 1675 1675 496 10000 10000 10000
19 470 10000 10000 891 10000 263 10000 10000 10000
20 448 1075 716 962 845 10000 10000 10000 10000
<precedence relations>
1,3
2,4
2,5
2,6
2,7
2,8
2,9
3,10
4,11
6,12
6,14
7,13
10,15
11,17
12,16
15,18
16,19
17,20
<end>