<number of tasks>
20
<number of stations>
5
<order strength>
0.800
<type of the robots>
4
<robot flexibility>
0.40
<collaboration flexibility>
0.40
<number of robots>
1
0
0
0
<task times>
1 96 10000 230 10000 153 54 10000 10000 10000
2 215 344 344 10000 10000 10000 120 10000 10000
3 149 357 238 10000 10000 10000 10000 83 83
4 131 10000 314 287 314 110 73 110 110
5 139 10000 10000 333 222 10000 77 116 116
6 499 891 798 1197 798 279 419 10000 10000
7 51 10000 95 95 10000 10000 28 10000 28
8 439 10000 10000 702 10000 368 10000 368 10000
9 228 493 10000 547 364 191 10000 127 10000
10 476 10000 1142 761 761 10000 266 10000 399
11 429 1029 686 1029 1029 305 10000 10000 240
12 189 10000 10000 358 356 10000 10000 10000 10000
13 204 326 326 438 10000 114 131 171 10000
14 130 10000 312 10000 10000 10000 10000 109 10000
15 475 10000 10000 10000 10000 10000 10000 10000 10000
16 200 10000 10000 10000 480 10000 10000 10000 112
17 450 10000 10000 10000 10000 10000 10000 10000 10000
18 267 10000 640 10000 10000 10000 224 10000 10000
19 515 10000 10000 1236 1198 10000 10000 432 322
20 67 107 10000 160 10000 56 10000 10000 37
<precedence relations>
1,2
1,3
2,5
3,4
4,6
4,7
5,6
5,8
6,9
7,8
8,11
8,12
9,10
9,11
9,15
10,13
10,14
11,13
11,14
12,14
12,15
13,16
14,18
15,16
15,17
16,19
16,20
18,20
<end>