<number of tasks>
50
<number of stations>
25
<order strength>
0.200
<type of the robots>
4
<robot flexibility>
0.40
<collaboration flexibility>
0.40
<number of robots>
2
1
1
1
<task times>
1 524 10000 1257 1257 1017 10000 10000 10000 293
2 389 10000 10000 883 928 10000 10000 326 10000
3 432 800 10000 691 10000 241 10000 10000 280
4 457 975 731 1096 10000 10000 262 10000 383
5 371 10000 10000 10000 789 311 10000 207 10000
6 330 589 792 762 10000 184 10000 10000 184
7 428 10000 10000 855 888 359 10000 239 10000
8 799 10000 1278 10000 1278 10000 477 671 10000
9 554 10000 10000 10000 10000 465 10000 310 10000
10 574 1241 1377 10000 918 408 482 10000 10000
11 482 10000 10000 10000 10000 404 10000 10000 10000
12 440 10000 10000 10000 704 10000 10000 369 10000
13 524 10000 10000 10000 10000 10000 10000 10000 293
14 494 10000 10000 1185 10000 276 10000 276 276
15 771 10000 10000 10000 10000 10000 10000 10000 440
16 489 10000 10000 10000 1173 273 410 10000 10000
17 610 10000 1464 1456 10000 512 10000 10000 10000
18 406 649 974 10000 10000 227 10000 10000 10000
19 483 1159 10000 772 10000 270 405 399 10000
20 651 1041 10000 10000 10000 10000 10000 10000 364
21 590 10000 944 944 10000 10000 330 10000 495
22 411 10000 986 986 10000 10000 10000 10000 10000
23 584 10000 934 10000 934 10000 489 327 490
24 407 10000 10000 10000 10000 341 10000 10000 10000
25 777 10000 10000 1864 10000 10000 652 10000 435
26 513 10000 820 10000 10000 10000 10000 10000 10000
27 403 10000 10000 10000 10000 225 225 338 10000
28 532 10000 10000 10000 851 10000 10000 10000 10000
29 436 10000 697 697 10000 244 10000 10000 244
30 413 660 660 10000 991 346 346 10000 10000
31 493 10000 1183 830 10000 286 10000 10000 10000
32 490 10000 10000 793 1176 10000 274 274 274
33 401 653 10000 809 641 10000 336 10000 224
34 657 10000 1239 1576 10000 551 551 10000 10000
35 673 10000 10000 10000 10000 376 10000 10000 10000
36 518 10000 10000 10000 1243 290 10000 10000 10000
37 662 10000 10000 10000 10000 423 370 556 556
38 411 703 10000 10000 10000 10000 257 10000 10000
39 620 1488 10000 1183 1224 520 10000 347 10000
40 457 10000 731 818 10000 255 10000 10000 10000
41 333 799 10000 799 10000 279 10000 10000 186
42 634 10000 10000 1067 10000 10000 10000 10000 10000
43 223 10000 10000 10000 10000 10000 10000 10000 10000
44 500 1098 10000 10000 10000 420 420 420 10000
45 426 1022 10000 10000 10000 357 10000 357 10000
46 613 10000 10000 10000 1052 514 10000 10000 10000
47 539 10000 10000 10000 10000 10000 10000 10000 10000
48 451 10000 1077 10000 10000 10000 10000 10000 10000
49 571 10000 1299 913 10000 10000 479 10000 10000
50 362 579 10000 10000 10000 10000 10000 202 202
<precedence relations>
1,4
1,5
1,6
1,7
1,8
1,9
2,3
2,26
3,10
3,15
4,11
4,43
5,12
6,13
7,14
7,15
8,21
10,17
11,18
12,19
13,20
14,16
14,21
15,22
16,23
17,24
18,25
19,25
20,26
21,27
21,28
21,29
23,33
24,31
25,30
25,32
25,42
27,34
30,35
31,36
32,39
33,37
33,38
33,40
34,41
34,42
34,43
35,47
36,44
37,45
38,46
39,47
40,49
40,50
42,48
<end>