<number of tasks>
20
<number of stations>
5
<order strength>
0.200
<type of the robots>
4
<robot flexibility>
0.00
<collaboration flexibility>
0.00
<number of robots>
0
0
0
0
<task times>
1 132 10000 316 10000 316 10000 10000 10000 10000
2 186 10000 10000 10000 10000 10000 10000 10000 156
3 200 10000 10000 439 10000 10000 112 10000 168
4 497 10000 10000 10000 10000 278 10000 10000 10000
5 577 10000 10000 1384 10000 484 484 10000 10000
6 261 599 417 488 10000 10000 10000 10000 10000
7 522 10000 10000 10000 10000 10000 10000 10000 10000
8 133 10000 10000 212 10000 10000 10000 74 10000
9 79 10000 10000 10000 10000 10000 10000 10000 10000
10 21 10000 49 10000 10000 10000 10000 10000 10000
11 432 10000 10000 10000 10000 10000 10000 362 10000
12 77 10000 10000 10000 10000 10000 10000 10000 10000
13 146 10000 10000 10000 10000 10000 10000 10000 10000
14 151 10000 362 10000 10000 10000 10000 10000 10000
15 330 10000 639 792 10000 10000 184 10000 277
16 88 10000 10000 10000 10000 10000 10000 73 10000
17 433 10000 10000 10000 10000 10000 363 10000 10000
18 67 10000 117 10000 107 10000 10000 10000 10000
19 85 10000 10000 204 10000 10000 10000 10000 71
20 29 10000 10000 46 10000 24 10000 16 10000
<precedence relations>
2,5
2,6
4,7
5,8
5,10
5,12
6,9
6,11
6,13
9,18
10,14
10,15
10,16
13,17
14,20
15,19
<end>