<number of tasks>
20
<number of stations>
10
<order strength>
0.195
<type of the robots>
4
<robot flexibility>
0.00
<collaboration flexibility>
0.00
<number of robots>
0
0
0
0
<task times>
1 224 10000 10000 10000 10000 125 10000 10000 10000
2 499 10000 10000 10000 10000 10000 10000 10000 10000
3 373 10000 10000 895 10000 10000 10000 208 10000
4 188 10000 10000 10000 10000 10000 10000 10000 10000
5 39 10000 10000 10000 10000 10000 10000 10000 10000
6 145 232 10000 10000 10000 81 81 121 87
7 417 10000 10000 10000 10000 10000 233 10000 10000
8 69 10000 110 165 10000 10000 10000 10000 10000
9 167 10000 267 10000 10000 10000 10000 10000 10000
10 506 10000 10000 10000 10000 10000 10000 10000 10000
11 420 672 1008 10000 10000 10000 10000 10000 10000
12 446 10000 713 10000 10000 10000 374 10000 10000
13 225 10000 422 10000 10000 10000 10000 10000 189
14 229 10000 10000 10000 10000 10000 10000 10000 10000
15 567 10000 10000 10000 10000 10000 10000 10000 10000
16 291 10000 10000 10000 698 10000 10000 10000 10000
17 138 10000 10000 10000 10000 10000 10000 115 10000
18 79 10000 10000 10000 10000 10000 10000 10000 10000
19 195 312 378 10000 10000 10000 10000 10000 10000
20 87 139 10000 10000 10000 10000 10000 10000 10000
<precedence relations>
1,5
1,8
3,6
3,7
5,9
5,12
6,13
6,14
8,10
8,11
9,17
10,16
14,15
15,18
15,19
15,20
<end>