<number of tasks>
100
<number of stations>
50
<order strength>
0.895
<type of the robots>
4
<robot flexibility>
0.40
<collaboration flexibility>
0.40
<number of robots>
5
5
5
5
<task times>
1 604 10000 1405 10000 966 10000 10000 10000 507
2 583 10000 932 10000 1399 326 10000 10000 10000
3 649 1038 10000 10000 10000 10000 363 10000 363
4 474 10000 10000 10000 10000 10000 10000 10000 265
5 254 10000 10000 609 609 212 10000 10000 10000
6 605 1452 10000 10000 10000 10000 10000 10000 10000
7 458 10000 880 10000 10000 256 10000 384 384
8 566 905 10000 1034 10000 10000 10000 10000 10000
9 561 10000 10000 10000 10000 471 10000 10000 10000
10 410 10000 919 10000 10000 344 344 10000 229
11 492 1130 10000 964 10000 350 10000 10000 10000
12 612 1468 10000 10000 1253 10000 10000 342 10000
13 763 1220 1831 1831 10000 10000 10000 558 640
14 424 10000 964 794 10000 10000 10000 237 10000
15 594 10000 1425 10000 1115 10000 498 498 332
16 547 10000 10000 10000 1312 10000 306 306 306
17 665 10000 1596 1064 1064 10000 558 10000 558
18 515 824 824 10000 824 10000 10000 10000 288
19 638 10000 1275 1020 10000 10000 535 535 471
20 743 1783 10000 1188 10000 10000 10000 426 10000
21 482 771 1156 10000 10000 10000 269 404 10000
22 334 10000 10000 750 801 187 10000 10000 10000
23 807 10000 10000 10000 10000 10000 10000 10000 451
24 473 1135 756 10000 10000 10000 397 10000 10000
25 503 804 10000 10000 10000 10000 281 10000 281
26 542 10000 10000 10000 10000 10000 10000 10000 303
27 433 692 10000 10000 10000 10000 358 363 10000
28 766 1838 10000 10000 10000 10000 10000 10000 643
29 519 10000 10000 1245 10000 10000 10000 10000 435
30 790 10000 10000 10000 10000 442 663 10000 663
31 486 10000 10000 777 10000 10000 10000 10000 272
32 480 10000 10000 10000 10000 268 268 10000 367
33 600 960 1440 10000 10000 10000 10000 10000 10000
34 506 10000 10000 10000 10000 10000 10000 425 425
35 368 691 588 10000 10000 309 10000 309 206
36 464 1113 10000 10000 10000 10000 10000 287 10000
37 453 10000 1087 10000 10000 253 10000 10000 380
38 471 10000 10000 912 1130 10000 10000 288 10000
39 677 10000 10000 10000 10000 379 379 10000 10000
40 482 10000 1156 771 10000 10000 404 404 10000
41 613 980 10000 10000 10000 10000 343 343 10000
42 417 10000 10000 10000 10000 267 10000 350 233
43 380 10000 10000 912 10000 10000 212 212 212
44 529 846 846 10000 10000 10000 10000 10000 356
45 466 10000 745 10000 796 391 336 391 10000
46 592 10000 10000 10000 10000 497 497 331 10000
47 530 10000 10000 10000 1244 10000 10000 10000 296
48 511 897 10000 817 1226 429 10000 429 10000
49 427 1024 10000 10000 10000 10000 260 10000 10000
50 296 10000 10000 10000 10000 10000 10000 165 10000
51 574 10000 1377 10000 993 10000 10000 10000 482
52 483 1061 10000 846 1159 10000 10000 270 10000
53 312 10000 10000 10000 642 262 10000 174 262
54 227 544 363 366 544 190 127 190 10000
55 572 1372 1305 10000 1372 320 10000 10000 10000
56 337 10000 10000 539 551 10000 10000 10000 10000
57 847 10000 2032 10000 1355 10000 10000 474 10000
58 427 799 718 10000 10000 358 10000 10000 239
59 442 10000 10000 10000 10000 247 371 247 10000
60 934 10000 1494 10000 10000 784 10000 523 10000
61 451 10000 10000 723 10000 252 10000 10000 10000
62 460 10000 10000 10000 10000 386 10000 257 10000
63 503 10000 10000 10000 1207 300 281 10000 10000
64 310 10000 601 10000 10000 10000 173 10000 10000
65 633 10000 1510 10000 10000 10000 10000 10000 10000
66 646 10000 1375 1033 10000 10000 10000 10000 542
67 554 10000 1329 10000 10000 10000 10000 465 10000
68 697 10000 10000 1672 1115 10000 451 390 390
69 520 10000 838 10000 10000 10000 404 391 10000
70 415 996 10000 996 10000 348 232 232 10000
71 366 10000 585 10000 10000 10000 204 10000 204
72 572 10000 915 10000 10000 10000 10000 10000 10000
73 583 10000 10000 10000 1399 10000 10000 10000 489
74 432 1036 807 691 1036 10000 241 241 241
75 558 1339 892 1339 1339 10000 468 10000 10000
76 430 10000 10000 10000 756 10000 10000 302 10000
77 716 10000 1718 10000 10000 400 400 10000 10000
78 436 10000 10000 697 10000 10000 10000 10000 10000
79 483 1159 10000 772 772 10000 270 284 405
80 680 10000 10000 10000 10000 10000 380 10000 10000
81 634 10000 1521 10000 10000 532 355 355 10000
82 398 10000 10000 10000 636 222 10000 334 10000
83 719 10000 10000 1269 10000 602 603 402 402
84 460 10000 1104 10000 10000 10000 10000 333 10000
85 312 10000 10000 10000 748 10000 10000 10000 174
86 724 10000 10000 1158 10000 10000 10000 10000 10000
87 362 579 10000 10000 10000 10000 202 10000 304
88 499 798 10000 10000 1197 10000 279 279 10000
89 631 10000 1009 10000 10000 10000 530 10000 530
90 541 10000 10000 1298 10000 454 10000 302 302
91 536 857 10000 1015 1192 300 363 300 10000
92 419 10000 10000 918 670 10000 10000 351 10000
93 552 883 10000 10000 1099 10000 10000 309 314
94 596 10000 10000 10000 1280 10000 10000 10000 463
95 655 10000 10000 1048 10000 550 550 10000 10000
96 464 10000 10000 10000 1113 259 259 389 10000
97 319 10000 10000 10000 10000 267 10000 10000 10000
98 574 10000 10000 918 10000 338 321 439 10000
99 496 10000 879 10000 10000 10000 10000 10000 416
100 501 1202 10000 10000 10000 10000 420 10000 10000
<precedence relations>
1,4
1,5
1,6
2,4
2,5
2,6
3,4
3,5
3,6
4,7
4,8
4,9
5,7
5,8
5,9
6,7
6,8
6,9
7,10
7,11
7,12
8,10
8,11
8,12
9,10
9,11
9,12
10,13
10,14
11,13
11,14
12,13
12,14
13,15
13,16
13,17
13,18
14,15
14,16
14,17
14,18
15,19
15,20
15,21
15,22
16,19
16,20
16,21
16,22
17,19
17,20
17,21
17,22
18,19
18,20
18,21
18,22
19,23
19,24
19,25
19,26
20,23
20,24
20,25
20,26
21,23
21,24
21,25
21,26
22,23
22,24
22,25
22,26
23,27
23,28
23,29
23,30
24,27
24,28
24,29
24,30
25,40
26,27
26,28
27,31
27,32
27,33
27,35
28,31
28,34
29,31
29,35
30,31
30,32
30,33
30,34
30,35
31,36
31,37
32,36
32,37
33,36
33,37
34,36
34,37
35,36
35,58
36,38
37,39
37,40
37,41
38,51
39,42
40,42
40,43
40,52
41,42
41,43
41,44
42,45
42,46
42,49
43,45
43,46
43,48
44,45
44,46
44,47
44,48
45,56
45,59
45,63
46,50
46,53
47,50
47,51
47,52
48,53
49,76
49,79
50,54
50,55
51,53
51,55
52,53
52,54
53,56
53,57
54,56
54,57
54,58
54,59
55,59
56,60
56,61
56,67
57,60
57,61
57,62
57,63
58,90
58,97
59,61
60,65
61,65
61,69
62,64
62,65
63,64
63,65
64,66
64,67
64,68
64,69
65,66
65,68
66,70
66,71
66,72
66,73
67,70
67,71
68,73
68,77
68,81
69,80
69,90
70,89
70,91
71,74
71,76
71,81
72,74
72,75
73,76
74,77
74,84
74,86
75,78
75,79
76,82
76,85
77,80
77,93
78,81
78,95
79,82
80,85
81,83
81,88
82,84
82,86
83,94
83,98
83,99
85,87
85,94
85,96
86,87
86,88
87,89
88,90
88,91
89,95
89,99
90,92
90,93
90,94
91,94
91,96
91,97
92,98
92,99
93,99
94,100
<end>