<number of tasks>
50
<number of stations>
25
<order strength>
0.200
<type of the robots>
4
<robot flexibility>
0.40
<collaboration flexibility>
0.40
<number of robots>
3
3
2
2
<task times>
1 33 10000 10000 10000 10000 19 10000 10000 10000
2 157 10000 376 376 251 131 10000 10000 10000
3 44 70 10000 10000 10000 24 10000 10000 10000
4 89 10000 10000 10000 213 74 74 10000 10000
5 310 10000 10000 10000 10000 10000 10000 260 10000
6 74 10000 10000 118 10000 41 10000 10000 41
7 281 10000 449 561 10000 236 161 236 236
8 567 1360 10000 1360 907 476 317 317 476
9 77 10000 184 10000 10000 10000 10000 64 10000
10 223 10000 356 10000 356 159 10000 10000 124
11 165 396 10000 10000 10000 92 138 10000 138
12 64 10000 153 10000 10000 10000 10000 10000 53
13 109 174 206 10000 174 10000 10000 10000 10000
14 112 179 10000 10000 179 94 10000 62 10000
15 98 10000 10000 10000 10000 10000 82 82 10000
16 31 10000 66 10000 49 17 26 17 17
17 117 10000 280 279 10000 10000 65 97 10000
18 170 408 10000 272 408 10000 142 95 10000
19 128 10000 10000 10000 10000 10000 71 107 107
20 348 10000 10000 10000 687 10000 292 10000 10000
21 448 10000 1075 10000 10000 10000 10000 250 10000
22 235 10000 376 10000 403 10000 10000 197 10000
23 136 10000 217 326 326 76 114 10000 10000
24 117 10000 187 10000 10000 65 65 10000 10000
25 99 10000 158 158 10000 55 10000 55 10000
26 185 10000 10000 296 10000 10000 155 103 10000
27 167 10000 10000 10000 296 10000 10000 121 10000
28 113 10000 10000 271 271 94 10000 10000 10000
29 52 10000 10000 10000 111 29 29 43 10000
30 353 564 10000 673 10000 10000 10000 10000 10000
31 408 10000 979 10000 10000 237 10000 228 228
32 214 10000 10000 10000 10000 10000 10000 179 119
33 231 540 10000 10000 10000 10000 194 10000 10000
34 505 10000 10000 10000 808 10000 10000 424 334
35 501 10000 10000 10000 1202 10000 420 280 367
36 517 842 10000 926 968 434 10000 434 10000
37 75 10000 10000 10000 10000 10000 10000 10000 10000
38 163 10000 10000 10000 10000 10000 91 10000 91
39 420 10000 10000 672 10000 235 262 235 10000
40 322 551 10000 624 772 10000 10000 10000 10000
41 468 10000 10000 748 10000 262 262 10000 262
42 156 10000 294 303 288 100 10000 10000 10000
43 81 10000 10000 193 194 10000 10000 10000 10000
44 276 662 10000 10000 516 10000 10000 231 10000
45 460 1104 1031 979 10000 386 10000 10000 10000
46 99 173 237 205 158 10000 83 55 10000
47 150 10000 10000 10000 337 10000 126 84 10000
48 52 124 118 10000 124 10000 10000 29 10000
49 85 10000 136 136 10000 71 10000 10000 10000
50 290 696 10000 468 10000 243 243 166 10000
<precedence relations>
1,7
3,9
4,8
4,10
6,11
6,12
7,13
7,44
8,16
8,23
9,14
9,21
10,15
10,17
10,20
14,20
16,19
16,21
16,24
17,18
17,22
17,23
20,27
20,29
22,33
23,26
24,25
24,28
24,30
25,32
26,33
26,34
26,40
27,36
29,34
29,35
30,31
31,39
31,42
32,41
32,46
32,47
33,44
33,45
33,46
34,37
35,38
36,40
36,43
37,49
39,47
43,48
46,50
<end>