<number of tasks>
20
<number of stations>
5
<order strength>
0.800
<type of the robots>
4
<robot flexibility>
0.20
<collaboration flexibility>
0.20
<number of robots>
1
1
0
0
<task times>
1 158 10000 10000 379 379 10000 10000 10000 10000
2 136 10000 10000 10000 10000 10000 10000 10000 10000
3 115 10000 10000 252 10000 10000 10000 10000 10000
4 212 10000 10000 10000 10000 10000 10000 178 10000
5 134 10000 10000 10000 10000 112 10000 10000 10000
6 242 10000 10000 10000 10000 10000 10000 10000 10000
7 187 10000 10000 10000 10000 10000 10000 10000 157
8 51 10000 81 10000 10000 42 10000 10000 10000
9 32 69 10000 59 68 10000 10000 10000 17
10 53 10000 123 10000 127 10000 44 10000 10000
11 321 10000 10000 10000 513 10000 10000 10000 179
12 110 10000 10000 10000 10000 10000 61 10000 10000
13 312 10000 10000 499 10000 10000 10000 10000 10000
14 24 10000 10000 10000 10000 10000 10000 10000 10000
15 137 10000 10000 10000 328 10000 88 10000 115
16 199 10000 10000 10000 10000 10000 10000 10000 10000
17 89 10000 10000 10000 10000 74 74 10000 10000
18 114 273 10000 10000 10000 63 10000 63 95
19 53 10000 10000 100 10000 10000 10000 10000 10000
20 101 10000 177 217 10000 10000 10000 10000 10000
<precedence relations>
1,7
1,13
2,4
2,5
3,4
3,5
4,6
4,7
4,8
5,6
5,7
5,8
6,9
6,10
7,11
8,9
8,10
8,12
9,16
10,13
11,12
12,14
12,15
13,14
13,15
15,16
16,17
16,18
17,19
17,20
18,20
<end>