<number of tasks>
100
<number of stations>
50
<order strength>
0.201
<type of the robots>
4
<robot flexibility>
0.40
<collaboration flexibility>
0.40
<number of robots>
5
5
5
5
<task times>
1 530 10000 10000 10000 848 10000 296 445 10000
2 616 1141 10000 10000 10000 10000 10000 517 344
3 538 10000 10000 10000 1096 301 10000 10000 10000
4 496 1058 814 10000 10000 10000 10000 10000 10000
5 418 10000 10000 668 1003 351 10000 10000 10000
6 364 650 773 10000 873 203 305 10000 203
7 326 10000 778 625 521 10000 182 10000 10000
8 501 1084 10000 10000 10000 10000 10000 10000 10000
9 543 1303 10000 10000 1303 10000 456 347 10000
10 583 10000 932 1114 10000 489 10000 326 10000
11 383 10000 612 10000 919 10000 10000 321 214
12 516 10000 10000 10000 10000 433 10000 288 10000
13 514 10000 10000 1233 10000 10000 10000 10000 10000
14 319 641 10000 510 10000 178 10000 10000 10000
15 520 10000 10000 1248 10000 291 10000 436 10000
16 602 963 10000 963 10000 505 505 10000 10000
17 397 10000 875 10000 881 10000 10000 10000 10000
18 576 1382 970 10000 921 322 322 322 483
19 354 10000 10000 10000 730 10000 10000 297 198
20 626 1001 10000 10000 10000 10000 10000 10000 525
21 506 809 10000 886 809 10000 283 10000 10000
22 628 10000 10000 10000 1238 351 527 351 351
23 399 10000 10000 10000 10000 335 288 10000 10000
24 641 1025 10000 10000 10000 10000 10000 10000 358
25 411 961 665 10000 10000 10000 10000 10000 345
26 454 852 866 10000 726 10000 381 10000 10000
27 586 1406 10000 10000 1406 328 10000 10000 10000
28 656 10000 10000 1057 1574 10000 367 10000 551
29 716 10000 1282 10000 10000 10000 10000 400 544
30 547 891 10000 1312 10000 306 10000 10000 459
31 528 904 10000 844 10000 295 443 10000 295
32 197 381 10000 10000 10000 10000 165 10000 165
33 520 1248 1223 10000 10000 10000 10000 10000 436
34 387 928 668 10000 10000 216 216 216 10000
35 463 10000 740 740 10000 10000 259 10000 10000
36 509 1221 10000 10000 10000 10000 329 285 10000
37 370 813 718 593 640 10000 10000 10000 207
38 522 10000 1245 835 1252 438 10000 10000 292
39 510 10000 1085 1224 10000 428 428 10000 10000
40 529 10000 1098 10000 846 10000 296 10000 444
41 632 10000 10000 10000 1039 530 10000 353 10000
42 505 1212 808 10000 1212 10000 282 10000 282
43 521 1250 842 10000 10000 10000 291 10000 10000
44 409 765 654 10000 10000 10000 10000 229 343
45 197 10000 368 10000 10000 10000 10000 10000 10000
46 642 10000 1027 10000 10000 10000 539 10000 10000
47 289 10000 693 493 462 10000 10000 242 10000
48 612 10000 10000 10000 10000 10000 10000 10000 514
49 459 10000 10000 941 10000 257 10000 10000 385
50 516 10000 10000 1238 1238 10000 10000 10000 10000
51 535 10000 10000 856 10000 449 10000 299 299
52 619 990 10000 10000 10000 346 346 346 10000
53 411 10000 10000 10000 657 10000 10000 345 230
54 639 1533 1533 10000 1022 536 357 357 357
55 535 1014 856 1070 1284 10000 10000 10000 449
56 666 1431 10000 1256 1598 10000 372 10000 10000
57 234 561 561 10000 10000 196 10000 10000 10000
58 444 10000 10000 710 710 10000 372 10000 372
59 418 1003 10000 738 10000 10000 234 10000 10000
60 317 10000 10000 507 592 266 10000 177 10000
61 842 1347 10000 10000 1873 471 10000 10000 10000
62 573 1375 10000 10000 916 480 10000 415 397
63 620 10000 10000 1488 10000 10000 10000 10000 10000
64 646 1033 1036 1033 10000 10000 10000 10000 542
65 524 10000 838 10000 10000 440 10000 293 10000
66 513 820 1231 10000 1064 10000 10000 10000 430
67 490 10000 10000 10000 1176 10000 10000 10000 274
68 508 812 1003 1219 10000 284 426 284 10000
69 645 1032 10000 10000 10000 10000 361 10000 10000
70 394 10000 676 10000 10000 10000 10000 10000 10000
71 302 724 10000 10000 724 253 10000 10000 253
72 324 10000 777 10000 10000 10000 10000 193 10000
73 503 804 891 804 10000 296 10000 422 10000
74 417 1000 1000 10000 10000 10000 10000 10000 10000
75 401 10000 856 10000 10000 10000 10000 10000 224
76 546 10000 873 10000 10000 305 10000 305 10000
77 504 1172 10000 10000 889 10000 282 10000 282
78 460 10000 1104 1104 10000 287 10000 386 386
79 536 10000 10000 857 1131 10000 355 10000 10000
80 392 10000 734 10000 10000 219 10000 300 10000
81 484 1085 10000 10000 10000 406 10000 406 10000
82 630 10000 10000 10000 10000 10000 10000 10000 529
83 364 10000 10000 582 10000 10000 266 203 238
84 438 1051 10000 10000 700 10000 10000 10000 10000
85 269 10000 10000 10000 10000 10000 10000 10000 10000
86 378 10000 907 10000 10000 317 211 10000 10000
87 374 10000 10000 10000 10000 10000 10000 10000 209
88 545 1238 10000 872 10000 10000 10000 10000 10000
89 671 10000 10000 10000 1073 10000 10000 10000 10000
90 517 827 956 827 1240 10000 289 434 289
91 688 1651 10000 10000 10000 10000 385 577 10000
92 646 1033 1550 1550 10000 10000 10000 10000 10000
93 311 10000 582 497 10000 10000 10000 233 10000
94 405 972 648 972 10000 10000 340 10000 340
95 369 10000 829 10000 10000 10000 10000 10000 206
96 523 10000 10000 836 10000 439 439 303 10000
97 513 1185 10000 10000 1231 359 10000 10000 10000
98 340 544 10000 544 10000 285 10000 285 190
99 509 10000 1221 1211 1221 10000 10000 285 10000
100 427 1024 10000 10000 10000 10000 10000 10000 239
<precedence relations>
1,17
2,17
3,40
4,11
4,12
5,8
5,9
5,13
5,14
6,15
7,10
7,16
8,17
9,17
10,17
11,17
12,22
13,19
13,26
13,27
13,81
14,18
14,20
14,24
14,25
15,71
15,96
16,21
16,23
17,28
17,29
17,30
17,31
17,32
17,33
17,34
17,35
17,36
17,37
17,38
17,39
18,40
19,40
20,40
21,40
22,41
23,42
23,44
25,45
27,43
28,54
30,88
32,97
37,72
40,46
40,47
40,48
40,49
40,50
40,51
40,52
40,53
41,55
42,56
45,91
46,58
46,62
48,79
49,61
50,66
54,57
55,60
56,59
57,65
58,64
59,63
61,67
61,68
62,66
63,69
64,71
65,70
65,72
65,74
66,73
67,79
68,75
69,76
70,78
71,83
72,77
72,80
74,81
74,100
75,79
75,82
75,84
76,88
77,86
78,87
79,85
79,91
80,89
83,90
84,96
85,92
86,93
87,95
88,94
88,96
88,97
91,99
92,99
93,99
94,98
95,99
97,100
<end>