<number of tasks>
20
<number of stations>
5
<order strength>
0.800
<type of the robots>
4
<robot flexibility>
0.20
<collaboration flexibility>
0.20
<number of robots>
1
1
0
0
<task times>
1 112 10000 10000 10000 10000 10000 10000 10000 94
2 120 10000 10000 288 10000 10000 10000 10000 10000
3 118 10000 283 10000 10000 10000 66 10000 10000
4 245 10000 10000 588 392 205 205 205 10000
5 157 10000 10000 10000 10000 10000 10000 10000 131
6 142 340 10000 340 10000 10000 10000 10000 10000
7 219 10000 10000 10000 10000 183 10000 10000 10000
8 40 10000 10000 10000 10000 33 10000 10000 10000
9 90 10000 216 10000 10000 10000 10000 10000 10000
10 161 10000 10000 10000 10000 10000 90 10000 10000
11 51 10000 10000 10000 10000 10000 10000 10000 10000
12 84 10000 10000 10000 10000 10000 10000 10000 47
13 133 212 10000 10000 10000 10000 85 10000 10000
14 187 448 10000 299 10000 104 10000 10000 10000
15 209 334 334 10000 10000 117 10000 10000 10000
16 194 10000 10000 10000 310 108 10000 10000 10000
17 90 10000 10000 10000 10000 10000 10000 10000 10000
18 117 10000 10000 251 10000 65 10000 10000 10000
19 211 10000 10000 10000 10000 10000 10000 10000 10000
20 249 10000 10000 10000 10000 10000 10000 10000 10000
<precedence relations>
1,3
1,5
2,3
2,4
2,5
3,6
3,7
4,6
4,7
5,6
5,7
6,8
6,10
7,8
7,9
8,11
8,12
9,11
9,14
10,11
10,12
11,13
11,15
12,13
12,14
14,17
15,16
17,18
18,19
18,20
<end>