<number of tasks>
100
<number of stations>
25
<order strength>
0.199
<type of the robots>
4
<robot flexibility>
0.40
<collaboration flexibility>
0.40
<number of robots>
2
1
1
1
<task times>
1 425 10000 10000 10000 680 10000 10000 357 357
2 601 10000 1365 10000 10000 336 504 10000 10000
3 353 10000 564 10000 10000 295 10000 10000 10000
4 372 595 892 892 10000 10000 10000 10000 10000
5 297 10000 10000 10000 10000 166 10000 10000 10000
6 613 1471 10000 980 10000 514 10000 10000 343
7 526 841 10000 10000 10000 10000 294 10000 10000
8 479 10000 1106 10000 766 402 10000 402 354
9 480 10000 959 920 1152 10000 268 403 10000
10 580 1333 1392 1108 10000 10000 487 10000 10000
11 623 1495 996 1206 10000 10000 348 523 10000
12 509 814 1221 10000 10000 10000 10000 10000 10000
13 316 10000 754 10000 758 10000 10000 10000 176
14 378 604 604 10000 604 10000 10000 10000 10000
15 553 10000 884 10000 10000 10000 457 10000 10000
16 704 1689 1689 10000 1689 10000 394 10000 394
17 541 10000 10000 865 1298 10000 10000 10000 10000
18 585 10000 1404 1404 10000 416 10000 10000 327
19 413 10000 10000 10000 10000 231 10000 231 10000
20 583 10000 10000 932 10000 10000 10000 489 445
21 337 10000 10000 10000 748 10000 10000 188 10000
22 704 10000 1126 1581 1689 591 10000 591 591
23 664 1062 1118 1103 1062 371 10000 10000 10000
24 495 792 10000 867 792 277 10000 10000 10000
25 294 10000 10000 10000 10000 246 10000 10000 10000
26 504 806 816 812 10000 282 10000 10000 10000
27 523 10000 836 10000 10000 303 439 10000 292
28 340 795 10000 10000 10000 10000 245 190 190
29 454 739 10000 726 895 381 381 381 10000
30 585 1001 1404 936 936 327 10000 10000 10000
31 392 10000 748 10000 10000 219 10000 219 329
32 460 10000 824 10000 10000 10000 10000 10000 386
33 561 10000 897 897 1346 10000 10000 314 10000
34 530 10000 1209 10000 10000 10000 10000 10000 10000
35 495 10000 10000 793 10000 10000 10000 10000 10000
36 681 10000 1634 10000 1634 435 572 10000 381
37 440 1056 740 10000 10000 369 246 10000 369
38 414 10000 662 662 10000 231 10000 10000 10000
39 734 10000 1424 1761 10000 10000 411 411 10000
40 559 1341 10000 10000 10000 10000 362 10000 10000
41 320 10000 10000 512 10000 10000 10000 179 179
42 500 10000 1193 1200 10000 10000 420 376 10000
43 724 1590 10000 1737 10000 608 405 10000 608
44 505 10000 1075 10000 10000 424 393 10000 424
45 704 10000 1126 1126 10000 591 10000 10000 10000
46 454 1089 726 10000 934 381 10000 254 254
47 584 10000 10000 10000 1401 10000 10000 10000 327
48 525 10000 10000 10000 840 10000 294 10000 10000
49 694 10000 1121 1665 1665 10000 10000 388 10000
50 402 10000 10000 10000 10000 10000 229 282 10000
51 537 859 10000 10000 10000 308 10000 10000 300
52 445 10000 712 712 10000 10000 249 262 10000
53 477 10000 10000 763 10000 10000 10000 10000 400
54 648 10000 10000 10000 10000 10000 544 362 544
55 541 10000 10000 955 10000 302 10000 10000 10000
56 392 940 10000 627 627 10000 10000 329 10000
57 394 630 10000 10000 10000 10000 10000 10000 330
58 559 1341 10000 10000 10000 10000 10000 10000 10000
59 472 895 10000 10000 10000 396 264 10000 10000
60 683 10000 1639 10000 1092 10000 382 10000 10000
61 536 10000 10000 10000 10000 10000 10000 300 10000
62 548 10000 10000 1109 10000 460 306 10000 10000
63 690 10000 10000 10000 10000 10000 386 10000 10000
64 693 10000 10000 1108 10000 10000 10000 10000 10000
65 482 1036 1156 10000 10000 10000 10000 10000 10000
66 728 10000 1747 10000 10000 611 10000 10000 611
67 447 10000 10000 10000 10000 375 375 375 250
68 576 921 921 921 10000 10000 10000 10000 10000
69 876 2102 1405 10000 10000 735 735 522 10000
70 441 10000 10000 705 1058 246 298 370 10000
71 394 10000 630 945 630 10000 330 10000 220
72 188 10000 322 10000 10000 10000 105 10000 10000
73 320 10000 10000 10000 10000 268 10000 10000 10000
74 702 10000 1684 10000 10000 10000 393 10000 393
75 359 10000 767 574 10000 201 10000 10000 10000
76 417 10000 10000 1000 10000 10000 10000 10000 350
77 670 10000 10000 1072 10000 10000 10000 10000 10000
78 737 1768 1179 1179 1179 10000 10000 10000 10000
79 656 10000 10000 10000 10000 367 10000 10000 551
80 491 10000 10000 10000 1178 10000 412 10000 10000
81 564 902 10000 10000 10000 10000 10000 10000 10000
82 422 10000 10000 10000 10000 236 10000 323 10000
83 362 868 661 10000 858 202 10000 304 10000
84 539 10000 1056 10000 862 452 10000 10000 10000
85 477 10000 1144 763 10000 281 349 267 400
86 639 1022 10000 10000 1194 536 357 10000 10000
87 834 1334 1562 10000 1661 10000 10000 467 10000
88 525 10000 10000 10000 1128 441 10000 10000 294
89 467 898 10000 1120 969 10000 10000 10000 10000
90 711 10000 10000 10000 10000 10000 10000 597 10000
91 616 10000 10000 1478 10000 344 10000 461 517
92 713 1599 10000 10000 10000 10000 598 10000 10000
93 619 10000 10000 10000 10000 10000 10000 10000 10000
94 422 10000 675 10000 10000 354 10000 10000 10000
95 677 10000 10000 10000 1624 10000 10000 10000 10000
96 518 10000 828 828 10000 10000 290 435 10000
97 516 1238 1238 968 10000 10000 288 10000 288
98 375 853 10000 900 10000 10000 10000 210 10000
99 715 10000 1338 10000 10000 10000 600 400 10000
100 572 1372 10000 10000 10000 10000 480 10000 10000
<precedence relations>
2,17
2,19
2,64
3,18
4,15
4,21
5,12
5,53
5,60
7,14
7,27
7,58
8,46
9,74
9,79
10,16
10,60
11,13
11,14
11,69
11,73
12,22
12,25
13,20
13,23
13,26
13,65
13,84
14,78
15,26
15,27
15,28
16,61
16,63
17,24
19,21
19,57
20,72
20,78
20,81
21,31
21,56
21,100
22,33
23,29
23,34
23,92
24,92
25,36
26,38
27,37
28,30
28,32
28,35
29,39
29,52
30,43
33,44
33,74
34,41
34,44
34,46
34,56
36,40
36,45
37,42
37,90
38,39
39,51
39,58
40,48
40,56
40,90
41,53
42,49
42,50
42,83
43,47
43,52
45,54
45,55
46,96
47,63
49,57
49,60
50,59
50,62
51,83
52,67
52,94
53,74
53,75
55,61
55,64
56,58
57,69
59,65
60,66
61,70
63,68
63,84
64,67
65,100
66,71
66,73
68,72
68,74
68,75
69,76
69,80
71,78
71,81
71,84
71,96
72,80
72,87
74,81
74,83
74,85
74,89
75,76
75,77
75,79
75,82
75,86
77,90
77,91
78,92
83,93
86,88
86,89
88,95
88,96
89,94
89,97
89,99
89,100
93,98
<end>