<number of tasks>
100
<number of stations>
50
<order strength>
0.895
<type of the robots>
4
<robot flexibility>
0.20
<collaboration flexibility>
0.20
<number of robots>
3
3
2
2
<task times>
1 29 53 10000 10000 10000 16 10000 10000 16
2 34 10000 81 10000 10000 28 10000 10000 10000
3 24 10000 10000 10000 10000 10000 10000 13 10000
4 191 10000 10000 349 10000 10000 160 160 10000
5 142 10000 10000 10000 10000 10000 10000 10000 10000
6 71 10000 10000 139 10000 10000 59 41 10000
7 111 10000 10000 10000 10000 10000 10000 10000 93
8 302 10000 724 724 10000 10000 10000 10000 226
9 100 10000 10000 185 10000 84 10000 10000 84
10 118 188 10000 10000 188 10000 10000 10000 10000
11 56 128 10000 10000 105 10000 31 10000 10000
12 137 328 10000 10000 10000 10000 10000 10000 76
13 294 591 705 10000 705 10000 10000 10000 10000
14 79 10000 10000 10000 10000 10000 56 10000 10000
15 213 10000 10000 10000 10000 10000 10000 10000 10000
16 80 10000 10000 10000 10000 67 67 10000 10000
17 284 454 10000 10000 454 159 10000 10000 159
18 226 542 522 10000 10000 10000 10000 10000 10000
19 30 10000 10000 48 10000 16 10000 18 23
20 119 10000 10000 10000 10000 10000 10000 10000 10000
21 262 10000 10000 10000 10000 146 10000 10000 10000
22 149 10000 10000 10000 10000 10000 10000 10000 10000
23 94 10000 10000 10000 10000 10000 10000 10000 10000
24 103 10000 10000 10000 10000 10000 57 10000 10000
25 83 10000 10000 186 10000 10000 10000 10000 10000
26 100 160 10000 10000 160 56 10000 84 56
27 115 10000 10000 10000 10000 96 95 10000 10000
28 98 10000 10000 10000 10000 10000 10000 10000 82
29 286 457 10000 10000 10000 160 10000 10000 10000
30 223 10000 10000 10000 10000 187 10000 10000 10000
31 88 10000 10000 211 10000 10000 49 49 10000
32 185 347 10000 10000 296 10000 10000 115 10000
33 133 10000 10000 10000 10000 10000 10000 10000 10000
34 181 10000 289 10000 10000 10000 10000 111 10000
35 201 10000 10000 10000 10000 10000 10000 168 112
36 237 10000 399 10000 10000 10000 10000 10000 10000
37 58 10000 93 139 10000 10000 10000 10000 10000
38 166 10000 10000 265 10000 92 10000 92 10000
39 25 10000 10000 56 40 10000 10000 10000 14
40 201 10000 10000 10000 10000 10000 10000 10000 112
41 102 10000 10000 169 10000 10000 10000 10000 10000
42 184 10000 10000 322 294 10000 10000 103 154
43 254 10000 10000 10000 10000 10000 10000 10000 10000
44 50 10000 10000 10000 120 10000 10000 28 10000
45 71 170 10000 10000 10000 10000 59 10000 10000
46 200 480 10000 10000 10000 10000 10000 10000 10000
47 224 10000 10000 10000 10000 10000 10000 10000 10000
48 155 10000 10000 10000 10000 86 10000 86 10000
49 118 10000 10000 10000 10000 10000 66 10000 10000
50 217 10000 10000 520 10000 10000 182 10000 10000
51 216 10000 10000 10000 10000 10000 10000 120 10000
52 111 10000 10000 10000 10000 93 62 10000 10000
53 234 10000 10000 10000 10000 10000 10000 10000 10000
54 315 10000 10000 10000 10000 10000 264 10000 10000
55 125 10000 10000 10000 10000 105 10000 10000 10000
56 225 10000 10000 10000 10000 189 10000 10000 10000
57 212 10000 10000 10000 10000 10000 10000 10000 10000
58 124 10000 10000 10000 297 104 69 10000 69
59 52 10000 10000 10000 10000 10000 10000 10000 10000
60 247 10000 10000 10000 592 138 10000 10000 138
61 225 360 10000 10000 360 10000 189 10000 189
62 74 10000 10000 118 10000 10000 10000 10000 41
63 64 10000 10000 10000 10000 39 10000 10000 10000
64 44 10000 105 10000 10000 10000 10000 10000 10000
65 71 10000 10000 170 170 59 10000 10000 39
66 114 10000 10000 194 10000 10000 63 10000 10000
67 68 10000 10000 139 163 10000 10000 10000 10000
68 30 10000 10000 10000 10000 10000 10000 10000 10000
69 274 10000 438 10000 10000 10000 10000 10000 10000
70 54 10000 10000 86 10000 10000 10000 10000 10000
71 30 48 56 10000 52 10000 10000 10000 10000
72 127 10000 10000 204 10000 10000 10000 10000 10000
73 112 10000 10000 10000 179 10000 10000 10000 10000
74 66 10000 10000 10000 10000 10000 10000 10000 10000
75 85 204 10000 10000 10000 10000 10000 47 10000
76 109 174 174 10000 10000 10000 10000 10000 10000
77 122 10000 292 10000 10000 10000 10000 10000 10000
78 208 10000 499 10000 10000 10000 10000 10000 10000
79 75 10000 10000 10000 10000 42 10000 10000 10000
80 131 10000 10000 10000 10000 10000 10000 10000 73
81 150 10000 240 10000 360 10000 10000 10000 10000
82 80 10000 10000 128 10000 10000 67 10000 10000
83 60 10000 10000 121 10000 10000 10000 10000 10000
84 150 10000 10000 10000 10000 10000 10000 10000 10000
85 51 10000 10000 10000 95 10000 10000 10000 10000
86 91 10000 10000 10000 10000 10000 50 76 10000
87 109 10000 261 10000 10000 10000 10000 10000 10000
88 244 10000 10000 10000 10000 10000 10000 204 10000
89 164 10000 10000 10000 10000 10000 10000 10000 10000
90 30 10000 10000 10000 10000 10000 10000 10000 10000
91 243 10000 10000 10000 10000 204 136 10000 136
92 158 10000 10000 10000 10000 132 132 88 132
93 94 10000 185 10000 10000 10000 10000 10000 10000
94 125 10000 10000 10000 10000 70 70 10000 70
95 96 10000 10000 10000 10000 10000 80 10000 10000
96 86 10000 10000 10000 10000 10000 10000 10000 10000
97 59 10000 10000 10000 124 10000 10000 10000 10000
98 203 10000 359 324 324 10000 10000 10000 10000
99 89 10000 10000 10000 10000 10000 10000 10000 10000
100 102 10000 10000 10000 10000 10000 85 85 10000
<precedence relations>
1,3
1,4
1,6
2,3
2,4
2,5
2,6
3,7
3,8
3,9
3,10
4,7
4,8
4,9
4,10
5,7
5,8
5,9
5,10
6,7
6,8
6,9
6,10
7,11
7,12
7,13
8,11
8,12
8,13
9,11
9,12
9,13
9,14
10,11
10,12
10,13
10,14
11,17
11,18
12,15
12,16
12,18
13,15
13,16
13,17
13,18
14,15
14,16
14,17
14,18
15,19
15,20
15,21
16,19
16,20
16,21
17,19
17,20
17,21
18,19
18,20
18,21
19,22
19,23
19,24
20,22
20,23
20,24
21,22
21,23
21,24
22,25
22,26
22,27
23,25
23,26
24,25
24,26
24,27
25,28
25,29
25,30
26,28
26,29
26,30
27,28
27,29
27,30
28,31
28,32
28,33
28,34
28,35
29,31
29,43
30,31
30,32
30,33
30,34
30,35
31,36
31,39
32,36
32,37
32,39
33,36
33,37
33,38
33,39
34,36
34,37
34,38
34,39
35,36
35,37
35,38
35,39
36,94
36,97
37,40
37,41
37,42
37,43
38,40
38,41
38,42
38,43
39,40
39,41
39,42
40,65
40,67
41,44
41,45
42,45
42,50
43,44
44,46
44,47
44,48
44,49
45,46
45,47
45,77
45,78
45,79
46,81
46,97
47,72
47,83
47,87
48,50
48,51
49,50
49,51
50,52
50,53
50,54
51,52
51,53
51,54
52,55
52,56
52,57
53,55
53,56
53,57
54,55
54,56
54,57
55,58
55,59
55,60
56,58
56,59
56,60
57,58
58,61
58,63
59,62
59,64
60,64
61,67
62,66
62,67
63,65
63,67
64,65
64,66
65,68
65,69
66,68
66,69
67,68
67,69
68,70
68,71
68,72
68,73
69,70
69,71
69,72
69,73
70,74
70,75
71,74
71,75
72,80
73,79
73,82
74,76
74,79
75,77
75,78
75,79
75,81
76,80
76,81
76,85
77,83
77,84
77,85
77,89
78,80
78,82
78,87
79,86
80,88
80,89
81,87
81,96
82,86
83,86
83,96
84,95
85,88
86,94
86,95
87,89
88,90
88,91
90,92
90,93
90,94
90,95
91,92
91,97
92,96
95,97
95,98
95,99
95,100
<end>