<number of tasks>
20
<number of stations>
10
<order strength>
0.200
<type of the robots>
4
<robot flexibility>
0.20
<collaboration flexibility>
0.20
<number of robots>
1
1
1
1
<task times>
1 458 10000 732 10000 10000 256 10000 10000 384
2 327 10000 523 10000 10000 273 274 10000 10000
3 363 10000 10000 637 10000 203 304 10000 10000
4 555 10000 10000 10000 10000 10000 10000 466 10000
5 294 10000 10000 10000 10000 10000 10000 10000 10000
6 373 666 10000 10000 10000 10000 10000 313 208
7 463 1001 10000 10000 989 10000 10000 10000 10000
8 413 660 10000 991 10000 10000 10000 10000 10000
9 413 10000 10000 10000 10000 10000 10000 10000 10000
10 332 10000 10000 10000 10000 10000 10000 10000 185
11 330 10000 10000 10000 528 10000 10000 10000 277
12 432 10000 10000 10000 1036 10000 10000 10000 241
13 629 10000 10000 10000 1187 10000 10000 10000 528
14 517 10000 10000 827 10000 368 289 10000 10000
15 576 10000 1347 10000 921 10000 10000 10000 10000
16 458 10000 10000 10000 880 10000 10000 384 256
17 464 10000 10000 10000 1040 10000 259 10000 10000
18 608 10000 1178 10000 10000 10000 10000 10000 10000
19 278 10000 10000 10000 10000 10000 233 233 10000
20 391 938 10000 10000 10000 10000 10000 10000 10000
<precedence relations>
1,5
2,6
3,8
4,7
4,9
5,10
6,13
7,11
8,12
10,16
11,14
12,15
14,17
15,18
16,19
16,20
<end>