<number of tasks>
20
<number of stations>
5
<order strength>
0.200
<type of the robots>
4
<robot flexibility>
0.00
<collaboration flexibility>
0.00
<number of robots>
0
0
0
0
<task times>
1 27 10000 10000 10000 10000 10000 10000 10000 10000
2 51 10000 10000 89 122 10000 42 10000 10000
3 412 10000 10000 10000 988 10000 10000 10000 10000
4 141 10000 10000 338 10000 118 10000 10000 10000
5 214 10000 10000 10000 342 119 119 10000 10000
6 52 10000 10000 10000 10000 10000 10000 43 10000
7 203 10000 10000 10000 10000 10000 113 10000 10000
8 81 10000 129 10000 10000 10000 10000 10000 68
9 323 10000 606 10000 10000 271 10000 10000 10000
10 143 10000 10000 10000 10000 10000 80 10000 80
11 376 10000 10000 10000 10000 10000 10000 10000 10000
12 22 10000 10000 10000 10000 10000 12 12 10000
13 278 10000 10000 10000 10000 10000 10000 10000 10000
14 391 10000 10000 10000 10000 10000 10000 234 10000
15 223 10000 356 10000 10000 187 10000 10000 10000
16 24 10000 10000 10000 10000 10000 10000 10000 10000
17 354 711 849 10000 10000 10000 10000 10000 10000
18 269 430 10000 10000 10000 10000 10000 10000 10000
19 250 10000 10000 10000 10000 140 10000 10000 10000
20 117 187 10000 10000 10000 10000 10000 10000 10000
<precedence relations>
1,5
2,6
3,8
4,7
5,9
6,10
7,11
7,13
8,12
9,15
10,14
11,17
13,16
14,18
15,19
17,20
<end>