<number of tasks>
20
<number of stations>
10
<order strength>
0.800
<type of the robots>
4
<robot flexibility>
0.20
<collaboration flexibility>
0.20
<number of robots>
1
1
0
0
<task times>
1 479 10000 10000 10000 10000 268 10000 10000 402
2 506 10000 10000 10000 10000 10000 10000 283 425
3 485 10000 10000 10000 10000 10000 10000 407 407
4 424 10000 10000 726 1017 10000 10000 10000 237
5 448 1075 10000 10000 10000 10000 10000 10000 10000
6 570 10000 10000 10000 10000 10000 319 10000 319
7 551 10000 10000 10000 10000 462 10000 10000 10000
8 371 10000 10000 10000 10000 10000 10000 311 10000
9 567 10000 10000 10000 10000 10000 10000 10000 317
10 473 10000 1106 10000 10000 397 10000 10000 10000
11 463 10000 10000 10000 10000 10000 10000 10000 10000
12 639 10000 10000 10000 1022 10000 357 10000 10000
13 563 10000 10000 10000 10000 10000 10000 10000 315
14 497 795 10000 10000 10000 10000 10000 10000 10000
15 216 518 10000 10000 518 10000 138 124 10000
16 526 10000 10000 10000 841 10000 10000 10000 10000
17 538 10000 10000 10000 1291 10000 10000 10000 451
18 484 10000 10000 10000 913 10000 10000 10000 10000
19 307 10000 10000 10000 10000 10000 257 10000 10000
20 578 1387 10000 10000 10000 323 10000 10000 323
<precedence relations>
1,3
1,4
2,3
2,4
3,5
3,6
3,7
4,6
4,7
5,9
6,8
6,11
7,8
8,10
9,11
10,12
10,13
10,14
11,12
11,13
11,14
12,15
12,16
13,17
14,18
17,18
18,19
18,20
<end>