<number of tasks>
20
<number of stations>
10
<order strength>
0.200
<type of the robots>
4
<robot flexibility>
0.40
<collaboration flexibility>
0.40
<number of robots>
1
1
1
1
<task times>
1 458 10000 732 1099 10000 256 10000 10000 384
2 327 10000 523 10000 10000 273 274 10000 10000
3 363 10000 580 637 10000 203 304 304 203
4 555 10000 10000 10000 10000 10000 10000 466 10000
5 294 10000 470 10000 470 10000 10000 10000 246
6 373 666 10000 10000 10000 10000 208 313 208
7 463 1001 740 10000 989 388 268 10000 259
8 413 660 10000 991 10000 10000 10000 10000 346
9 413 10000 10000 10000 660 10000 10000 346 10000
10 332 763 10000 796 10000 278 10000 185 185
11 330 10000 10000 10000 528 10000 10000 277 277
12 432 10000 10000 808 1036 10000 10000 241 241
13 629 10000 10000 10000 1187 10000 528 528 528
14 517 1240 10000 827 10000 368 289 10000 434
15 576 10000 1347 10000 921 10000 10000 344 10000
16 458 732 732 10000 880 10000 10000 384 256
17 464 742 742 10000 1040 10000 259 389 10000
18 608 10000 1178 10000 10000 340 10000 510 10000
19 278 10000 10000 667 667 10000 233 233 10000
20 391 938 10000 10000 10000 10000 328 10000 328
<precedence relations>
1,5
2,6
3,8
4,7
4,9
5,10
6,13
7,11
8,12
10,16
11,14
12,15
14,17
15,18
16,19
16,20
<end>