<number of tasks>
100
<number of stations>
50
<order strength>
0.200
<type of the robots>
4
<robot flexibility>
0.20
<collaboration flexibility>
0.20
<number of robots>
3
3
2
2
<task times>
1 452 10000 10000 10000 10000 253 10000 379 10000
2 274 10000 10000 657 10000 10000 10000 10000 10000
3 170 10000 408 10000 10000 10000 10000 95 10000
4 378 10000 10000 10000 709 10000 10000 10000 211
5 113 201 10000 10000 10000 94 10000 10000 63
6 119 10000 10000 233 285 10000 66 69 99
7 304 10000 10000 10000 10000 10000 10000 223 10000
8 344 10000 10000 10000 10000 10000 10000 10000 10000
9 88 10000 10000 10000 10000 10000 10000 10000 73
10 497 10000 1156 10000 10000 10000 10000 278 10000
11 368 10000 825 10000 10000 10000 309 10000 206
12 210 454 10000 10000 10000 10000 176 10000 10000
13 185 10000 420 10000 10000 132 10000 10000 10000
14 359 10000 574 861 10000 10000 10000 10000 10000
15 150 10000 10000 10000 10000 10000 10000 84 126
16 441 10000 10000 10000 10000 10000 10000 246 10000
17 410 10000 984 984 10000 10000 10000 10000 10000
18 272 10000 628 10000 10000 152 152 10000 228
19 27 43 10000 10000 10000 10000 10000 22 10000
20 122 10000 10000 10000 10000 10000 10000 10000 10000
21 172 10000 10000 10000 10000 10000 10000 10000 10000
22 95 10000 10000 10000 10000 10000 10000 10000 10000
23 219 10000 10000 10000 431 10000 10000 10000 10000
24 140 10000 224 10000 239 10000 10000 78 10000
25 166 10000 10000 10000 10000 10000 10000 103 10000
26 116 10000 10000 10000 10000 10000 10000 10000 10000
27 35 10000 10000 67 10000 10000 10000 29 10000
28 502 10000 10000 10000 10000 10000 10000 10000 10000
29 150 240 10000 10000 360 126 126 10000 10000
30 204 10000 489 10000 10000 10000 10000 10000 10000
31 548 10000 10000 10000 10000 10000 453 10000 10000
32 219 10000 10000 525 525 10000 10000 10000 10000
33 250 10000 10000 10000 10000 210 10000 10000 10000
34 130 10000 10000 10000 267 10000 10000 10000 10000
35 290 10000 10000 10000 10000 10000 162 10000 10000
36 259 10000 10000 621 414 10000 10000 10000 10000
37 85 10000 10000 136 10000 10000 10000 10000 10000
38 289 10000 462 10000 10000 161 10000 10000 10000
39 107 201 10000 10000 10000 10000 89 10000 10000
40 135 10000 10000 10000 10000 10000 113 10000 10000
41 447 1072 10000 10000 731 10000 10000 10000 10000
42 329 10000 10000 10000 10000 184 184 10000 10000
43 74 10000 10000 10000 10000 10000 10000 10000 62
44 37 10000 10000 10000 59 10000 10000 20 20
45 267 10000 10000 10000 640 10000 10000 10000 10000
46 104 10000 10000 10000 10000 10000 10000 58 10000
47 260 10000 10000 10000 10000 10000 10000 10000 10000
48 281 10000 10000 10000 10000 10000 10000 157 236
49 47 10000 10000 10000 10000 10000 10000 39 10000
50 205 10000 414 10000 10000 172 10000 10000 10000
51 503 10000 10000 806 10000 10000 10000 281 10000
52 389 10000 933 10000 622 10000 10000 10000 10000
53 117 10000 223 10000 10000 10000 10000 10000 10000
54 124 10000 10000 10000 198 10000 10000 10000 10000
55 142 10000 10000 10000 10000 10000 10000 79 119
56 258 619 10000 10000 10000 216 216 10000 10000
57 204 358 10000 10000 10000 10000 114 10000 10000
58 166 398 398 10000 10000 10000 10000 10000 10000
59 125 10000 10000 10000 10000 105 105 10000 10000
60 466 1118 784 10000 10000 10000 10000 260 10000
61 183 10000 10000 10000 10000 10000 10000 10000 10000
62 484 10000 1139 10000 10000 10000 10000 10000 10000
63 95 10000 164 152 10000 10000 10000 10000 10000
64 402 10000 10000 10000 10000 10000 10000 337 10000
65 303 567 10000 516 484 169 10000 254 10000
66 196 10000 313 401 10000 164 164 109 10000
67 483 10000 10000 10000 10000 10000 401 10000 10000
68 156 10000 10000 250 10000 10000 10000 10000 10000
69 52 10000 10000 10000 10000 29 10000 43 43
70 36 10000 10000 72 67 10000 10000 20 10000
71 53 10000 10000 10000 10000 10000 29 10000 29
72 443 10000 10000 10000 10000 10000 10000 10000 10000
73 122 10000 10000 10000 10000 10000 95 10000 10000
74 39 10000 10000 10000 10000 32 10000 10000 10000
75 187 354 10000 10000 10000 10000 104 10000 10000
76 220 10000 10000 10000 10000 10000 10000 10000 10000
77 162 10000 259 10000 10000 10000 10000 10000 10000
78 255 10000 412 10000 612 214 10000 10000 214
79 32 76 10000 10000 51 17 19 17 10000
80 40 10000 64 10000 96 10000 10000 33 33
81 272 10000 652 10000 10000 10000 10000 162 10000
82 172 10000 10000 275 10000 10000 10000 144 10000
83 271 10000 10000 10000 10000 10000 10000 10000 10000
84 495 10000 10000 10000 10000 10000 10000 10000 10000
85 20 10000 48 10000 10000 10000 11 10000 10000
86 129 10000 10000 10000 10000 10000 10000 72 10000
87 366 10000 10000 10000 772 10000 10000 10000 204
88 194 10000 465 10000 10000 10000 10000 149 162
89 59 10000 10000 10000 94 10000 10000 10000 10000
90 217 10000 520 347 347 10000 182 10000 10000
91 163 10000 261 391 260 10000 10000 136 91
92 480 10000 10000 10000 10000 10000 10000 10000 403
93 360 10000 10000 10000 10000 10000 201 10000 10000
94 56 10000 10000 10000 10000 10000 10000 47 47
95 407 651 10000 10000 10000 227 10000 10000 10000
96 35 10000 10000 10000 10000 10000 10000 10000 10000
97 111 10000 10000 10000 10000 10000 10000 10000 10000
98 124 10000 10000 10000 10000 10000 10000 10000 10000
99 155 10000 10000 10000 10000 10000 10000 86 10000
100 405 10000 718 10000 10000 340 226 10000 10000
<precedence relations>
1,39
2,40
3,40
4,12
5,14
6,15
7,11
7,13
8,25
9,16
9,45
10,17
11,39
12,20
13,21
14,18
15,18
16,19
16,24
16,26
16,27
17,22
17,23
17,25
17,28
18,39
19,39
20,34
21,36
22,32
25,31
25,33
25,37
25,38
26,30
27,35
28,29
29,39
30,39
31,39
32,40
33,40
34,43
35,41
35,42
35,44
36,47
38,45
38,46
39,48
39,49
39,50
39,51
39,52
40,53
40,54
40,55
40,56
40,57
40,58
41,59
42,60
50,63
57,62
59,61
60,61
61,64
61,65
61,66
62,66
62,69
62,70
63,67
63,68
63,71
63,72
64,73
65,74
65,75
66,79
68,79
69,76
69,78
71,77
73,80
74,81
75,82
75,84
76,85
77,87
78,86
79,83
80,90
81,88
82,89
83,93
84,94
85,92
86,91
88,95
89,95
90,96
91,97
91,99
93,100
94,98
<end>