<number of tasks>
20
<number of stations>
5
<order strength>
0.200
<type of the robots>
4
<robot flexibility>
0.40
<collaboration flexibility>
0.40
<number of robots>
1
1
0
0
<task times>
1 155 287 248 10000 10000 86 10000 130 86
2 128 273 307 307 10000 107 10000 10000 10000
3 167 10000 10000 400 10000 10000 93 140 10000
4 66 10000 10000 10000 105 10000 10000 10000 10000
5 212 10000 10000 10000 452 10000 10000 178 178
6 159 10000 254 254 10000 10000 10000 10000 10000
7 75 133 10000 10000 10000 10000 10000 43 42
8 168 10000 268 10000 403 94 10000 94 10000
9 70 10000 10000 10000 112 58 41 58 39
10 126 272 294 302 10000 105 10000 70 10000
11 22 52 35 10000 35 10000 18 10000 10000
12 186 10000 318 352 10000 133 104 10000 156
13 267 10000 517 10000 10000 10000 10000 224 149
14 69 10000 165 10000 10000 38 10000 10000 57
15 302 10000 724 10000 483 10000 10000 10000 10000
16 192 307 10000 412 10000 161 10000 161 113
17 99 158 10000 10000 237 10000 55 10000 55
18 218 523 10000 523 10000 122 122 183 10000
19 131 10000 10000 314 10000 10000 110 10000 82
20 101 161 242 10000 10000 10000 10000 10000 10000
<precedence relations>
1,5
1,7
1,9
2,6
2,8
8,11
8,12
8,13
9,10
13,14
13,15
13,16
14,17
14,18
14,19
14,20
<end>