<number of tasks>
100
<number of stations>
50
<order strength>
0.200
<type of the robots>
4
<robot flexibility>
0.20
<collaboration flexibility>
0.20
<number of robots>
5
5
5
5
<task times>
1 68 10000 10000 10000 108 10000 10000 10000 38
2 141 225 10000 10000 264 10000 10000 10000 10000
3 288 10000 10000 10000 691 10000 241 241 161
4 55 10000 10000 10000 10000 30 30 10000 10000
5 62 10000 143 10000 10000 10000 52 10000 34
6 193 10000 10000 10000 10000 10000 10000 10000 10000
7 122 10000 10000 292 10000 10000 10000 10000 10000
8 72 10000 10000 10000 10000 10000 10000 10000 60
9 30 10000 63 10000 10000 10000 10000 10000 25
10 233 10000 10000 10000 372 10000 10000 10000 130
11 197 10000 10000 10000 10000 10000 10000 10000 10000
12 189 10000 10000 10000 10000 10000 105 10000 10000
13 111 266 10000 10000 10000 10000 10000 10000 10000
14 249 10000 10000 10000 10000 10000 139 153 10000
15 42 67 10000 10000 10000 10000 10000 10000 10000
16 54 10000 10000 10000 10000 10000 10000 10000 10000
17 202 10000 484 10000 10000 10000 10000 10000 10000
18 140 10000 10000 10000 10000 10000 10000 10000 10000
19 211 506 10000 10000 10000 10000 10000 10000 10000
20 36 10000 10000 86 79 10000 20 10000 10000
21 80 128 128 10000 192 10000 10000 10000 10000
22 283 10000 10000 10000 10000 10000 10000 10000 237
23 237 10000 10000 379 379 10000 10000 10000 10000
24 162 10000 10000 10000 10000 90 10000 10000 10000
25 50 10000 10000 10000 98 10000 10000 10000 10000
26 129 10000 10000 10000 10000 72 79 72 72
27 333 10000 10000 10000 569 10000 10000 10000 10000
28 85 10000 10000 204 10000 10000 10000 10000 71
29 175 10000 280 10000 10000 98 10000 10000 10000
30 173 325 10000 10000 415 10000 10000 10000 10000
31 163 391 10000 10000 10000 10000 91 91 10000
32 31 50 10000 49 10000 10000 26 10000 10000
33 79 135 10000 10000 10000 44 44 10000 10000
34 141 10000 10000 10000 10000 10000 10000 10000 118
35 299 717 516 10000 10000 10000 10000 10000 10000
36 199 10000 10000 10000 10000 10000 10000 10000 10000
37 128 224 10000 10000 10000 10000 10000 10000 10000
38 265 10000 10000 10000 636 10000 10000 10000 10000
39 210 10000 10000 10000 10000 176 10000 10000 10000
40 102 10000 10000 163 10000 10000 66 10000 10000
41 157 10000 10000 10000 10000 10000 10000 10000 10000
42 58 10000 10000 10000 10000 48 10000 10000 10000
43 160 10000 10000 10000 10000 134 10000 10000 10000
44 158 10000 10000 10000 10000 10000 10000 10000 10000
45 63 10000 10000 10000 151 10000 52 10000 10000
46 260 486 10000 10000 10000 10000 10000 145 10000
47 124 10000 10000 10000 10000 10000 10000 10000 10000
48 105 10000 10000 10000 10000 10000 82 10000 10000
49 133 10000 283 213 10000 10000 74 10000 74
50 70 10000 10000 10000 10000 10000 10000 10000 58
51 28 44 10000 44 10000 10000 10000 10000 23
52 32 10000 10000 10000 10000 10000 17 26 10000
53 69 10000 10000 165 110 10000 40 10000 57
54 45 10000 10000 108 10000 10000 25 10000 10000
55 40 10000 10000 10000 10000 10000 10000 10000 10000
56 193 10000 463 10000 463 116 10000 10000 108
57 45 108 72 10000 10000 10000 10000 10000 10000
58 31 10000 10000 49 10000 10000 10000 10000 10000
59 137 10000 10000 220 219 10000 10000 10000 10000
60 100 240 10000 10000 10000 10000 56 10000 10000
61 72 10000 10000 10000 10000 10000 10000 10000 10000
62 29 69 10000 10000 10000 10000 16 10000 10000
63 133 10000 10000 212 10000 10000 111 79 10000
64 131 10000 10000 231 10000 10000 73 10000 10000
65 288 460 10000 460 10000 10000 10000 10000 241
66 74 10000 10000 10000 10000 10000 10000 62 10000
67 173 10000 10000 10000 10000 10000 10000 10000 10000
68 196 10000 10000 10000 10000 10000 10000 10000 10000
69 85 10000 204 10000 10000 10000 10000 10000 10000
70 35 56 10000 10000 10000 10000 10000 10000 20
71 198 10000 10000 10000 10000 10000 10000 10000 10000
72 266 10000 10000 10000 10000 223 10000 223 10000
73 142 10000 10000 10000 282 10000 10000 10000 10000
74 199 318 10000 318 10000 10000 10000 10000 111
75 81 10000 10000 129 174 10000 10000 10000 10000
76 164 10000 10000 10000 10000 10000 10000 10000 137
77 130 10000 312 246 10000 10000 10000 10000 10000
78 254 10000 10000 10000 10000 10000 10000 10000 10000
79 130 208 10000 10000 312 10000 10000 72 10000
80 63 151 10000 10000 111 52 52 10000 10000
81 88 10000 160 10000 10000 10000 49 10000 10000
82 207 10000 10000 10000 10000 10000 10000 10000 10000
83 160 10000 10000 10000 10000 10000 10000 10000 10000
84 72 10000 10000 10000 10000 10000 10000 10000 60
85 262 10000 10000 419 10000 10000 10000 10000 171
86 62 10000 10000 10000 10000 10000 10000 10000 10000
87 229 10000 10000 10000 10000 10000 10000 10000 10000
88 50 96 10000 10000 10000 10000 10000 10000 42
89 167 10000 312 10000 267 140 10000 10000 10000
90 106 10000 10000 169 10000 89 10000 10000 10000
91 190 10000 10000 456 10000 10000 10000 10000 10000
92 72 163 10000 10000 10000 10000 10000 10000 10000
93 135 324 10000 216 10000 10000 75 10000 10000
94 194 465 10000 10000 10000 108 10000 10000 10000
95 236 10000 10000 10000 10000 10000 10000 10000 10000
96 212 508 392 10000 10000 10000 178 10000 10000
97 95 10000 10000 10000 202 67 10000 10000 53
98 177 10000 10000 10000 10000 10000 102 10000 10000
99 58 10000 10000 10000 139 10000 10000 10000 10000
100 117 10000 10000 10000 10000 65 10000 10000 10000
<precedence relations>
1,22
2,22
3,8
4,10
4,11
5,9
7,11
7,12
7,13
8,18
9,17
9,19
9,21
9,98
10,14
10,15
11,16
11,20
12,74
14,22
15,22
16,54
17,24
18,25
18,28
18,29
18,30
18,54
19,26
20,27
21,23
22,31
22,32
22,33
22,34
22,35
22,36
22,37
22,38
22,39
22,40
22,41
22,42
23,54
24,43
25,44
26,45
29,47
30,46
33,52
37,50
39,50
39,56
40,53
41,51
43,54
44,49
45,48
48,54
49,56
50,57
50,61
52,55
52,58
52,59
52,62
53,60
54,63
54,64
54,65
54,66
54,67
54,68
54,69
54,70
54,74
55,71
56,73
56,88
57,72
58,76
59,74
60,75
60,87
62,76
64,99
65,82
70,83
71,77
72,79
73,78
74,81
75,80
77,84
78,85
79,87
80,86
81,88
83,89
84,91
85,90
86,92
87,94
89,93
89,95
90,96
91,97
92,98
94,100
95,99
95,100
<end>