<number of tasks>
20
<number of stations>
10
<order strength>
0.200
<type of the robots>
4
<robot flexibility>
0.40
<collaboration flexibility>
0.40
<number of robots>
1
1
0
0
<task times>
1 527 10000 10000 1264 10000 10000 10000 10000 10000
2 491 10000 785 10000 10000 10000 10000 412 10000
3 346 10000 10000 10000 10000 193 10000 290 290
4 137 219 219 10000 294 10000 10000 115 10000
5 481 1154 10000 10000 10000 402 404 10000 10000
6 519 926 830 1245 10000 290 290 435 10000
7 375 811 877 900 900 315 10000 215 10000
8 480 10000 10000 768 10000 403 278 268 10000
9 433 10000 705 1039 10000 10000 10000 10000 10000
10 230 552 10000 10000 10000 164 10000 10000 10000
11 366 10000 10000 10000 10000 204 10000 10000 10000
12 572 10000 10000 10000 10000 10000 10000 10000 10000
13 595 10000 1019 10000 10000 10000 499 499 499
14 411 657 10000 10000 10000 10000 10000 10000 10000
15 432 691 10000 10000 10000 10000 10000 241 362
16 543 10000 868 10000 10000 456 10000 10000 304
17 398 10000 636 10000 10000 10000 10000 10000 334
18 508 10000 984 10000 10000 284 10000 10000 10000
19 538 10000 1291 10000 1291 10000 10000 10000 10000
20 405 972 972 768 10000 226 226 10000 226
<precedence relations>
1,9
3,6
4,5
4,7
4,8
7,12
8,10
9,11
10,13
10,15
10,16
10,17
12,14
17,18
17,19
17,20
<end>