<number of tasks>
20
<number of stations>
5
<order strength>
0.800
<type of the robots>
4
<robot flexibility>
0.00
<collaboration flexibility>
0.00
<number of robots>
0
0
0
0
<task times>
1 500 926 10000 10000 10000 10000 10000 10000 10000
2 359 766 574 10000 10000 10000 10000 10000 10000
3 583 10000 10000 10000 10000 10000 10000 10000 10000
4 572 10000 10000 10000 10000 10000 10000 10000 10000
5 584 10000 10000 10000 1401 10000 10000 327 10000
6 410 10000 10000 10000 10000 344 10000 262 10000
7 463 1001 10000 10000 10000 10000 10000 10000 10000
8 535 10000 10000 10000 10000 449 10000 10000 10000
9 608 10000 10000 10000 1306 10000 340 10000 10000
10 408 10000 10000 10000 10000 10000 10000 10000 10000
11 458 1099 10000 10000 1099 10000 10000 10000 384
12 703 10000 10000 1544 10000 10000 10000 590 10000
13 443 890 708 10000 10000 10000 10000 10000 10000
14 421 10000 10000 10000 10000 10000 353 10000 353
15 461 1106 10000 10000 10000 10000 10000 10000 10000
16 441 10000 10000 1058 10000 10000 10000 370 10000
17 537 10000 10000 10000 10000 10000 10000 10000 10000
18 265 10000 10000 10000 10000 10000 10000 10000 10000
19 402 964 10000 10000 10000 10000 10000 10000 225
20 560 10000 10000 10000 10000 10000 10000 313 10000
<precedence relations>
1,2
1,3
1,4
2,5
2,6
3,5
3,6
4,18
5,7
5,8
6,7
6,8
7,9
7,10
7,11
8,9
8,10
8,11
9,12
9,13
10,14
11,12
11,13
11,14
12,15
12,17
13,16
13,19
14,15
14,16
15,18
15,19
16,17
16,18
18,20
<end>