<number of tasks>
50
<number of stations>
13
<order strength>
0.199
<type of the robots>
4
<robot flexibility>
0.40
<collaboration flexibility>
0.40
<number of robots>
1
1
1
0
<task times>
1 480 889 1152 777 10000 10000 10000 268 10000
2 582 1242 10000 1175 10000 10000 488 488 10000
3 456 729 729 1094 10000 10000 10000 278 10000
4 536 1286 1286 10000 950 300 10000 10000 10000
5 436 10000 10000 10000 10000 366 10000 244 365
6 384 10000 614 10000 10000 10000 10000 10000 10000
7 361 10000 771 10000 10000 10000 10000 10000 10000
8 560 10000 10000 10000 1344 313 10000 10000 10000
9 447 10000 10000 10000 10000 10000 10000 250 250
10 432 1036 691 1036 10000 362 10000 362 10000
11 358 719 572 10000 10000 300 300 300 10000
12 514 822 10000 10000 939 10000 10000 287 10000
13 434 1041 1041 10000 10000 10000 10000 10000 364
14 407 651 10000 685 797 10000 10000 10000 10000
15 484 1161 774 774 10000 271 271 10000 278
16 555 888 10000 1077 10000 10000 10000 310 406
17 562 10000 10000 1341 10000 10000 314 10000 10000
18 520 10000 10000 10000 1248 291 436 336 10000
19 471 753 10000 1002 871 263 10000 395 10000
20 340 816 10000 10000 544 10000 10000 10000 10000
21 800 1280 1920 1661 10000 448 10000 448 10000
22 430 807 811 10000 688 361 10000 10000 240
23 467 10000 10000 747 10000 261 261 261 10000
24 533 1279 1279 861 1279 298 10000 298 298
25 460 10000 1070 10000 10000 257 10000 10000 386
26 675 10000 1080 10000 1263 10000 10000 10000 566
27 247 10000 475 395 10000 138 138 10000 10000
28 424 821 951 10000 1017 356 356 242 10000
29 574 10000 1377 10000 918 10000 482 10000 482
30 747 10000 1697 10000 10000 10000 10000 10000 10000
31 512 1228 819 1228 10000 10000 10000 286 10000
32 582 10000 1396 10000 1396 10000 488 10000 360
33 246 432 393 10000 10000 206 10000 10000 10000
34 479 1149 10000 766 1149 10000 402 402 293
35 603 1325 1205 10000 10000 10000 506 10000 10000
36 484 1161 10000 774 10000 406 10000 10000 10000
37 567 10000 1360 907 1098 10000 10000 10000 10000
38 399 957 10000 638 638 335 223 335 335
39 533 10000 852 10000 10000 10000 447 10000 10000
40 471 881 1130 1130 1130 263 10000 10000 10000
41 646 1033 1060 10000 10000 10000 542 10000 10000
42 465 1116 10000 10000 744 390 260 10000 10000
43 439 10000 10000 1053 10000 10000 10000 10000 245
44 641 1025 10000 10000 1538 10000 358 10000 10000
45 569 10000 10000 910 910 340 477 318 10000
46 470 10000 999 1128 10000 10000 263 263 394
47 576 1382 1382 1137 10000 483 10000 483 10000
48 554 10000 886 951 10000 10000 10000 310 10000
49 712 1708 10000 1708 10000 10000 10000 10000 398
50 613 10000 1032 10000 1471 10000 514 10000 343
<precedence relations>
1,15
2,8
2,10
2,12
2,14
3,11
3,14
4,17
5,37
5,48
6,9
6,13
7,10
7,43
8,16
9,19
10,16
12,17
13,18
14,18
15,20
15,31
16,23
16,29
16,47
17,42
18,26
19,22
19,25
19,27
20,21
20,24
20,28
23,46
25,34
26,30
26,33
26,35
27,31
27,32
28,36
28,37
29,38
30,40
31,39
32,38
32,41
36,49
37,42
38,46
40,45
41,43
41,44
42,47
43,49
45,48
46,50
47,49
<end>