<number of tasks>
100
<number of stations>
50
<order strength>
0.895
<type of the robots>
4
<robot flexibility>
0.20
<collaboration flexibility>
0.20
<number of robots>
3
3
2
2
<task times>
1 197 10000 315 472 315 10000 10000 10000 110
2 144 10000 10000 10000 10000 10000 120 10000 10000
3 183 10000 352 10000 10000 10000 10000 10000 10000
4 318 508 713 10000 10000 10000 10000 10000 10000
5 74 10000 177 10000 10000 10000 10000 10000 10000
6 146 10000 331 10000 10000 10000 10000 10000 10000
7 87 10000 10000 10000 10000 10000 10000 73 10000
8 224 400 10000 10000 10000 10000 10000 10000 188
9 215 465 344 10000 443 10000 180 10000 10000
10 473 10000 10000 756 10000 10000 10000 10000 10000
11 291 10000 10000 10000 10000 10000 10000 244 10000
12 400 10000 924 10000 10000 10000 10000 10000 10000
13 538 10000 10000 10000 10000 10000 10000 10000 301
14 495 10000 10000 10000 10000 277 346 10000 10000
15 539 10000 862 10000 10000 10000 10000 452 362
16 55 10000 10000 10000 88 10000 10000 10000 10000
17 94 10000 225 10000 10000 78 10000 10000 10000
18 277 10000 10000 529 10000 10000 155 10000 10000
19 606 10000 10000 10000 1454 10000 10000 339 10000
20 182 365 10000 10000 10000 10000 10000 152 10000
21 53 10000 87 10000 10000 10000 10000 10000 10000
22 349 10000 741 10000 10000 10000 10000 10000 293
23 210 336 10000 504 10000 10000 10000 10000 10000
24 136 10000 10000 10000 10000 76 10000 10000 76
25 130 10000 10000 10000 10000 10000 10000 10000 10000
26 286 10000 10000 10000 686 160 10000 10000 10000
27 278 444 10000 10000 667 10000 10000 10000 10000
28 95 152 10000 10000 152 10000 10000 10000 10000
29 55 10000 10000 10000 10000 10000 30 30 30
30 65 10000 10000 10000 10000 10000 10000 54 10000
31 253 10000 10000 443 404 10000 10000 10000 10000
32 505 1181 10000 10000 1212 424 10000 10000 10000
33 73 10000 175 10000 175 10000 10000 10000 10000
34 98 10000 10000 10000 156 10000 82 10000 10000
35 231 10000 369 10000 10000 10000 10000 129 194
36 186 10000 10000 10000 446 10000 10000 10000 10000
37 373 10000 10000 10000 10000 208 10000 10000 10000
38 217 10000 10000 10000 10000 121 10000 10000 10000
39 232 10000 10000 371 10000 10000 10000 10000 10000
40 124 297 10000 10000 10000 104 10000 69 69
41 376 10000 10000 10000 902 10000 10000 10000 210
42 130 228 262 10000 10000 109 10000 10000 109
43 464 10000 10000 10000 10000 10000 10000 10000 389
44 579 10000 1389 10000 10000 10000 486 324 324
45 242 10000 10000 10000 10000 10000 10000 10000 10000
46 128 10000 244 262 10000 10000 10000 10000 10000
47 34 10000 10000 10000 10000 28 28 10000 24
48 275 10000 492 440 10000 10000 10000 10000 231
49 23 10000 10000 10000 10000 10000 19 10000 10000
50 484 10000 10000 10000 1004 10000 10000 10000 406
51 88 211 10000 10000 10000 10000 49 10000 10000
52 159 10000 10000 10000 10000 10000 10000 10000 89
53 317 10000 10000 10000 10000 10000 177 10000 10000
54 286 686 10000 10000 10000 10000 184 10000 10000
55 281 10000 546 10000 10000 10000 10000 197 10000
56 28 52 66 10000 10000 10000 10000 10000 10000
57 161 10000 10000 10000 10000 90 10000 10000 10000
58 75 10000 10000 120 10000 63 10000 10000 10000
59 124 198 10000 10000 10000 69 10000 10000 104
60 446 10000 1070 10000 1070 10000 347 10000 10000
61 457 10000 736 10000 10000 10000 255 10000 10000
62 611 1158 10000 10000 10000 10000 10000 10000 10000
63 310 10000 10000 496 10000 10000 10000 10000 10000
64 175 10000 10000 10000 10000 10000 98 98 10000
65 258 10000 10000 10000 10000 10000 10000 10000 10000
66 147 10000 235 10000 10000 10000 10000 10000 10000
67 537 10000 10000 10000 10000 10000 306 300 10000
68 279 10000 669 10000 10000 10000 156 10000 10000
69 513 10000 10000 10000 10000 10000 430 10000 10000
70 108 10000 10000 10000 10000 10000 10000 90 10000
71 558 10000 10000 10000 10000 10000 10000 10000 364
72 101 10000 161 10000 10000 10000 84 10000 10000
73 518 1243 1243 1243 10000 10000 10000 10000 10000
74 224 10000 10000 10000 10000 10000 10000 10000 10000
75 275 10000 10000 10000 10000 10000 10000 154 154
76 239 10000 10000 10000 525 10000 10000 10000 200
77 193 10000 10000 10000 10000 10000 10000 10000 10000
78 490 10000 10000 10000 10000 274 10000 10000 10000
79 543 868 10000 10000 1303 10000 10000 304 10000
80 158 337 252 379 10000 132 132 10000 88
81 221 353 10000 10000 530 10000 150 10000 123
82 192 10000 10000 10000 408 10000 10000 161 10000
83 458 10000 10000 10000 10000 10000 10000 10000 10000
84 502 10000 10000 10000 10000 10000 421 10000 10000
85 268 10000 10000 428 10000 10000 10000 10000 10000
86 326 10000 10000 10000 10000 10000 10000 10000 273
87 169 10000 270 10000 10000 10000 10000 10000 10000
88 202 10000 10000 10000 10000 10000 169 10000 10000
89 278 10000 10000 10000 448 10000 10000 10000 10000
90 180 10000 10000 10000 10000 10000 100 151 10000
91 546 10000 1310 10000 10000 10000 361 10000 10000
92 46 10000 10000 10000 10000 38 10000 25 10000
93 434 10000 10000 10000 1041 10000 318 10000 10000
94 220 10000 528 523 10000 10000 10000 10000 10000
95 136 10000 251 217 10000 10000 10000 10000 10000
96 447 10000 10000 10000 10000 375 10000 10000 10000
97 420 10000 10000 10000 672 10000 10000 10000 10000
98 207 10000 10000 10000 10000 10000 115 10000 10000
99 150 10000 10000 10000 10000 10000 84 10000 10000
100 490 784 10000 10000 10000 10000 10000 411 10000
<precedence relations>
1,5
1,6
1,7
2,5
2,6
2,7
3,5
3,6
3,7
4,5
4,6
4,7
5,8
5,9
6,8
6,9
7,8
7,9
8,10
8,11
8,12
8,13
9,10
9,11
9,12
9,13
10,14
10,15
10,16
11,14
11,15
11,16
12,14
12,15
12,16
13,14
13,15
13,16
14,17
14,18
14,19
14,20
14,21
15,17
15,18
15,19
15,20
15,21
16,17
16,18
16,19
16,20
16,21
17,22
17,23
18,22
18,23
19,22
19,23
20,22
20,23
21,22
21,23
22,24
22,25
22,26
23,24
23,25
23,26
24,27
24,28
24,29
24,30
25,27
25,28
25,29
25,30
26,27
26,28
26,29
26,30
27,31
27,32
27,33
27,34
28,31
28,32
28,33
28,34
29,31
29,32
29,33
29,34
30,31
30,32
30,33
30,34
31,35
31,36
32,35
32,36
33,35
33,36
34,35
34,36
35,37
35,38
36,37
36,38
37,39
37,40
37,41
37,42
38,39
38,40
38,41
38,42
39,43
39,44
39,45
40,43
40,44
40,45
41,43
41,44
41,45
42,43
42,44
42,45
43,49
43,59
44,46
44,47
44,48
45,46
45,48
46,49
46,50
47,49
47,51
47,64
48,49
48,50
48,52
49,68
50,53
50,56
50,68
51,53
51,57
51,61
52,54
52,55
53,69
53,80
54,83
54,86
54,87
55,58
55,59
56,64
56,66
56,70
56,76
57,79
58,62
59,60
59,61
59,65
60,63
60,64
60,79
61,66
61,67
62,63
62,64
62,65
62,66
62,67
63,69
63,70
63,71
64,80
65,70
66,69
66,83
66,87
67,68
68,70
68,71
68,72
69,91
69,94
69,95
70,73
70,78
71,83
72,73
72,74
73,77
73,83
74,75
74,76
74,77
74,78
74,79
75,80
76,80
77,81
78,89
78,93
79,82
80,84
81,84
81,85
81,86
82,83
82,84
82,85
82,86
83,88
83,89
83,90
84,87
84,88
84,89
84,90
85,87
85,95
86,92
87,92
87,94
87,96
88,91
88,99
89,92
89,95
89,96
90,93
90,94
90,95
91,100
93,96
93,97
94,98
94,100
95,97
95,99
<end>