<number of tasks>
100
<number of stations>
50
<order strength>
0.895
<type of the robots>
4
<robot flexibility>
0.00
<collaboration flexibility>
0.00
<number of robots>
0
0
0
0
<task times>
1 225 10000 10000 10000 10000 126 126 10000 130
2 357 10000 10000 10000 571 10000 10000 10000 10000
3 308 492 10000 10000 10000 10000 10000 172 10000
4 298 10000 715 10000 10000 10000 10000 10000 250
5 105 10000 10000 10000 10000 10000 88 58 10000
6 450 10000 720 10000 720 10000 10000 10000 252
7 302 724 10000 558 10000 10000 10000 10000 10000
8 62 10000 10000 99 10000 10000 10000 36 46
9 398 10000 10000 10000 636 10000 10000 10000 334
10 103 10000 10000 10000 10000 10000 10000 10000 10000
11 207 10000 10000 10000 10000 173 10000 10000 10000
12 94 188 10000 10000 10000 10000 10000 78 10000
13 527 1264 10000 10000 10000 295 10000 10000 10000
14 60 10000 10000 10000 10000 10000 10000 38 10000
15 477 10000 1144 10000 10000 267 10000 10000 10000
16 505 10000 10000 10000 10000 10000 10000 10000 10000
17 121 193 10000 290 10000 67 10000 78 10000
18 144 10000 10000 345 10000 80 10000 10000 10000
19 90 10000 10000 10000 10000 10000 10000 50 10000
20 154 10000 10000 10000 10000 10000 86 10000 10000
21 105 10000 10000 10000 10000 10000 10000 10000 10000
22 92 10000 10000 10000 10000 10000 77 10000 77
23 165 10000 10000 264 10000 10000 10000 10000 10000
24 102 10000 10000 10000 10000 10000 10000 10000 10000
25 336 10000 10000 10000 10000 10000 10000 10000 10000
26 31 10000 10000 10000 10000 10000 26 10000 10000
27 40 10000 10000 64 10000 10000 10000 10000 31
28 29 10000 10000 10000 10000 10000 10000 10000 24
29 291 10000 10000 10000 10000 10000 10000 10000 162
30 47 10000 10000 10000 112 10000 10000 10000 26
31 189 10000 10000 10000 10000 10000 105 10000 10000
32 172 10000 10000 10000 10000 10000 10000 10000 10000
33 488 10000 10000 10000 10000 10000 10000 10000 273
34 344 10000 10000 554 10000 10000 10000 10000 10000
35 144 230 230 10000 10000 10000 10000 10000 120
36 31 10000 10000 10000 10000 10000 10000 10000 10000
37 194 10000 10000 10000 10000 10000 140 10000 10000
38 42 67 10000 10000 10000 10000 10000 10000 10000
39 33 10000 10000 10000 10000 10000 10000 10000 10000
40 43 103 10000 10000 10000 10000 10000 10000 10000
41 25 60 10000 10000 10000 10000 10000 10000 10000
42 366 10000 10000 10000 10000 10000 10000 10000 10000
43 514 902 10000 10000 822 10000 10000 10000 10000
44 490 1176 10000 825 1176 10000 10000 10000 10000
45 101 10000 10000 161 10000 10000 10000 56 77
46 84 201 10000 10000 10000 10000 10000 10000 47
47 192 10000 10000 10000 460 10000 10000 161 10000
48 134 10000 10000 214 10000 112 112 10000 10000
49 115 10000 10000 10000 184 96 10000 10000 64
50 53 10000 10000 10000 10000 10000 10000 29 29
51 42 10000 10000 10000 10000 23 35 10000 10000
52 145 10000 10000 10000 348 121 121 10000 10000
53 93 10000 10000 10000 10000 10000 10000 10000 10000
54 509 10000 10000 10000 10000 10000 10000 10000 10000
55 204 10000 326 10000 10000 10000 10000 10000 171
56 27 43 43 43 10000 10000 15 10000 22
57 190 10000 10000 10000 10000 114 10000 10000 10000
58 163 10000 10000 10000 10000 136 10000 91 10000
59 151 10000 10000 10000 10000 10000 10000 84 84
60 95 228 10000 10000 10000 10000 10000 10000 10000
61 30 10000 10000 10000 10000 25 10000 10000 16
62 77 10000 184 10000 10000 10000 10000 10000 10000
63 272 10000 10000 10000 10000 10000 10000 10000 10000
64 26 10000 10000 10000 10000 21 10000 10000 10000
65 491 10000 10000 10000 10000 10000 10000 10000 10000
66 140 10000 224 224 10000 78 10000 10000 10000
67 147 10000 10000 10000 10000 123 10000 87 10000
68 430 10000 10000 10000 10000 240 10000 10000 10000
69 413 10000 10000 10000 10000 231 10000 10000 10000
70 198 10000 10000 10000 10000 10000 10000 10000 10000
71 106 10000 10000 10000 10000 10000 10000 10000 10000
72 521 10000 10000 919 10000 10000 291 10000 10000
73 64 10000 10000 10000 10000 35 10000 35 10000
74 96 10000 10000 10000 230 10000 10000 10000 10000
75 24 10000 10000 38 56 10000 10000 10000 10000
76 111 177 10000 210 10000 10000 10000 10000 10000
77 326 10000 10000 10000 609 10000 182 10000 10000
78 436 10000 10000 10000 10000 10000 10000 366 10000
79 135 10000 324 10000 10000 10000 75 10000 10000
80 126 10000 10000 10000 10000 10000 70 10000 105
81 300 10000 10000 10000 10000 10000 10000 168 10000
82 251 10000 10000 10000 10000 10000 10000 10000 10000
83 417 10000 10000 10000 10000 10000 10000 10000 10000
84 38 10000 10000 10000 10000 10000 10000 10000 10000
85 67 10000 10000 10000 10000 56 10000 10000 10000
86 492 10000 10000 10000 10000 10000 10000 275 10000
87 227 528 10000 10000 10000 127 10000 10000 10000
88 445 10000 10000 10000 10000 10000 301 249 10000
89 35 10000 10000 72 10000 10000 10000 10000 10000
90 87 10000 10000 10000 10000 10000 10000 10000 10000
91 547 10000 10000 875 10000 10000 10000 10000 10000
92 178 10000 10000 427 10000 149 10000 10000 149
93 98 10000 10000 10000 10000 10000 10000 54 10000
94 516 10000 10000 10000 1238 10000 10000 10000 433
95 70 10000 10000 168 10000 58 58 10000 39
96 346 10000 10000 10000 610 10000 193 10000 10000
97 405 10000 10000 10000 10000 10000 268 10000 10000
98 569 10000 1365 10000 910 10000 10000 10000 461
99 329 10000 616 10000 10000 10000 10000 10000 10000
100 102 10000 10000 10000 10000 85 10000 57 10000
<precedence relations>
1,5
1,6
2,5
2,6
3,5
3,6
4,5
4,6
5,7
5,8
5,9
5,10
6,7
6,8
6,9
6,10
7,11
7,12
8,11
8,12
9,11
9,12
10,11
10,12
11,13
11,14
11,15
12,13
12,14
12,15
13,16
13,17
13,18
14,16
14,17
14,18
15,16
15,17
15,18
16,19
16,20
16,21
16,22
17,19
17,20
17,21
17,22
18,19
18,20
18,21
18,22
19,23
19,24
19,25
19,26
19,27
20,23
20,24
20,25
21,23
21,27
22,23
22,24
22,25
22,26
22,27
23,28
23,29
24,28
24,29
24,30
24,31
24,32
25,28
25,31
25,32
26,28
26,29
26,30
26,31
27,28
27,29
27,31
28,33
28,34
28,35
29,33
29,34
29,35
30,33
30,34
30,35
31,33
31,37
32,35
33,36
33,38
34,36
34,37
34,38
35,36
35,37
35,38
36,39
36,40
36,41
37,39
37,40
37,41
37,42
38,40
38,42
39,43
39,44
39,45
40,43
40,44
40,45
41,60
41,63
42,45
42,46
42,49
43,46
43,47
43,49
44,62
45,47
45,48
45,57
46,53
46,58
47,52
47,60
48,60
48,64
48,67
49,50
49,51
49,56
50,54
50,57
50,68
51,54
51,55
51,57
51,59
52,54
52,55
52,58
52,59
53,56
53,69
54,61
54,62
56,60
57,69
58,70
58,71
59,80
60,62
60,65
61,63
61,64
62,66
62,78
63,67
63,69
64,69
65,66
65,68
66,71
66,79
67,71
68,70
68,71
69,70
70,74
71,72
71,73
72,92
73,80
74,75
74,76
74,77
75,78
75,80
76,78
76,79
76,82
77,79
77,81
78,81
79,84
79,88
80,81
80,82
81,83
81,84
81,85
81,86
82,84
82,85
84,90
84,91
85,87
85,91
86,87
86,88
86,89
88,97
89,92
90,93
90,100
91,92
91,93
91,94
92,95
92,96
94,99
95,98
95,99
95,100
96,97
<end>