<number of tasks>
50
<number of stations>
13
<order strength>
0.201
<type of the robots>
4
<robot flexibility>
0.00
<collaboration flexibility>
0.00
<number of robots>
0
0
0
0
<task times>
1 89 10000 10000 10000 10000 50 10000 10000 10000
2 26 10000 10000 59 10000 21 10000 10000 10000
3 57 10000 106 10000 10000 31 10000 10000 10000
4 216 385 10000 10000 10000 10000 181 10000 10000
5 109 10000 174 10000 10000 10000 10000 10000 91
6 67 144 10000 10000 10000 10000 10000 10000 10000
7 90 10000 216 10000 10000 10000 10000 10000 10000
8 22 35 35 10000 10000 10000 10000 10000 10000
9 221 507 10000 10000 10000 10000 10000 10000 10000
10 280 10000 10000 559 10000 10000 10000 156 10000
11 236 10000 447 566 380 198 10000 10000 10000
12 303 10000 10000 10000 10000 10000 10000 10000 10000
13 333 10000 10000 10000 532 186 10000 186 186
14 46 10000 98 10000 10000 25 10000 10000 10000
15 197 10000 10000 10000 10000 10000 165 10000 10000
16 65 10000 10000 10000 10000 10000 10000 10000 10000
17 21 10000 10000 10000 10000 10000 10000 11 10000
18 204 10000 10000 10000 381 171 10000 10000 10000
19 235 10000 10000 10000 10000 10000 10000 10000 197
20 129 206 10000 309 10000 10000 10000 10000 72
21 51 10000 108 10000 10000 28 28 10000 10000
22 217 520 10000 10000 10000 10000 10000 10000 10000
23 74 10000 118 10000 10000 10000 10000 10000 10000
24 46 10000 73 10000 10000 10000 10000 10000 10000
25 143 10000 10000 228 10000 10000 10000 10000 10000
26 208 332 10000 332 10000 10000 10000 116 10000
27 279 10000 10000 669 10000 10000 10000 10000 10000
28 152 355 10000 364 10000 10000 10000 10000 10000
29 253 10000 10000 10000 404 10000 10000 141 10000
30 26 10000 10000 10000 10000 10000 14 10000 10000
31 237 10000 10000 10000 10000 10000 10000 10000 10000
32 58 10000 10000 92 10000 10000 48 42 10000
33 193 10000 308 10000 10000 10000 10000 10000 10000
34 136 10000 10000 10000 10000 10000 10000 10000 114
35 122 10000 292 10000 10000 10000 68 10000 10000
36 303 10000 10000 727 10000 10000 10000 10000 10000
37 147 10000 342 10000 10000 10000 10000 10000 10000
38 92 10000 10000 164 10000 10000 10000 10000 10000
39 63 10000 10000 100 10000 10000 10000 10000 10000
40 190 10000 304 10000 304 10000 10000 159 10000
41 233 10000 10000 10000 10000 10000 10000 10000 10000
42 69 165 10000 157 10000 10000 10000 10000 57
43 72 10000 10000 10000 10000 10000 10000 10000 10000
44 134 321 10000 10000 10000 112 112 75 10000
45 100 10000 10000 10000 160 84 10000 84 10000
46 188 10000 10000 10000 10000 10000 10000 10000 10000
47 48 10000 114 10000 10000 10000 10000 10000 10000
48 132 10000 10000 211 10000 110 110 10000 10000
49 88 10000 10000 10000 10000 10000 10000 10000 10000
50 67 10000 10000 10000 10000 37 56 10000 37
<precedence relations>
1,11
2,8
2,9
3,25
4,13
5,12
6,10
7,44
8,35
9,15
9,18
10,16
10,19
10,20
10,21
11,14
12,17
13,20
13,45
15,22
15,36
18,24
19,23
20,22
20,27
24,25
24,26
24,27
25,29
25,44
26,28
26,31
26,32
27,30
27,33
27,34
29,37
29,40
30,38
31,41
32,35
32,36
32,39
34,48
35,48
38,44
38,47
39,42
39,45
39,46
39,49
40,43
40,50
<end>