<number of tasks>
50
<number of stations>
13
<order strength>
0.200
<type of the robots>
4
<robot flexibility>
0.20
<collaboration flexibility>
0.20
<number of robots>
2
1
1
1
<task times>
1 181 10000 10000 10000 10000 10000 10000 152 10000
2 150 10000 360 10000 360 84 10000 84 10000
3 98 10000 235 10000 10000 10000 10000 10000 10000
4 52 10000 10000 10000 10000 10000 10000 10000 10000
5 172 10000 10000 10000 10000 96 10000 10000 143
6 208 10000 10000 10000 10000 10000 10000 10000 10000
7 114 10000 273 10000 10000 95 10000 95 10000
8 149 10000 10000 297 10000 10000 10000 125 83
9 217 10000 406 520 10000 10000 10000 10000 10000
10 87 139 10000 10000 10000 10000 10000 48 10000
11 139 10000 10000 222 222 10000 77 116 10000
12 96 10000 10000 10000 10000 80 10000 10000 10000
13 91 10000 10000 10000 10000 76 10000 10000 10000
14 164 10000 393 10000 10000 10000 10000 91 137
15 224 10000 10000 10000 358 10000 10000 10000 10000
16 203 10000 10000 10000 10000 10000 10000 10000 10000
17 122 10000 10000 10000 10000 10000 10000 10000 10000
18 229 10000 10000 10000 10000 128 10000 10000 128
19 240 10000 10000 10000 10000 10000 10000 199 10000
20 135 10000 10000 10000 10000 10000 113 10000 10000
21 168 10000 10000 268 10000 10000 141 10000 10000
22 231 10000 10000 10000 10000 10000 10000 129 10000
23 191 10000 10000 458 305 10000 160 10000 106
24 240 10000 10000 576 384 10000 10000 201 10000
25 281 10000 10000 10000 674 10000 10000 157 236
26 253 10000 607 10000 10000 10000 10000 10000 141
27 158 10000 10000 10000 10000 10000 10000 10000 10000
28 209 10000 334 10000 10000 10000 10000 10000 10000
29 59 10000 141 10000 10000 10000 10000 33 40
30 24 10000 10000 10000 10000 10000 10000 13 10000
31 68 10000 10000 10000 10000 10000 10000 57 10000
32 47 10000 10000 94 10000 10000 10000 10000 10000
33 199 10000 318 10000 10000 10000 10000 10000 10000
34 324 10000 518 10000 739 10000 10000 10000 10000
35 161 10000 10000 10000 257 10000 10000 10000 10000
36 51 10000 10000 10000 10000 10000 10000 10000 10000
37 164 10000 10000 293 393 10000 10000 10000 91
38 26 10000 10000 10000 10000 10000 10000 10000 10000
39 141 10000 10000 225 10000 10000 10000 10000 118
40 249 10000 10000 568 10000 10000 209 139 10000
41 114 182 10000 10000 10000 10000 67 10000 10000
42 154 10000 10000 10000 10000 10000 10000 10000 10000
43 97 188 225 10000 10000 10000 61 10000 54
44 243 10000 10000 10000 10000 10000 10000 10000 161
45 27 10000 43 43 10000 10000 10000 10000 10000
46 69 10000 10000 10000 10000 10000 57 10000 10000
47 323 10000 10000 10000 10000 10000 10000 209 10000
48 76 10000 10000 10000 10000 63 10000 10000 10000
49 308 10000 10000 10000 10000 172 10000 258 10000
50 28 10000 63 10000 10000 10000 10000 10000 10000
<precedence relations>
1,9
2,10
3,8
3,11
4,12
5,14
6,13
7,24
7,36
8,15
9,16
10,18
11,17
12,19
14,20
14,30
15,21
16,22
17,23
18,24
18,25
19,35
20,45
21,27
22,26
23,27
24,29
25,28
25,30
25,49
26,32
27,31
27,33
27,34
27,37
28,36
30,35
31,38
32,42
33,40
34,41
35,39
35,45
36,44
36,45
37,43
38,48
39,46
40,47
41,49
43,50
<end>