<number of tasks>
100
<number of stations>
25
<order strength>
0.201
<type of the robots>
4
<robot flexibility>
0.40
<collaboration flexibility>
0.40
<number of robots>
3
3
2
2
<task times>
1 139 10000 315 10000 10000 10000 10000 10000 10000
2 400 10000 640 640 10000 10000 336 10000 224
3 153 283 367 10000 10000 10000 85 128 128
4 41 87 94 78 10000 22 29 34 10000
5 89 158 10000 10000 142 74 10000 10000 10000
6 123 266 10000 10000 253 10000 10000 10000 10000
7 98 10000 156 10000 10000 10000 82 10000 10000
8 224 358 537 428 10000 188 10000 143 188
9 201 10000 10000 10000 10000 143 112 10000 168
10 93 10000 10000 223 10000 10000 10000 52 52
11 128 10000 210 204 10000 107 107 10000 10000
12 149 10000 316 357 357 83 125 10000 83
13 30 68 48 10000 10000 10000 16 10000 10000
14 211 337 506 10000 337 118 10000 10000 10000
15 197 10000 10000 10000 10000 10000 10000 10000 10000
16 137 10000 10000 10000 234 10000 76 115 10000
17 144 10000 10000 230 10000 10000 10000 10000 97
18 113 271 271 10000 265 10000 10000 10000 63
19 50 80 10000 112 10000 10000 42 28 42
20 130 208 208 216 312 10000 72 109 109
21 200 10000 320 10000 346 10000 112 112 10000
22 205 328 10000 359 10000 172 10000 114 10000
23 80 10000 192 10000 10000 67 10000 10000 10000
24 35 10000 10000 56 79 10000 26 10000 27
25 142 227 10000 10000 227 10000 10000 79 119
26 47 10000 10000 10000 10000 10000 10000 39 10000
27 152 243 10000 10000 10000 10000 127 85 10000
28 112 10000 213 179 10000 10000 62 10000 10000
29 67 10000 10000 107 109 10000 10000 37 56
30 343 802 614 10000 548 10000 10000 192 10000
31 173 10000 415 10000 415 10000 10000 96 145
32 176 10000 10000 281 10000 10000 147 147 98
33 129 10000 10000 10000 10000 10000 10000 10000 10000
34 153 10000 257 367 10000 85 128 85 10000
35 265 10000 10000 10000 10000 154 10000 10000 148
36 172 10000 10000 412 10000 10000 10000 10000 10000
37 69 112 110 10000 10000 10000 10000 52 10000
38 209 357 405 10000 10000 10000 117 117 10000
39 100 10000 10000 10000 160 10000 10000 10000 10000
40 217 10000 10000 10000 520 182 121 10000 10000
41 93 148 221 10000 223 60 61 52 78
42 155 10000 10000 10000 248 130 130 10000 10000
43 122 10000 259 10000 292 10000 68 10000 10000
44 153 10000 10000 10000 367 10000 119 10000 85
45 158 10000 252 252 10000 132 10000 10000 88
46 90 144 10000 216 10000 10000 50 10000 10000
47 58 10000 92 92 102 48 10000 10000 10000
48 90 10000 145 10000 10000 10000 10000 10000 10000
49 22 38 10000 44 10000 10000 10000 12 10000
50 126 10000 10000 10000 10000 105 10000 10000 10000
51 193 10000 10000 10000 10000 10000 10000 10000 108
52 122 292 10000 230 10000 10000 10000 68 68
53 37 10000 59 10000 10000 31 10000 10000 31
54 218 10000 407 10000 10000 183 10000 10000 183
55 105 10000 10000 168 252 10000 88 10000 10000
56 53 10000 84 127 125 10000 29 29 10000
57 148 355 355 236 236 124 82 10000 124
58 173 10000 10000 10000 323 10000 10000 10000 10000
59 139 10000 10000 333 10000 10000 77 10000 10000
60 165 10000 10000 264 10000 10000 92 120 10000
61 27 10000 64 10000 53 10000 10000 17 10000
62 156 10000 10000 249 10000 87 10000 10000 87
63 241 10000 578 10000 10000 202 202 10000 10000
64 113 211 10000 180 10000 10000 10000 94 10000
65 299 478 478 10000 642 10000 10000 167 232
66 98 10000 157 235 235 54 10000 82 10000
67 169 10000 10000 270 10000 141 10000 10000 10000
68 241 578 10000 10000 10000 144 202 10000 10000
69 40 10000 10000 10000 64 10000 28 10000 33
70 126 302 10000 10000 302 10000 10000 10000 10000
71 77 184 123 10000 135 10000 10000 59 10000
72 116 278 10000 10000 10000 10000 10000 97 10000
73 114 273 260 10000 10000 95 10000 10000 10000
74 88 140 10000 10000 211 10000 10000 10000 49
75 236 10000 10000 10000 10000 132 132 10000 10000
76 190 10000 304 10000 10000 10000 159 106 159
77 45 108 79 72 10000 10000 10000 10000 37
78 80 10000 10000 10000 128 67 10000 67 10000
79 197 10000 472 315 472 110 165 10000 10000
80 86 10000 157 10000 10000 48 10000 10000 10000
81 118 10000 10000 10000 230 99 10000 10000 10000
82 163 260 319 260 260 91 10000 136 10000
83 155 248 10000 372 10000 10000 86 10000 86
84 74 10000 10000 118 118 62 62 56 10000
85 167 10000 10000 10000 10000 10000 10000 140 10000
86 101 10000 10000 189 10000 10000 10000 10000 56
87 52 10000 105 124 114 10000 10000 29 43
88 203 10000 10000 324 324 10000 10000 10000 10000
89 129 309 10000 10000 10000 72 10000 72 10000
90 247 466 403 587 592 10000 10000 138 10000
91 70 168 168 10000 168 10000 10000 39 39
92 24 10000 44 10000 51 13 14 10000 13
93 180 418 288 432 432 10000 151 133 10000
94 60 96 96 144 96 10000 10000 33 10000
95 118 10000 188 10000 188 74 68 10000 99
96 148 10000 10000 10000 10000 124 10000 10000 10000
97 76 181 10000 121 169 10000 63 10000 63
98 175 398 393 10000 10000 10000 10000 10000 10000
99 278 667 667 667 10000 233 233 10000 155
100 118 10000 10000 10000 10000 10000 10000 10000 10000
<precedence relations>
1,5
1,6
1,7
1,98
2,34
2,47
2,74
3,8
3,9
4,91
5,10
6,11
7,15
8,12
8,13
8,18
9,14
9,16
9,17
10,20
11,19
12,22
13,23
14,24
15,25
16,21
16,27
17,66
17,99
18,26
19,28
20,29
21,31
22,32
23,33
24,34
25,35
26,30
26,34
27,36
27,37
27,38
27,39
28,42
29,40
30,41
31,44
32,45
33,46
34,44
34,49
35,87
36,43
36,47
36,75
36,76
38,48
38,91
38,92
40,50
41,52
42,55
43,51
43,53
43,54
44,84
45,56
45,57
46,100
47,58
48,57
49,77
49,84
50,59
51,60
52,61
53,62
54,64
55,63
56,67
56,68
56,69
56,77
57,65
57,87
58,65
58,66
59,72
60,74
61,75
62,70
63,71
64,73
65,73
65,77
66,87
67,92
67,100
68,78
69,75
69,76
69,88
70,80
71,81
72,82
73,79
73,93
74,84
75,83
75,84
77,89
78,94
79,85
80,87
81,88
82,86
83,87
83,92
83,93
84,87
84,89
84,90
84,91
84,94
84,95
85,97
86,96
87,100
88,99
94,98
<end>