<number of tasks>
100
<number of stations>
50
<order strength>
0.201
<type of the robots>
4
<robot flexibility>
0.20
<collaboration flexibility>
0.20
<number of robots>
5
5
5
5
<task times>
1 265 10000 10000 10000 10000 10000 10000 10000 10000
2 36 10000 10000 10000 86 20 10000 10000 10000
3 59 10000 10000 10000 94 10000 10000 10000 45
4 115 276 10000 10000 10000 10000 10000 10000 10000
5 77 137 10000 10000 184 10000 64 10000 45
6 34 10000 77 10000 54 10000 10000 10000 10000
7 291 629 698 465 10000 10000 10000 10000 10000
8 47 10000 10000 85 10000 39 10000 10000 10000
9 139 222 10000 10000 10000 10000 10000 10000 10000
10 77 10000 10000 150 10000 10000 64 10000 10000
11 174 10000 10000 10000 10000 10000 10000 146 10000
12 114 10000 10000 10000 10000 10000 10000 10000 10000
13 100 10000 10000 163 10000 10000 10000 10000 10000
14 101 10000 242 161 10000 10000 10000 10000 84
15 32 10000 10000 51 10000 26 10000 10000 10000
16 75 120 10000 10000 10000 10000 10000 42 42
17 104 10000 166 10000 10000 10000 87 87 10000
18 151 10000 10000 10000 10000 84 10000 10000 10000
19 40 10000 10000 74 10000 22 10000 10000 10000
20 94 10000 10000 10000 10000 10000 10000 10000 52
21 91 10000 218 10000 10000 10000 10000 10000 10000
22 117 10000 10000 10000 238 98 98 10000 10000
23 76 10000 10000 10000 10000 10000 10000 10000 63
24 76 10000 10000 182 121 10000 10000 63 10000
25 232 10000 10000 10000 10000 10000 10000 10000 10000
26 296 10000 10000 10000 473 10000 10000 248 10000
27 242 10000 10000 10000 10000 10000 10000 10000 10000
28 257 411 10000 10000 10000 10000 10000 10000 10000
29 156 374 256 10000 10000 10000 10000 10000 10000
30 230 10000 10000 10000 10000 10000 193 10000 10000
31 244 10000 10000 10000 542 10000 136 10000 10000
32 158 10000 10000 10000 10000 10000 88 10000 132
33 45 10000 72 10000 10000 10000 10000 10000 10000
34 43 100 10000 10000 10000 10000 10000 36 10000
35 108 10000 238 10000 222 10000 10000 10000 60
36 87 10000 10000 10000 208 10000 73 48 10000
37 304 10000 10000 10000 10000 10000 10000 10000 10000
38 50 10000 84 10000 80 10000 10000 10000 28
39 311 10000 10000 10000 10000 261 10000 10000 10000
40 217 10000 10000 10000 10000 10000 10000 121 10000
41 218 10000 10000 10000 10000 10000 10000 10000 10000
42 40 64 10000 66 10000 22 10000 10000 33
43 45 10000 10000 10000 10000 10000 10000 10000 10000
44 145 281 10000 10000 10000 10000 10000 10000 10000
45 68 163 10000 10000 10000 10000 10000 10000 10000
46 91 10000 10000 159 10000 10000 10000 10000 10000
47 147 10000 10000 237 10000 82 10000 10000 10000
48 112 268 200 179 10000 94 10000 10000 10000
49 70 10000 10000 10000 112 10000 39 10000 10000
50 124 10000 10000 198 10000 104 10000 10000 10000
51 67 160 10000 10000 10000 10000 10000 10000 56
52 214 10000 10000 10000 10000 10000 10000 10000 179
53 157 10000 10000 10000 10000 131 10000 10000 87
54 34 10000 10000 10000 81 10000 28 10000 10000
55 23 10000 10000 10000 10000 10000 10000 10000 10000
56 110 10000 10000 10000 10000 10000 61 10000 10000
57 23 10000 10000 10000 10000 10000 10000 10000 10000
58 87 10000 10000 10000 10000 10000 10000 10000 10000
59 277 10000 466 10000 10000 10000 10000 10000 10000
60 253 10000 404 10000 10000 10000 10000 10000 10000
61 98 10000 10000 10000 10000 10000 10000 10000 10000
62 73 10000 142 10000 10000 10000 10000 10000 10000
63 86 10000 10000 137 10000 10000 72 10000 10000
64 68 163 10000 10000 163 10000 10000 10000 10000
65 374 10000 10000 10000 10000 314 314 10000 209
66 257 10000 533 10000 616 10000 143 10000 10000
67 124 10000 10000 10000 10000 10000 10000 10000 10000
68 94 10000 150 150 10000 57 10000 10000 52
69 28 67 44 10000 10000 10000 10000 10000 10000
70 99 10000 10000 10000 10000 10000 55 55 83
71 135 324 10000 10000 10000 10000 10000 10000 10000
72 255 10000 10000 10000 10000 214 142 150 10000
73 82 10000 10000 131 131 10000 10000 45 45
74 246 10000 10000 10000 10000 10000 10000 10000 10000
75 23 10000 10000 10000 36 10000 10000 10000 10000
76 48 10000 10000 10000 10000 10000 40 26 10000
77 51 122 10000 10000 81 10000 10000 10000 10000
78 120 10000 192 10000 10000 10000 67 87 100
79 28 10000 10000 67 10000 10000 10000 10000 10000
80 86 10000 137 137 10000 72 10000 10000 10000
81 121 193 193 10000 10000 10000 10000 10000 10000
82 124 10000 10000 10000 10000 10000 104 69 10000
83 344 10000 10000 651 10000 10000 10000 10000 10000
84 40 64 96 87 10000 33 10000 10000 10000
85 192 10000 10000 10000 10000 10000 10000 10000 10000
86 50 10000 120 10000 10000 10000 10000 28 10000
87 178 284 10000 10000 10000 99 10000 10000 10000
88 259 10000 10000 10000 10000 10000 10000 10000 10000
89 164 10000 262 10000 10000 10000 10000 10000 114
90 79 10000 10000 126 10000 10000 10000 66 10000
91 327 10000 10000 10000 10000 10000 10000 10000 10000
92 90 10000 10000 10000 10000 10000 10000 10000 10000
93 113 180 10000 10000 271 10000 10000 10000 10000
94 163 10000 321 260 391 10000 10000 10000 10000
95 192 10000 10000 10000 307 10000 10000 10000 161
96 146 10000 10000 233 10000 10000 10000 10000 10000
97 88 166 10000 10000 10000 73 10000 73 10000
98 112 179 10000 10000 268 10000 10000 10000 10000
99 86 10000 137 137 10000 10000 10000 72 10000
100 100 10000 10000 10000 160 10000 10000 10000 10000
<precedence relations>
1,38
2,38
3,38
4,11
5,10
5,12
5,72
7,13
7,14
9,15
10,19
11,21
12,22
13,17
13,20
13,23
13,24
14,25
15,16
15,18
16,38
17,38
18,86
19,29
20,31
21,26
22,32
23,27
23,30
24,33
24,34
24,35
24,36
24,37
25,28
26,38
27,38
28,86
29,39
30,41
31,39
34,45
35,44
35,77
36,38
36,42
36,43
37,40
38,46
38,47
38,48
38,49
38,50
39,86
40,86
41,51
42,52
42,55
45,53
45,54
46,63
46,64
46,91
47,59
47,91
48,71
48,79
49,62
49,65
50,58
51,86
52,56
53,57
53,61
55,60
55,88
56,69
57,67
59,66
60,70
60,72
61,68
64,71
66,86
67,74
68,75
68,76
70,78
71,73
72,77
72,79
73,86
74,81
75,82
76,83
77,84
78,80
78,85
80,86
81,88
82,89
83,87
84,92
85,90
85,91
86,93
86,94
86,95
86,96
86,97
87,98
89,100
92,99
<end>