<number of tasks>
100
<number of stations>
25
<order strength>
0.895
<type of the robots>
4
<robot flexibility>
0.20
<collaboration flexibility>
0.20
<number of robots>
2
1
1
1
<task times>
1 365 676 10000 10000 10000 10000 306 306 10000
2 107 10000 10000 10000 256 10000 10000 10000 10000
3 250 10000 10000 10000 10000 10000 140 10000 10000
4 85 10000 10000 10000 10000 10000 47 10000 10000
5 166 265 10000 10000 10000 10000 139 10000 92
6 311 10000 10000 746 10000 10000 10000 10000 174
7 122 10000 10000 292 10000 10000 10000 10000 10000
8 332 10000 10000 643 10000 185 10000 10000 10000
9 324 10000 10000 10000 10000 10000 10000 10000 181
10 594 1194 10000 10000 10000 10000 10000 10000 10000
11 170 10000 286 272 10000 10000 10000 104 142
12 34 10000 10000 81 10000 28 19 10000 28
13 288 10000 10000 10000 10000 10000 10000 241 161
14 361 10000 10000 577 10000 10000 10000 10000 10000
15 287 10000 10000 10000 10000 10000 241 10000 10000
16 292 10000 10000 10000 10000 10000 10000 10000 10000
17 91 10000 10000 10000 10000 10000 10000 10000 10000
18 193 10000 10000 10000 10000 10000 162 10000 10000
19 465 744 10000 10000 10000 10000 10000 390 10000
20 64 153 10000 10000 10000 35 39 10000 10000
21 32 51 10000 10000 10000 10000 10000 10000 26
22 34 10000 10000 10000 10000 10000 19 10000 10000
23 165 10000 10000 10000 10000 10000 10000 10000 10000
24 101 242 10000 10000 10000 10000 56 84 10000
25 471 767 10000 10000 10000 10000 10000 263 10000
26 246 10000 10000 10000 10000 10000 10000 10000 10000
27 335 10000 10000 10000 10000 281 10000 10000 281
28 46 10000 10000 10000 10000 10000 10000 10000 10000
29 209 10000 10000 10000 10000 10000 10000 10000 10000
30 229 10000 10000 10000 10000 10000 10000 10000 128
31 304 10000 10000 10000 10000 10000 10000 170 255
32 69 133 110 10000 10000 10000 10000 10000 10000
33 23 55 10000 10000 10000 10000 10000 10000 10000
34 202 10000 10000 10000 10000 10000 10000 10000 10000
35 214 375 10000 10000 513 10000 10000 10000 10000
36 133 10000 10000 10000 10000 10000 10000 10000 10000
37 181 10000 10000 10000 10000 10000 10000 101 10000
38 166 10000 10000 10000 10000 10000 10000 10000 10000
39 182 10000 10000 10000 10000 10000 10000 10000 10000
40 131 10000 10000 209 10000 10000 10000 10000 10000
41 111 10000 10000 10000 10000 10000 93 10000 10000
42 483 10000 10000 10000 1159 10000 10000 10000 10000
43 493 10000 10000 10000 10000 10000 10000 10000 414
44 242 10000 10000 10000 10000 10000 203 10000 10000
45 377 10000 733 10000 776 10000 10000 10000 10000
46 197 10000 10000 10000 10000 10000 10000 10000 10000
47 329 10000 10000 526 10000 276 184 10000 10000
48 126 10000 10000 10000 10000 10000 10000 105 70
49 133 212 212 319 319 10000 10000 10000 74
50 211 506 10000 506 506 10000 10000 10000 10000
51 136 10000 10000 10000 10000 76 10000 10000 114
52 127 203 10000 10000 10000 10000 71 10000 10000
53 208 10000 10000 332 10000 10000 10000 10000 10000
54 381 10000 10000 609 10000 10000 10000 10000 10000
55 37 88 10000 10000 10000 10000 10000 10000 10000
56 228 547 426 456 10000 10000 10000 10000 10000
57 399 957 10000 10000 10000 10000 10000 10000 10000
58 374 10000 10000 705 10000 10000 10000 10000 10000
59 194 10000 10000 10000 465 162 10000 10000 108
60 199 10000 10000 10000 10000 10000 10000 10000 167
61 143 10000 10000 10000 10000 10000 10000 10000 10000
62 193 10000 10000 10000 463 10000 10000 10000 10000
63 92 10000 10000 10000 220 10000 10000 10000 10000
64 238 10000 10000 10000 10000 10000 10000 10000 10000
65 119 10000 285 10000 10000 10000 10000 10000 10000
66 90 10000 10000 182 10000 10000 50 10000 10000
67 348 10000 10000 10000 10000 10000 10000 292 10000
68 340 10000 10000 10000 10000 10000 10000 10000 285
69 279 10000 10000 10000 446 10000 10000 10000 10000
70 503 10000 1207 10000 10000 422 10000 10000 10000
71 196 10000 10000 10000 10000 109 164 10000 10000
72 23 10000 10000 10000 55 19 12 10000 10000
73 86 10000 10000 10000 203 10000 10000 10000 10000
74 175 10000 10000 10000 10000 10000 10000 10000 10000
75 105 10000 252 10000 10000 10000 10000 10000 10000
76 532 10000 10000 10000 10000 297 446 10000 10000
77 545 10000 1076 10000 10000 10000 10000 10000 457
78 115 10000 10000 10000 10000 96 10000 10000 64
79 491 10000 10000 10000 10000 10000 10000 10000 10000
80 513 986 10000 10000 10000 430 10000 287 10000
81 35 10000 10000 56 10000 29 10000 10000 10000
82 114 259 10000 10000 10000 95 10000 63 10000
83 491 1178 10000 10000 10000 10000 274 10000 10000
84 441 10000 10000 10000 10000 10000 370 10000 10000
85 32 10000 10000 10000 10000 10000 26 10000 26
86 27 10000 10000 10000 10000 10000 10000 10000 10000
87 461 10000 842 737 10000 10000 10000 387 10000
88 433 10000 10000 10000 10000 10000 363 10000 10000
89 66 10000 10000 10000 10000 10000 10000 10000 10000
90 244 487 10000 10000 10000 10000 10000 10000 10000
91 453 10000 10000 10000 10000 10000 10000 10000 10000
92 163 10000 10000 260 10000 10000 10000 10000 136
93 166 10000 337 10000 10000 10000 139 10000 10000
94 217 10000 10000 10000 347 10000 121 10000 10000
95 493 10000 10000 10000 788 10000 276 10000 10000
96 487 10000 10000 10000 10000 10000 10000 10000 10000
97 64 10000 10000 10000 10000 10000 10000 48 10000
98 154 10000 10000 369 10000 10000 10000 129 10000
99 27 10000 10000 10000 64 15 16 10000 10000
100 53 10000 10000 99 127 10000 10000 29 29
<precedence relations>
1,18
2,4
2,5
2,6
3,4
3,5
3,6
4,7
4,8
4,9
4,10
4,11
5,7
5,8
5,9
5,10
5,11
6,7
6,8
6,9
6,10
6,11
7,12
7,13
7,14
7,15
8,12
8,13
8,14
8,15
9,12
9,13
9,14
9,15
10,12
10,13
10,14
10,15
11,12
11,13
11,14
11,15
12,16
12,17
12,18
12,19
12,20
13,16
13,17
13,18
13,19
13,20
14,16
14,17
14,18
14,19
14,20
15,16
15,17
15,18
15,19
15,20
16,21
16,22
16,23
17,21
17,22
17,23
18,21
19,23
20,21
20,23
21,24
21,25
21,26
21,27
22,24
22,25
22,26
22,27
23,24
23,25
23,26
23,27
24,28
24,29
24,32
25,28
25,31
26,30
26,34
27,28
27,29
27,30
27,31
27,32
27,33
27,34
28,36
28,41
29,35
29,36
29,37
29,38
30,35
30,36
30,38
31,35
31,37
32,54
33,45
33,47
34,35
34,36
34,37
34,38
35,39
35,40
35,41
36,39
37,39
37,40
37,41
38,39
39,42
40,45
40,47
41,42
42,43
42,44
42,45
43,47
44,46
44,48
45,46
45,48
46,49
46,50
46,51
46,52
47,49
47,50
47,51
47,52
48,59
48,63
49,54
50,53
50,54
50,55
51,54
51,55
52,53
52,54
52,55
53,56
53,62
54,56
54,57
54,58
55,56
55,57
55,58
56,59
56,60
56,61
56,63
57,59
57,61
57,62
58,61
58,64
58,84
59,64
59,65
59,66
60,87
61,67
61,76
62,63
62,65
62,72
63,67
63,68
63,73
64,93
64,96
65,68
66,67
66,68
66,69
67,75
67,91
67,98
68,70
68,71
68,77
69,70
69,72
69,73
70,74
71,75
71,76
71,80
72,79
72,91
73,76
73,77
73,80
74,78
74,79
74,80
76,78
77,78
77,79
78,83
79,81
79,82
79,84
80,82
80,84
80,86
81,85
82,88
82,93
82,94
83,85
83,86
83,87
84,92
84,93
85,96
86,89
87,88
87,92
87,94
88,90
89,90
89,91
89,92
89,93
90,95
91,94
94,97
95,96
96,98
96,99
97,100
<end>