<number of tasks>
20
<number of stations>
10
<order strength>
0.800
<type of the robots>
4
<robot flexibility>
0.20
<collaboration flexibility>
0.20
<number of robots>
1
1
1
1
<task times>
1 112 207 10000 10000 10000 10000 10000 10000 10000
2 67 143 107 10000 10000 10000 10000 10000 10000
3 295 10000 10000 10000 472 10000 10000 10000 10000
4 428 10000 10000 10000 10000 10000 10000 274 239
5 162 10000 10000 10000 259 10000 136 10000 136
6 386 10000 10000 10000 10000 324 10000 324 10000
7 502 10000 10000 1204 10000 10000 10000 281 10000
8 391 10000 10000 10000 10000 218 10000 10000 10000
9 82 10000 10000 10000 10000 10000 10000 10000 68
10 305 10000 10000 10000 10000 10000 170 10000 10000
11 107 10000 10000 10000 256 10000 10000 10000 10000
12 40 10000 10000 10000 10000 10000 10000 10000 22
13 113 10000 10000 10000 10000 94 63 10000 94
14 105 227 197 10000 252 10000 10000 10000 58
15 145 10000 10000 10000 10000 10000 10000 10000 10000
16 161 10000 10000 10000 10000 10000 10000 135 10000
17 257 10000 10000 10000 10000 215 10000 10000 10000
18 21 10000 50 10000 10000 10000 10000 10000 11
19 161 10000 262 10000 257 10000 10000 10000 10000
20 32 10000 10000 10000 10000 10000 10000 10000 10000
<precedence relations>
1,3
2,9
2,11
3,4
3,5
4,8
4,10
4,12
5,6
5,7
6,9
6,10
7,8
7,9
8,13
9,12
9,13
10,11
11,15
12,14
12,15
13,14
13,15
14,16
15,16
15,17
16,19
16,20
17,18
17,19
<end>