<number of tasks>
100
<number of stations>
50
<order strength>
0.895
<type of the robots>
4
<robot flexibility>
0.40
<collaboration flexibility>
0.40
<number of robots>
5
5
5
5
<task times>
1 197 10000 315 472 315 10000 110 10000 110
2 144 10000 10000 10000 230 80 120 80 10000
3 183 10000 352 10000 10000 10000 10000 10000 10000
4 318 508 713 595 763 10000 267 267 10000
5 74 177 177 10000 164 10000 10000 10000 10000
6 146 10000 331 10000 233 10000 122 10000 10000
7 87 10000 10000 10000 10000 10000 10000 73 10000
8 224 400 10000 10000 10000 10000 10000 10000 188
9 215 465 344 516 443 10000 180 10000 10000
10 473 10000 1135 756 1135 10000 10000 397 397
11 291 10000 10000 10000 465 10000 162 244 162
12 400 10000 924 767 10000 334 10000 10000 10000
13 538 10000 10000 10000 10000 10000 10000 10000 301
14 495 10000 10000 10000 845 277 346 10000 10000
15 539 10000 862 10000 1265 452 452 452 362
16 55 10000 10000 10000 88 10000 10000 36 10000
17 94 225 225 10000 225 78 10000 10000 78
18 277 10000 10000 529 10000 10000 155 10000 10000
19 606 10000 10000 10000 1454 10000 10000 339 339
20 182 365 10000 10000 10000 10000 152 152 10000
21 53 84 87 10000 109 10000 10000 10000 10000
22 349 837 741 10000 10000 10000 10000 10000 293
23 210 336 10000 504 10000 117 10000 10000 117
24 136 326 10000 10000 326 76 114 76 76
25 130 208 208 208 10000 10000 10000 10000 72
26 286 10000 10000 10000 686 160 10000 240 10000
27 278 444 10000 624 667 233 10000 10000 10000
28 95 152 228 10000 152 10000 10000 10000 10000
29 55 10000 10000 91 132 30 30 30 30
30 65 10000 10000 10000 10000 10000 10000 54 10000
31 253 10000 10000 443 404 147 141 141 10000
32 505 1181 10000 10000 1212 424 10000 282 10000
33 73 10000 175 10000 175 40 10000 10000 10000
34 98 10000 10000 158 156 10000 82 10000 10000
35 231 10000 369 554 554 10000 10000 129 194
36 186 10000 313 10000 446 104 10000 10000 10000
37 373 10000 10000 10000 656 208 10000 10000 10000
38 217 420 10000 347 347 121 10000 10000 10000
39 232 10000 10000 371 10000 10000 10000 129 10000
40 124 297 10000 198 198 104 10000 69 69
41 376 10000 609 10000 902 10000 210 210 210
42 130 228 262 10000 10000 109 10000 109 109
43 464 10000 10000 10000 1113 10000 10000 10000 389
44 579 10000 1389 10000 10000 10000 486 324 324
45 242 10000 10000 412 10000 10000 10000 203 138
46 128 307 244 262 10000 107 71 10000 10000
47 34 81 10000 10000 75 28 28 28 24
48 275 10000 492 440 440 10000 10000 10000 231
49 23 10000 10000 10000 10000 10000 19 10000 10000
50 484 10000 1139 777 1004 10000 10000 10000 406
51 88 211 10000 211 211 10000 49 10000 10000
52 159 10000 10000 254 10000 10000 10000 10000 89
53 317 10000 547 10000 10000 10000 177 177 10000
54 286 686 457 10000 10000 10000 184 10000 10000
55 281 10000 546 10000 10000 10000 10000 197 10000
56 28 52 66 44 10000 10000 10000 10000 10000
57 161 10000 342 284 10000 90 10000 10000 10000
58 75 10000 10000 120 10000 63 10000 10000 10000
59 124 198 10000 10000 10000 69 10000 73 104
60 446 10000 1070 1070 1070 10000 347 249 249
61 457 1096 736 10000 731 10000 255 10000 255
62 611 1158 10000 10000 10000 513 342 443 10000
63 310 10000 10000 496 10000 10000 10000 10000 10000
64 175 10000 10000 420 369 10000 98 98 10000
65 258 10000 417 10000 10000 10000 10000 10000 10000
66 147 10000 235 10000 10000 10000 10000 10000 10000
67 537 10000 10000 1017 10000 10000 306 300 451
68 279 10000 669 10000 10000 10000 156 10000 234
69 513 1102 10000 1125 820 10000 430 287 10000
70 108 10000 172 10000 10000 90 90 90 10000
71 558 1339 892 892 892 468 312 10000 364
72 101 10000 161 10000 10000 10000 84 10000 10000
73 518 1243 1243 1243 828 10000 290 290 10000
74 224 10000 10000 462 10000 10000 10000 10000 10000
75 275 10000 10000 660 10000 10000 10000 154 154
76 239 10000 10000 382 525 10000 10000 133 200
77 193 10000 10000 10000 10000 10000 108 10000 10000
78 490 10000 10000 10000 784 274 10000 10000 10000
79 543 868 10000 10000 1303 10000 10000 304 10000
80 158 337 252 379 10000 132 132 10000 88
81 221 353 504 10000 530 10000 150 10000 123
82 192 10000 10000 10000 408 10000 10000 161 10000
83 458 732 10000 1099 10000 10000 256 10000 256
84 502 1204 10000 10000 1204 10000 421 10000 10000
85 268 428 10000 428 643 10000 150 201 150
86 326 10000 10000 10000 10000 10000 273 10000 273
87 169 270 270 405 405 141 10000 10000 10000
88 202 10000 10000 323 10000 10000 169 10000 113
89 278 10000 10000 10000 448 10000 155 161 233
90 180 10000 10000 10000 10000 10000 100 151 10000
91 546 10000 1310 873 10000 305 361 10000 10000
92 46 10000 86 10000 10000 38 10000 25 25
93 434 10000 10000 10000 1041 10000 318 243 283
94 220 10000 528 523 10000 10000 123 10000 10000
95 136 10000 251 217 10000 80 10000 10000 10000
96 447 10000 10000 910 10000 375 10000 10000 250
97 420 10000 10000 10000 672 10000 10000 10000 10000
98 207 10000 10000 10000 10000 10000 115 10000 10000
99 150 10000 10000 10000 10000 10000 84 126 10000
100 490 784 10000 10000 10000 411 10000 411 10000
<precedence relations>
1,5
1,6
1,7
2,5
2,6
2,7
3,5
3,6
3,7
4,5
4,6
4,7
5,8
5,9
6,8
6,9
7,8
7,9
8,10
8,11
8,12
8,13
9,10
9,11
9,12
9,13
10,14
10,15
10,16
11,14
11,15
11,16
12,14
12,15
12,16
13,14
13,15
13,16
14,17
14,18
14,19
14,20
14,21
15,17
15,18
15,19
15,20
15,21
16,17
16,18
16,19
16,20
16,21
17,22
17,23
18,22
18,23
19,22
19,23
20,22
20,23
21,22
21,23
22,24
22,25
22,26
23,24
23,25
23,26
24,27
24,28
24,29
24,30
25,27
25,28
25,29
25,30
26,27
26,28
26,29
26,30
27,31
27,32
27,33
27,34
28,31
28,32
28,33
28,34
29,31
29,32
29,33
29,34
30,31
30,32
30,33
30,34
31,35
31,36
32,35
32,36
33,35
33,36
34,35
34,36
35,37
35,38
36,37
36,38
37,39
37,40
37,41
37,42
38,39
38,40
38,41
38,42
39,43
39,44
39,45
40,43
40,44
40,45
41,43
41,44
41,45
42,43
42,44
42,45
43,49
43,59
44,46
44,47
44,48
45,46
45,48
46,49
46,50
47,49
47,51
47,64
48,49
48,50
48,52
49,68
50,53
50,56
50,68
51,53
51,57
51,61
52,54
52,55
53,69
53,80
54,83
54,86
54,87
55,58
55,59
56,64
56,66
56,70
56,76
57,79
58,62
59,60
59,61
59,65
60,63
60,64
60,79
61,66
61,67
62,63
62,64
62,65
62,66
62,67
63,69
63,70
63,71
64,80
65,70
66,69
66,83
66,87
67,68
68,70
68,71
68,72
69,91
69,94
69,95
70,73
70,78
71,83
72,73
72,74
73,77
73,83
74,75
74,76
74,77
74,78
74,79
75,80
76,80
77,81
78,89
78,93
79,82
80,84
81,84
81,85
81,86
82,83
82,84
82,85
82,86
83,88
83,89
83,90
84,87
84,88
84,89
84,90
85,87
85,95
86,92
87,92
87,94
87,96
88,91
88,99
89,92
89,95
89,96
90,93
90,94
90,95
91,100
93,96
93,97
94,98
94,100
95,97
95,99
<end>