<number of tasks>
20
<number of stations>
5
<order strength>
0.800
<type of the robots>
4
<robot flexibility>
0.20
<collaboration flexibility>
0.20
<number of robots>
1
0
0
0
<task times>
1 579 10000 10000 10000 1389 10000 10000 324 10000
2 530 10000 10000 10000 10000 10000 10000 10000 10000
3 358 10000 10000 10000 859 10000 10000 10000 300
4 368 10000 10000 10000 10000 206 10000 10000 10000
5 489 1043 782 10000 10000 10000 10000 10000 273
6 245 10000 10000 10000 588 205 10000 10000 10000
7 593 1283 10000 10000 10000 10000 10000 10000 10000
8 548 10000 10000 10000 10000 10000 10000 10000 327
9 515 10000 10000 10000 1236 10000 10000 10000 432
10 687 10000 10000 10000 1648 384 10000 577 10000
11 326 782 10000 10000 782 10000 182 273 10000
12 349 10000 10000 10000 10000 10000 10000 10000 10000
13 550 10000 10000 10000 10000 10000 10000 10000 462
14 562 10000 10000 10000 10000 10000 326 10000 10000
15 449 10000 10000 1077 10000 10000 10000 10000 10000
16 609 10000 10000 10000 10000 10000 10000 10000 10000
17 450 10000 733 988 10000 10000 10000 10000 10000
18 511 10000 10000 10000 1226 286 10000 10000 428
19 502 803 10000 10000 10000 10000 421 10000 10000
20 435 10000 10000 10000 696 10000 10000 10000 10000
<precedence relations>
1,4
1,5
2,4
2,5
3,4
3,5
4,6
4,7
5,6
5,7
6,8
6,9
7,8
7,9
8,10
8,11
8,12
9,11
10,17
11,13
11,14
12,15
12,17
13,16
14,16
14,17
15,18
17,19
18,19
19,20
<end>