<number of tasks>
100
<number of stations>
25
<order strength>
0.895
<type of the robots>
4
<robot flexibility>
0.20
<collaboration flexibility>
0.20
<number of robots>
2
1
1
1
<task times>
1 139 10000 267 10000 10000 10000 10000 10000 77
2 149 276 338 10000 10000 83 125 10000 10000
3 481 10000 769 10000 10000 404 10000 269 10000
4 177 10000 10000 10000 10000 10000 10000 10000 10000
5 87 10000 201 10000 10000 10000 10000 10000 10000
6 180 10000 10000 10000 10000 10000 10000 10000 10000
7 392 10000 10000 10000 10000 10000 10000 10000 10000
8 50 114 10000 10000 10000 10000 10000 10000 10000
9 83 10000 10000 10000 10000 10000 10000 10000 46
10 193 10000 10000 10000 308 10000 10000 10000 10000
11 95 10000 152 10000 10000 10000 10000 10000 10000
12 500 10000 10000 800 10000 10000 10000 287 10000
13 213 340 10000 10000 10000 10000 10000 10000 10000
14 171 273 10000 10000 10000 10000 10000 10000 10000
15 428 10000 10000 10000 10000 304 10000 10000 10000
16 484 10000 10000 10000 10000 10000 10000 406 10000
17 493 10000 1183 10000 1004 10000 276 414 10000
18 167 267 10000 267 10000 10000 10000 10000 10000
19 430 10000 10000 10000 10000 10000 10000 10000 10000
20 268 10000 10000 10000 643 225 10000 10000 10000
21 60 10000 10000 114 10000 10000 10000 10000 10000
22 135 10000 10000 10000 10000 10000 10000 75 10000
23 92 10000 10000 220 10000 77 10000 10000 10000
24 100 10000 240 10000 10000 56 56 10000 10000
25 92 10000 10000 220 10000 51 10000 10000 10000
26 246 10000 10000 10000 10000 206 10000 10000 10000
27 276 10000 10000 10000 662 10000 10000 10000 10000
28 101 10000 10000 226 10000 10000 10000 10000 10000
29 149 10000 10000 247 238 10000 10000 10000 10000
30 255 10000 10000 10000 10000 10000 10000 142 10000
31 246 10000 393 10000 590 10000 10000 10000 10000
32 189 10000 10000 10000 10000 10000 158 10000 10000
33 91 10000 147 145 10000 10000 10000 50 10000
34 247 395 10000 10000 10000 10000 10000 10000 10000
35 240 10000 10000 10000 10000 134 10000 10000 10000
36 135 10000 10000 10000 10000 10000 10000 75 10000
37 80 128 192 10000 10000 10000 67 10000 44
38 354 10000 675 10000 10000 10000 198 10000 10000
39 65 10000 10000 10000 10000 10000 54 10000 10000
40 103 247 10000 10000 10000 57 10000 10000 57
41 312 685 10000 10000 10000 10000 10000 10000 262
42 108 259 10000 10000 10000 10000 10000 10000 10000
43 221 10000 10000 372 10000 10000 123 10000 10000
44 199 477 335 10000 10000 10000 10000 10000 10000
45 190 10000 304 10000 10000 159 10000 10000 10000
46 74 10000 10000 118 10000 10000 10000 62 10000
47 25 10000 10000 10000 10000 10000 10000 10000 10000
48 110 10000 10000 10000 10000 10000 10000 10000 10000
49 59 10000 10000 10000 10000 10000 10000 10000 10000
50 91 10000 10000 218 10000 10000 10000 69 10000
51 107 10000 10000 10000 10000 10000 10000 10000 10000
52 247 395 10000 10000 10000 10000 10000 10000 138
53 44 10000 70 10000 10000 10000 10000 24 10000
54 528 10000 10000 10000 1087 10000 10000 10000 10000
55 341 10000 10000 545 10000 286 10000 10000 10000
56 441 10000 10000 10000 10000 10000 10000 10000 10000
57 172 10000 10000 10000 390 10000 10000 10000 10000
58 83 10000 132 10000 10000 10000 10000 10000 10000
59 88 140 10000 176 10000 10000 10000 10000 10000
60 482 1156 10000 909 1156 10000 10000 10000 10000
61 150 10000 10000 10000 360 10000 10000 10000 10000
62 121 10000 195 10000 10000 10000 10000 10000 10000
63 105 252 10000 168 10000 10000 10000 10000 10000
64 49 10000 10000 10000 10000 41 10000 10000 10000
65 473 10000 756 835 756 10000 10000 264 10000
66 580 10000 10000 10000 10000 10000 10000 10000 324
67 361 10000 10000 10000 10000 10000 10000 10000 10000
68 336 10000 10000 10000 10000 10000 10000 10000 10000
69 219 525 10000 10000 10000 10000 10000 10000 10000
70 226 10000 10000 10000 10000 10000 10000 10000 10000
71 156 10000 10000 10000 10000 10000 10000 10000 87
72 241 10000 10000 10000 10000 10000 10000 10000 10000
73 233 372 10000 559 10000 10000 10000 10000 10000
74 50 80 10000 80 120 10000 10000 10000 10000
75 137 10000 10000 10000 10000 10000 10000 10000 10000
76 483 10000 10000 10000 1159 270 10000 10000 10000
77 63 10000 151 151 10000 10000 10000 10000 52
78 123 196 10000 10000 10000 103 10000 10000 10000
79 563 10000 1351 10000 1351 10000 472 472 315
80 48 10000 10000 76 76 10000 10000 10000 10000
81 240 576 10000 10000 384 10000 134 10000 10000
82 241 10000 10000 10000 578 134 202 10000 10000
83 246 10000 10000 10000 10000 10000 10000 10000 137
84 375 10000 10000 10000 10000 315 254 10000 10000
85 327 10000 10000 10000 784 274 10000 10000 10000
86 27 10000 10000 43 10000 10000 10000 10000 10000
87 101 10000 161 10000 10000 10000 10000 10000 10000
88 511 10000 10000 10000 10000 10000 10000 10000 10000
89 407 651 10000 10000 10000 227 10000 10000 10000
90 139 10000 10000 286 259 10000 10000 10000 10000
91 24 10000 10000 10000 47 10000 13 13 10000
92 360 10000 10000 10000 773 10000 10000 10000 10000
93 434 10000 10000 10000 10000 10000 364 364 243
94 336 10000 10000 537 806 282 10000 282 10000
95 344 10000 10000 10000 825 10000 10000 258 288
96 55 10000 10000 10000 10000 46 41 46 10000
97 302 10000 10000 724 10000 253 10000 10000 10000
98 93 10000 10000 10000 10000 10000 10000 10000 10000
99 203 10000 10000 10000 324 10000 170 10000 113
100 133 10000 10000 10000 10000 10000 10000 74 10000
<precedence relations>
1,5
1,6
2,4
2,5
2,6
3,4
3,5
3,6
4,7
4,8
4,9
4,10
5,7
5,8
5,9
5,10
6,7
6,8
6,9
6,10
7,11
7,12
7,13
8,11
8,12
8,13
9,11
9,12
9,13
10,11
10,12
10,13
11,14
11,15
11,16
12,14
12,15
12,16
13,14
13,15
13,16
14,17
14,18
14,19
14,20
15,17
15,18
15,19
15,20
16,17
16,18
16,19
16,20
17,21
17,22
17,23
18,21
18,22
18,23
19,21
19,22
19,23
20,21
20,22
20,23
21,24
21,25
21,26
21,27
22,24
22,25
22,26
22,27
23,24
23,25
23,26
23,27
24,28
24,29
24,30
24,31
24,32
25,28
25,29
25,30
25,31
25,32
26,28
26,29
26,30
26,31
26,32
27,38
27,41
27,43
28,33
28,34
29,33
29,35
30,33
31,33
31,34
31,35
32,36
33,36
34,36
34,37
34,38
35,36
35,37
35,38
36,39
36,40
36,41
36,42
36,43
37,39
37,40
37,41
38,42
38,47
39,44
39,45
39,46
40,44
40,46
41,44
41,45
42,46
42,53
43,49
44,47
45,51
45,52
46,71
46,86
47,48
47,49
47,50
47,51
47,52
48,53
48,56
48,57
49,53
49,54
49,55
49,56
49,57
50,53
50,54
51,53
51,54
51,55
51,56
52,57
52,69
52,70
52,78
53,58
53,59
53,60
54,58
54,59
54,60
55,58
55,59
55,60
56,58
56,59
56,60
57,73
57,81
58,61
59,61
60,61
61,62
61,63
61,64
61,65
63,67
63,68
63,69
64,70
64,82
64,84
65,66
65,67
65,68
65,69
65,70
66,71
67,72
67,73
67,74
68,83
68,87
68,89
69,77
70,71
70,98
71,90
71,91
72,77
72,81
73,76
73,77
74,75
74,78
75,79
75,80
75,81
76,79
76,80
76,82
77,80
77,82
78,79
78,80
79,83
79,84
79,85
80,83
80,84
81,83
81,90
82,85
83,91
84,87
85,86
85,87
86,89
87,88
88,90
88,91
88,92
88,93
89,91
89,92
92,94
92,95
92,96
93,94
94,97
94,99
94,100
95,97
95,98
<end>