<number of tasks>
20
<number of stations>
5
<order strength>
0.200
<type of the robots>
4
<robot flexibility>
0.00
<collaboration flexibility>
0.00
<number of robots>
0
0
0
0
<task times>
1 389 721 10000 10000 10000 10000 217 326 10000
2 535 10000 856 939 10000 10000 10000 10000 10000
3 582 10000 10000 10000 10000 10000 10000 10000 10000
4 701 10000 10000 10000 10000 10000 392 10000 10000
5 539 10000 10000 10000 10000 10000 10000 10000 10000
6 525 10000 10000 10000 10000 10000 294 10000 10000
7 421 751 10000 10000 798 10000 10000 10000 353
8 359 776 10000 10000 771 10000 10000 10000 10000
9 586 937 937 10000 10000 10000 10000 492 10000
10 554 10000 10000 10000 10000 465 10000 465 10000
11 663 10000 10000 10000 10000 10000 10000 10000 10000
12 664 10000 10000 10000 10000 10000 557 557 10000
13 648 1036 10000 10000 10000 461 362 10000 10000
14 618 10000 10000 10000 1483 10000 10000 10000 10000
15 533 852 10000 10000 10000 10000 10000 10000 10000
16 373 895 10000 10000 10000 10000 10000 10000 10000
17 379 10000 10000 909 909 10000 10000 217 10000
18 761 10000 10000 10000 10000 10000 10000 10000 10000
19 567 10000 10000 10000 1211 10000 10000 10000 10000
20 367 10000 10000 10000 10000 10000 10000 10000 10000
<precedence relations>
1,5
2,6
2,7
4,8
5,13
7,11
8,9
8,10
8,12
11,14
12,17
13,15
13,16
15,20
16,18
17,19
<end>