<number of tasks>
20
<number of stations>
10
<order strength>
0.800
<type of the robots>
4
<robot flexibility>
0.20
<collaboration flexibility>
0.20
<number of robots>
1
1
0
0
<task times>
1 623 10000 10000 10000 10000 10000 10000 10000 10000
2 431 10000 689 10000 10000 10000 10000 362 10000
3 456 10000 10000 10000 10000 10000 10000 10000 255
4 537 10000 10000 10000 10000 10000 10000 10000 10000
5 442 10000 10000 10000 10000 10000 10000 10000 10000
6 587 10000 10000 1289 939 10000 328 10000 10000
7 557 10000 10000 10000 1189 10000 10000 10000 10000
8 364 10000 873 10000 10000 10000 10000 10000 10000
9 500 10000 10000 10000 10000 10000 10000 420 280
10 542 10000 867 10000 10000 10000 10000 10000 10000
11 488 10000 10000 780 10000 273 10000 10000 10000
12 550 10000 880 10000 10000 10000 308 10000 10000
13 519 10000 10000 1245 10000 10000 301 10000 290
14 496 10000 10000 10000 10000 10000 10000 10000 277
15 446 10000 10000 713 10000 10000 10000 10000 10000
16 642 10000 10000 10000 10000 10000 10000 10000 10000
17 700 10000 10000 1327 10000 10000 10000 10000 587
18 393 10000 10000 10000 10000 10000 10000 330 10000
19 542 1300 10000 1164 10000 455 10000 10000 10000
20 362 10000 10000 10000 579 10000 10000 304 10000
<precedence relations>
1,4
2,4
2,5
3,4
4,6
5,6
6,7
6,8
6,9
7,10
7,11
8,10
8,11
9,10
9,11
10,12
10,14
11,12
11,13
12,16
14,15
15,17
15,18
16,20
17,20
18,19
<end>