<number of tasks>
100
<number of stations>
25
<order strength>
0.200
<type of the robots>
4
<robot flexibility>
0.20
<collaboration flexibility>
0.20
<number of robots>
3
3
2
2
<task times>
1 260 10000 10000 624 10000 10000 145 10000 218
2 340 630 10000 10000 10000 10000 10000 249 190
3 68 145 10000 10000 10000 10000 10000 10000 10000
4 250 10000 10000 468 469 10000 210 10000 10000
5 109 261 261 10000 10000 10000 10000 10000 61
6 117 10000 10000 10000 10000 10000 10000 10000 10000
7 505 10000 10000 10000 10000 10000 424 10000 282
8 29 10000 10000 10000 10000 10000 24 10000 16
9 336 10000 10000 10000 537 10000 10000 10000 10000
10 84 10000 10000 134 171 10000 10000 10000 70
11 471 1130 10000 10000 10000 10000 10000 10000 395
12 235 10000 376 10000 10000 10000 197 10000 131
13 57 10000 10000 10000 10000 31 10000 10000 10000
14 29 10000 69 10000 10000 10000 10000 10000 24
15 78 156 10000 10000 10000 10000 10000 10000 10000
16 483 772 10000 1085 10000 10000 399 10000 10000
17 163 10000 10000 10000 10000 10000 10000 10000 10000
18 78 10000 10000 10000 173 10000 10000 45 10000
19 94 10000 10000 10000 150 78 52 10000 10000
20 289 10000 462 10000 10000 10000 10000 10000 10000
21 250 400 10000 600 10000 140 10000 10000 10000
22 115 10000 10000 10000 237 10000 10000 10000 96
23 107 10000 10000 10000 256 10000 89 10000 59
24 23 55 10000 44 10000 12 10000 10000 12
25 165 10000 363 10000 10000 10000 138 10000 10000
26 146 10000 10000 10000 10000 10000 81 10000 10000
27 24 10000 10000 10000 41 10000 13 10000 13
28 121 10000 10000 234 10000 101 10000 101 10000
29 145 10000 10000 10000 340 10000 10000 10000 10000
30 455 10000 10000 10000 10000 10000 10000 10000 10000
31 153 10000 367 10000 10000 10000 10000 10000 128
32 253 10000 10000 10000 10000 10000 10000 10000 10000
33 71 10000 113 170 10000 10000 10000 10000 10000
34 38 65 10000 10000 10000 10000 10000 10000 10000
35 141 10000 10000 225 10000 10000 78 78 10000
36 219 10000 10000 10000 10000 10000 183 10000 10000
37 326 10000 10000 10000 10000 209 10000 10000 10000
38 349 10000 10000 837 10000 10000 10000 10000 10000
39 318 10000 617 508 10000 10000 178 10000 10000
40 374 10000 10000 10000 10000 10000 10000 10000 10000
41 95 10000 10000 10000 10000 10000 10000 53 10000
42 153 10000 10000 10000 250 10000 85 10000 128
43 109 10000 10000 10000 174 10000 10000 10000 10000
44 183 439 10000 295 10000 10000 119 10000 10000
45 148 10000 10000 355 10000 10000 10000 82 10000
46 91 199 10000 10000 10000 10000 76 10000 76
47 130 10000 10000 10000 10000 10000 10000 72 72
48 344 10000 825 10000 10000 10000 10000 10000 10000
49 126 10000 10000 212 207 10000 10000 10000 10000
50 421 10000 10000 673 10000 10000 10000 10000 10000
51 47 112 10000 10000 112 10000 39 10000 10000
52 320 10000 10000 512 10000 10000 10000 10000 10000
53 453 10000 10000 10000 10000 380 10000 10000 10000
54 301 10000 10000 10000 10000 10000 168 10000 10000
55 44 10000 10000 10000 70 10000 10000 10000 10000
56 87 10000 10000 10000 10000 48 10000 10000 10000
57 150 10000 10000 307 10000 126 10000 10000 10000
58 152 10000 10000 10000 10000 10000 10000 10000 10000
59 100 10000 10000 10000 10000 10000 10000 10000 10000
60 197 315 10000 316 10000 10000 10000 10000 110
61 139 10000 10000 10000 333 10000 10000 10000 10000
62 187 10000 10000 10000 10000 10000 104 10000 10000
63 269 10000 10000 10000 10000 10000 10000 10000 10000
64 93 10000 148 10000 10000 78 10000 10000 10000
65 113 10000 10000 10000 10000 68 10000 10000 94
66 532 10000 10000 10000 10000 446 10000 10000 10000
67 221 10000 10000 442 10000 10000 10000 10000 126
68 63 10000 10000 10000 10000 10000 10000 10000 10000
69 509 10000 10000 10000 1207 427 285 285 427
70 122 10000 10000 10000 10000 10000 10000 68 10000
71 513 10000 10000 10000 10000 10000 10000 10000 287
72 132 10000 10000 10000 10000 10000 10000 10000 10000
73 191 10000 305 10000 10000 10000 10000 10000 10000
74 173 415 276 10000 10000 10000 96 96 10000
75 149 10000 10000 10000 10000 10000 10000 108 125
76 159 10000 10000 10000 10000 10000 10000 10000 10000
77 20 10000 10000 48 48 16 10000 10000 10000
78 42 10000 10000 10000 10000 35 10000 10000 10000
79 263 10000 10000 10000 10000 10000 10000 10000 10000
80 239 10000 10000 452 573 10000 10000 10000 10000
81 325 10000 10000 10000 10000 10000 272 10000 10000
82 535 10000 10000 10000 10000 10000 10000 10000 10000
83 244 10000 585 10000 10000 10000 10000 10000 10000
84 33 10000 10000 52 10000 10000 10000 10000 10000
85 103 10000 10000 10000 10000 86 10000 10000 10000
86 40 10000 64 10000 10000 22 33 10000 10000
87 270 10000 432 10000 432 10000 10000 10000 226
88 220 10000 10000 10000 10000 10000 10000 10000 123
89 220 528 501 10000 10000 10000 123 184 10000
90 497 10000 10000 10000 10000 10000 10000 278 10000
91 127 295 203 10000 203 10000 10000 10000 10000
92 234 10000 10000 10000 10000 131 10000 10000 131
93 222 355 10000 10000 433 139 10000 10000 10000
94 209 10000 10000 10000 334 10000 175 10000 10000
95 145 10000 10000 10000 348 10000 10000 10000 10000
96 118 10000 10000 10000 10000 10000 10000 10000 10000
97 86 10000 10000 10000 10000 72 10000 10000 72
98 253 10000 540 10000 10000 10000 10000 10000 10000
99 90 10000 10000 10000 10000 10000 50 10000 10000
100 481 10000 10000 10000 10000 10000 10000 10000 10000
<precedence relations>
1,75
2,15
3,15
4,15
5,15
6,15
7,15
8,14
8,16
8,17
9,11
9,13
9,39
10,12
10,18
10,19
11,75
12,75
13,75
14,75
15,22
15,23
15,24
15,25
15,26
15,27
16,29
17,20
17,28
17,30
18,21
20,75
21,75
24,33
24,36
25,34
25,37
28,32
29,31
30,35
31,75
32,38
33,39
34,42
34,72
35,40
36,41
38,44
39,43
40,45
40,46
40,47
40,49
41,48
43,51
44,52
44,54
45,53
46,50
46,55
48,56
50,75
51,58
52,59
53,60
54,57
54,62
54,63
54,65
54,66
55,61
55,65
56,64
57,75
58,71
59,69
60,67
61,68
63,74
64,70
64,72
65,73
66,72
67,75
68,76
69,78
70,77
70,81
71,80
71,82
72,79
75,83
75,84
75,85
75,86
75,87
75,88
75,89
75,90
75,91
76,93
77,92
78,94
79,95
87,100
92,98
93,96
94,97
95,99
<end>