<number of tasks>
20
<number of stations>
5
<order strength>
0.800
<type of the robots>
4
<robot flexibility>
0.40
<collaboration flexibility>
0.40
<number of robots>
1
0
0
0
<task times>
1 279 517 446 10000 446 10000 234 10000 234
2 346 738 10000 10000 739 10000 193 10000 10000
3 149 10000 238 10000 10000 83 83 10000 10000
4 117 208 10000 280 187 10000 98 98 10000
5 468 10000 879 1123 10000 393 10000 393 10000
6 152 10000 364 364 243 85 10000 87 10000
7 81 10000 10000 10000 10000 10000 10000 45 68
8 489 10000 10000 782 782 10000 10000 10000 10000
9 341 737 10000 10000 10000 10000 10000 10000 190
10 509 1221 10000 10000 814 10000 285 10000 427
11 528 1061 844 10000 10000 443 295 10000 295
12 171 10000 273 410 10000 10000 10000 10000 143
13 144 10000 10000 230 10000 120 10000 120 85
14 501 801 971 10000 1202 280 420 10000 280
15 453 10000 1087 1087 1053 10000 380 271 10000
16 200 480 10000 480 10000 112 10000 10000 125
17 57 10000 10000 136 91 10000 10000 47 10000
18 198 10000 347 10000 10000 10000 10000 10000 166
19 219 350 10000 525 10000 10000 183 122 10000
20 209 334 10000 501 10000 175 10000 10000 10000
<precedence relations>
1,4
1,6
2,4
2,5
3,4
3,6
4,7
5,6
6,7
6,8
7,9
7,15
8,9
8,10
9,14
9,18
10,11
10,12
11,13
11,14
11,15
12,13
12,14
13,16
13,17
13,18
14,16
14,17
15,18
16,19
17,20
18,19
<end>