<number of tasks>
20
<number of stations>
5
<order strength>
0.800
<type of the robots>
4
<robot flexibility>
0.40
<collaboration flexibility>
0.40
<number of robots>
1
1
0
0
<task times>
1 191 10000 305 10000 10000 10000 160 10000 106
2 52 10000 10000 10000 10000 29 10000 29 43
3 100 160 10000 10000 213 84 10000 84 10000
4 202 484 10000 10000 10000 10000 10000 10000 10000
5 147 10000 10000 10000 235 10000 123 82 10000
6 161 10000 257 386 10000 90 90 10000 10000
7 69 10000 161 10000 10000 10000 40 57 10000
8 162 259 10000 10000 10000 10000 136 97 10000
9 184 422 10000 10000 10000 154 103 10000 10000
10 55 10000 10000 132 10000 46 30 46 30
11 121 10000 10000 10000 10000 86 67 101 101
12 135 10000 261 10000 10000 113 75 113 10000
13 65 10000 156 10000 104 36 54 36 10000
14 357 10000 627 10000 856 10000 10000 10000 199
15 145 232 348 10000 10000 10000 121 10000 10000
16 238 571 523 10000 449 10000 199 10000 10000
17 35 10000 10000 10000 84 19 29 29 19
18 191 305 458 10000 444 10000 160 10000 10000
19 153 244 10000 367 244 10000 10000 10000 96
20 116 185 185 185 10000 10000 67 64 10000
<precedence relations>
1,4
2,4
3,4
4,5
4,6
4,7
5,8
5,9
5,10
6,16
7,10
8,15
9,15
10,11
10,12
10,13
11,14
11,15
12,14
13,14
13,15
14,17
14,18
15,16
16,17
16,18
17,19
18,20
<end>