<number of tasks>
20
<number of stations>
5
<order strength>
0.800
<type of the robots>
4
<robot flexibility>
0.40
<collaboration flexibility>
0.40
<number of robots>
1
1
0
0
<task times>
1 185 342 296 10000 10000 103 10000 106 103
2 220 469 413 10000 10000 184 10000 10000 123
3 120 10000 288 10000 192 10000 100 67 10000
4 129 10000 210 206 309 72 10000 10000 72
5 41 10000 10000 10000 65 34 22 10000 34
6 155 10000 265 10000 372 86 86 10000 10000
7 71 10000 10000 10000 10000 59 10000 59 42
8 79 189 10000 10000 183 66 10000 44 44
9 318 639 616 10000 508 178 10000 10000 10000
10 224 10000 537 10000 535 10000 188 188 10000
11 81 129 10000 194 10000 45 10000 49 51
12 234 561 10000 561 524 196 10000 10000 196
13 86 10000 10000 206 206 48 72 72 10000
14 99 10000 10000 237 10000 10000 55 10000 10000
15 72 10000 158 10000 10000 10000 60 10000 10000
16 28 44 67 67 63 10000 10000 15 23
17 135 216 10000 216 216 10000 10000 10000 113
18 125 300 300 267 10000 70 10000 10000 10000
19 184 10000 10000 294 10000 103 154 154 103
20 312 10000 748 10000 748 10000 10000 262 10000
<precedence relations>
1,3
1,4
2,4
3,5
3,6
4,6
4,9
4,11
5,7
5,8
5,9
6,7
7,10
8,11
9,14
10,13
11,12
11,13
12,15
13,14
13,15
14,16
14,17
14,18
15,16
15,18
15,19
17,19
18,20
<end>