<number of tasks>
50
<number of stations>
13
<order strength>
0.201
<type of the robots>
4
<robot flexibility>
0.40
<collaboration flexibility>
0.40
<number of robots>
1
1
1
0
<task times>
1 95 10000 10000 10000 10000 10000 79 79 53
2 191 354 10000 456 10000 10000 160 10000 10000
3 165 10000 396 10000 10000 10000 10000 138 92
4 102 217 10000 232 163 10000 10000 85 10000
5 74 10000 10000 10000 10000 10000 10000 10000 10000
6 167 10000 10000 400 10000 10000 10000 10000 96
7 102 10000 244 244 244 57 10000 10000 10000
8 163 10000 305 260 10000 10000 10000 10000 10000
9 236 421 377 10000 377 10000 198 132 132
10 221 10000 10000 530 10000 185 10000 10000 10000
11 102 220 244 10000 244 57 57 72 10000
12 46 10000 10000 106 110 38 10000 10000 10000
13 27 64 43 10000 10000 22 22 10000 15
14 120 10000 10000 192 192 10000 10000 10000 10000
15 90 10000 10000 216 10000 10000 10000 75 10000
16 306 615 10000 489 10000 171 10000 171 10000
17 41 10000 98 98 10000 10000 10000 34 10000
18 63 10000 10000 10000 10000 35 10000 10000 10000
19 81 10000 10000 10000 10000 10000 10000 68 45
20 180 10000 341 10000 10000 10000 151 100 10000
21 253 10000 543 404 607 10000 212 10000 212
22 96 10000 10000 230 154 80 10000 10000 10000
23 102 10000 10000 10000 163 57 10000 10000 10000
24 238 10000 571 10000 10000 199 133 10000 10000
25 127 203 10000 10000 10000 10000 106 71 10000
26 184 10000 10000 10000 10000 10000 10000 10000 10000
27 102 163 10000 10000 244 10000 10000 10000 10000
28 109 174 261 261 10000 91 10000 91 10000
29 96 10000 153 10000 189 10000 10000 53 10000
30 128 10000 273 204 291 10000 10000 10000 10000
31 189 302 302 10000 10000 10000 10000 10000 105
32 97 10000 155 155 155 54 10000 54 10000
33 285 10000 684 684 489 10000 159 206 10000
34 28 10000 10000 53 67 10000 10000 10000 15
35 165 10000 10000 295 352 10000 10000 10000 138
36 182 10000 10000 291 10000 10000 101 10000 10000
37 202 323 10000 10000 10000 117 10000 169 10000
38 84 10000 10000 191 10000 70 10000 10000 10000
39 23 53 10000 10000 36 10000 19 19 13
40 153 10000 244 10000 10000 85 10000 85 10000
41 78 124 10000 10000 187 10000 10000 65 52
42 112 179 268 179 209 10000 10000 62 10000
43 53 10000 10000 102 107 29 10000 10000 10000
44 113 10000 10000 180 10000 10000 63 94 10000
45 189 10000 10000 367 308 121 10000 157 10000
46 82 196 154 196 196 10000 68 10000 45
47 221 10000 353 356 408 10000 10000 172 10000
48 51 122 98 81 10000 10000 10000 28 10000
49 90 10000 144 10000 10000 75 10000 10000 10000
50 237 416 10000 10000 568 199 199 10000 10000
<precedence relations>
1,23
2,9
3,10
4,13
5,11
6,8
7,12
8,23
9,16
10,18
11,14
11,17
11,21
12,15
13,19
13,20
13,22
14,23
15,23
16,24
17,25
21,26
22,27
22,28
23,29
23,30
23,31
23,32
23,36
24,34
25,33
27,36
28,35
28,37
29,41
29,42
33,39
36,40
37,38
38,43
38,47
41,44
41,45
41,46
43,48
44,50
46,49
<end>