<number of tasks>
50
<number of stations>
25
<order strength>
0.199
<type of the robots>
4
<robot flexibility>
0.20
<collaboration flexibility>
0.20
<number of robots>
3
3
2
2
<task times>
1 462 856 10000 10000 10000 10000 10000 10000 10000
2 244 10000 10000 10000 10000 204 204 10000 10000
3 269 574 645 10000 10000 10000 10000 10000 10000
4 573 10000 10000 1145 10000 10000 10000 10000 320
5 204 10000 10000 10000 10000 10000 10000 114 117
6 131 10000 248 10000 10000 110 10000 10000 10000
7 81 10000 10000 10000 10000 10000 68 10000 10000
8 205 10000 440 328 10000 10000 10000 10000 10000
9 440 10000 10000 1056 1056 10000 369 10000 10000
10 307 10000 10000 10000 736 10000 10000 10000 10000
11 391 10000 10000 10000 10000 10000 10000 10000 10000
12 441 10000 10000 10000 10000 10000 10000 10000 10000
13 236 10000 10000 10000 10000 10000 10000 10000 10000
14 233 10000 10000 495 372 10000 10000 195 195
15 200 10000 10000 10000 10000 10000 10000 10000 10000
16 395 10000 10000 10000 10000 10000 10000 10000 10000
17 233 10000 10000 10000 10000 130 10000 10000 10000
18 112 179 10000 10000 10000 10000 10000 10000 10000
19 222 10000 10000 10000 10000 10000 10000 10000 124
20 207 496 10000 10000 332 10000 10000 10000 10000
21 148 10000 10000 10000 236 10000 124 10000 10000
22 358 10000 10000 10000 10000 10000 200 300 10000
23 513 10000 10000 10000 10000 287 10000 10000 347
24 24 10000 10000 57 10000 10000 10000 10000 13
25 130 10000 10000 10000 10000 109 10000 72 10000
26 131 10000 10000 10000 10000 10000 10000 10000 10000
27 182 10000 10000 10000 10000 10000 10000 101 10000
28 68 10000 108 10000 10000 10000 38 57 57
29 69 10000 10000 10000 10000 10000 10000 10000 10000
30 47 10000 10000 10000 85 10000 10000 10000 10000
31 115 10000 10000 10000 10000 96 10000 10000 10000
32 199 10000 10000 10000 10000 111 10000 10000 10000
33 79 10000 10000 10000 10000 44 10000 10000 58
34 364 582 10000 10000 10000 233 10000 10000 10000
35 118 10000 188 10000 10000 10000 74 10000 10000
36 49 117 10000 10000 117 41 10000 10000 27
37 517 10000 10000 10000 956 10000 10000 10000 10000
38 68 10000 10000 10000 10000 10000 10000 10000 10000
39 227 10000 542 544 10000 10000 10000 10000 10000
40 296 10000 10000 10000 10000 10000 10000 10000 10000
41 390 10000 10000 10000 624 10000 327 10000 10000
42 152 334 10000 10000 10000 127 10000 10000 10000
43 26 10000 10000 10000 10000 21 10000 10000 21
44 319 765 10000 10000 10000 10000 10000 10000 10000
45 462 10000 10000 10000 10000 10000 10000 10000 10000
46 174 10000 10000 10000 10000 10000 10000 97 10000
47 49 10000 10000 10000 10000 10000 10000 27 10000
48 532 995 10000 1032 10000 10000 10000 10000 10000
49 191 10000 10000 10000 10000 10000 10000 10000 10000
50 143 10000 10000 10000 274 10000 120 10000 10000
<precedence relations>
4,9
4,10
4,12
4,13
7,11
7,15
8,14
9,16
9,19
11,17
11,18
13,19
13,20
16,25
16,27
17,23
18,22
19,24
19,26
20,21
21,28
22,31
23,31
25,30
27,29
28,33
28,38
28,39
29,37
29,39
30,32
30,34
30,35
31,36
34,43
36,42
37,42
38,41
39,40
39,43
41,45
42,46
42,47
42,48
42,49
42,50
43,44
<end>