<number of tasks>
50
<number of stations>
25
<order strength>
0.199
<type of the robots>
4
<robot flexibility>
0.40
<collaboration flexibility>
0.40
<number of robots>
2
1
1
1
<task times>
1 262 485 628 503 419 10000 10000 220 146
2 49 10000 117 109 95 10000 10000 10000 32
3 217 463 10000 520 10000 10000 182 10000 10000
4 322 10000 10000 10000 768 10000 185 10000 270
5 124 10000 297 282 264 10000 10000 104 10000
6 155 10000 10000 10000 10000 86 86 10000 10000
7 316 10000 10000 10000 10000 10000 10000 10000 10000
8 120 10000 10000 288 249 10000 10000 67 10000
9 37 10000 10000 88 10000 31 10000 10000 20
10 364 650 10000 582 582 203 305 305 203
11 91 196 10000 181 10000 76 10000 76 10000
12 510 1224 816 10000 824 428 10000 285 10000
13 205 412 10000 492 328 10000 10000 172 114
14 170 10000 10000 272 10000 10000 10000 95 97
15 198 316 475 10000 475 10000 110 10000 10000
16 491 1178 10000 1178 785 10000 10000 10000 10000
17 39 10000 10000 10000 10000 10000 10000 10000 10000
18 100 10000 189 10000 240 10000 10000 83 56
19 23 10000 10000 54 10000 10000 10000 12 10000
20 64 10000 10000 10000 153 35 53 53 10000
21 108 172 10000 10000 172 60 90 10000 10000
22 65 10000 139 10000 10000 10000 10000 10000 10000
23 316 758 758 505 505 176 265 176 10000
24 403 10000 10000 10000 10000 10000 225 10000 225
25 112 10000 10000 10000 10000 62 10000 10000 10000
26 245 588 10000 588 10000 10000 205 10000 10000
27 59 10000 10000 10000 10000 33 10000 10000 10000
28 103 164 247 10000 10000 57 10000 86 10000
29 218 409 10000 348 10000 183 10000 122 10000
30 331 10000 10000 10000 794 185 10000 185 10000
31 468 10000 10000 10000 748 262 262 10000 10000
32 75 180 120 10000 10000 10000 63 10000 10000
33 237 379 10000 379 10000 10000 199 10000 10000
34 583 10000 10000 1399 10000 10000 326 420 10000
35 154 10000 10000 10000 247 10000 10000 10000 10000
36 113 10000 10000 10000 10000 10000 63 10000 10000
37 278 444 444 530 10000 10000 10000 10000 10000
38 262 507 628 10000 10000 10000 10000 10000 220
39 469 10000 750 10000 10000 10000 262 10000 393
40 54 129 129 10000 86 10000 45 45 10000
41 145 348 10000 10000 10000 81 121 81 10000
42 225 10000 10000 403 513 10000 10000 10000 10000
43 140 10000 10000 10000 10000 10000 10000 10000 10000
44 151 10000 284 10000 10000 10000 10000 10000 10000
45 163 10000 10000 10000 10000 10000 10000 136 10000
46 215 516 344 516 10000 10000 10000 180 146
47 77 169 10000 10000 10000 10000 43 10000 43
48 325 10000 10000 10000 10000 10000 10000 10000 272
49 76 10000 10000 10000 10000 10000 10000 10000 10000
50 96 10000 10000 161 10000 80 10000 53 53
<precedence relations>
1,8
2,11
3,34
4,10
4,27
5,9
6,7
6,8
7,13
8,17
9,46
10,12
10,24
11,14
11,15
11,16
12,45
13,19
13,20
13,22
13,23
15,18
16,21
17,24
18,27
18,29
19,26
20,27
21,24
21,25
21,47
23,28
23,31
24,35
25,30
25,34
26,31
26,36
27,37
28,32
28,33
29,46
30,43
30,49
31,38
31,41
32,42
33,40
36,39
37,41
39,44
39,47
39,50
40,46
40,47
40,49
43,45
43,48
<end>