<number of tasks>
20
<number of stations>
10
<order strength>
0.200
<type of the robots>
4
<robot flexibility>
0.20
<collaboration flexibility>
0.20
<number of robots>
1
1
0
0
<task times>
1 26 10000 41 62 10000 10000 10000 10000 10000
2 235 435 10000 10000 10000 10000 10000 10000 197
3 216 10000 518 10000 345 10000 10000 120 10000
4 92 10000 10000 178 10000 10000 51 51 51
5 233 10000 10000 10000 559 10000 10000 10000 195
6 72 10000 10000 10000 136 60 10000 10000 10000
7 237 10000 10000 10000 10000 10000 10000 199 10000
8 152 10000 10000 10000 326 85 10000 10000 127
9 57 10000 10000 10000 10000 10000 10000 10000 10000
10 122 10000 292 10000 10000 10000 68 68 10000
11 190 10000 10000 10000 10000 10000 10000 10000 10000
12 134 10000 10000 10000 10000 10000 10000 10000 10000
13 333 10000 10000 731 10000 10000 10000 10000 10000
14 208 332 499 499 10000 10000 10000 10000 10000
15 58 10000 10000 10000 10000 10000 10000 10000 10000
16 109 10000 10000 10000 10000 10000 10000 91 10000
17 51 10000 10000 10000 10000 10000 10000 10000 10000
18 143 328 10000 10000 10000 102 10000 10000 10000
19 82 10000 10000 10000 10000 10000 10000 10000 10000
20 100 10000 187 10000 10000 10000 56 10000 10000
<precedence relations>
2,7
3,5
3,6
3,8
5,9
5,10
6,11
6,12
6,13
10,15
10,17
12,14
12,16
16,19
16,20
17,18
<end>