<number of tasks>
100
<number of stations>
25
<order strength>
0.201
<type of the robots>
4
<robot flexibility>
0.20
<collaboration flexibility>
0.20
<number of robots>
3
3
2
2
<task times>
1 571 10000 10000 10000 10000 10000 479 10000 319
2 468 10000 10000 10000 10000 10000 393 10000 10000
3 839 10000 2013 10000 10000 10000 10000 555 10000
4 421 898 1010 10000 1010 10000 10000 10000 10000
5 553 10000 10000 10000 10000 10000 10000 10000 10000
6 448 800 10000 10000 10000 10000 10000 10000 10000
7 605 10000 10000 10000 10000 10000 338 10000 10000
8 673 10000 10000 1615 10000 10000 10000 10000 376
9 401 10000 10000 10000 10000 10000 10000 10000 10000
10 497 10000 795 10000 10000 417 10000 278 278
11 417 10000 10000 1000 10000 10000 10000 233 308
12 677 10000 10000 10000 10000 10000 10000 10000 10000
13 458 10000 10000 10000 10000 10000 10000 10000 256
14 492 10000 10000 787 10000 10000 10000 10000 10000
15 460 10000 10000 10000 10000 386 10000 386 10000
16 440 10000 1056 10000 10000 10000 10000 10000 10000
17 537 859 859 10000 1288 300 300 10000 10000
18 327 10000 10000 10000 10000 10000 10000 10000 274
19 482 1156 10000 1156 771 404 404 10000 10000
20 561 897 10000 10000 10000 10000 10000 10000 10000
21 468 10000 1117 1123 10000 10000 10000 290 10000
22 430 10000 10000 10000 10000 10000 356 10000 10000
23 380 608 10000 10000 10000 212 10000 233 10000
24 499 10000 10000 798 10000 10000 10000 10000 10000
25 662 1059 10000 10000 10000 10000 10000 10000 10000
26 727 10000 10000 1163 10000 10000 10000 10000 10000
27 384 10000 10000 10000 10000 10000 10000 10000 10000
28 578 10000 1387 10000 10000 10000 10000 485 10000
29 560 10000 10000 10000 1344 10000 470 313 10000
30 694 10000 1110 10000 10000 10000 388 10000 10000
31 455 10000 10000 10000 728 10000 10000 10000 10000
32 672 10000 10000 10000 10000 10000 376 10000 10000
33 488 10000 10000 10000 10000 10000 273 10000 10000
34 526 10000 10000 10000 10000 10000 10000 10000 10000
35 273 10000 551 655 10000 10000 10000 10000 10000
36 486 10000 10000 777 10000 10000 10000 10000 10000
37 409 10000 981 716 10000 10000 10000 10000 10000
38 481 10000 918 10000 10000 10000 10000 10000 404
39 602 10000 1078 10000 10000 10000 10000 10000 10000
40 648 10000 10000 1044 10000 10000 10000 10000 10000
41 552 10000 10000 10000 10000 10000 463 463 10000
42 458 10000 10000 10000 10000 10000 384 10000 10000
43 433 741 10000 10000 10000 242 242 10000 10000
44 558 10000 10000 10000 10000 10000 10000 312 10000
45 593 10000 10000 10000 10000 10000 10000 10000 10000
46 617 10000 10000 10000 10000 518 10000 345 10000
47 569 10000 10000 10000 10000 10000 318 10000 477
48 446 1070 10000 10000 10000 249 10000 10000 10000
49 318 10000 10000 10000 10000 10000 10000 178 178
50 515 10000 999 10000 10000 10000 10000 10000 10000
51 536 1286 10000 857 1286 10000 10000 10000 10000
52 632 1388 10000 1516 10000 10000 10000 10000 10000
53 364 10000 10000 10000 595 305 10000 274 10000
54 594 1425 10000 1425 10000 10000 10000 10000 498
55 405 10000 10000 10000 972 10000 10000 10000 10000
56 527 10000 1094 10000 10000 10000 10000 10000 10000
57 524 10000 10000 10000 10000 10000 10000 10000 10000
58 814 10000 10000 10000 10000 10000 10000 10000 10000
59 416 998 665 10000 10000 10000 10000 10000 349
60 439 10000 10000 10000 10000 10000 10000 10000 10000
61 598 1435 10000 10000 10000 502 334 10000 502
62 633 10000 1012 10000 10000 10000 10000 10000 10000
63 263 10000 10000 10000 10000 10000 10000 10000 10000
64 553 10000 10000 10000 10000 10000 10000 10000 10000
65 547 10000 10000 10000 875 10000 459 306 10000
66 507 10000 10000 10000 10000 425 10000 10000 10000
67 350 10000 10000 10000 10000 10000 10000 10000 10000
68 361 10000 10000 10000 10000 303 10000 10000 202
69 641 10000 10000 10000 1025 538 10000 10000 10000
70 364 10000 10000 10000 10000 305 203 10000 305
71 606 10000 10000 969 10000 10000 10000 10000 10000
72 621 10000 10000 10000 10000 347 10000 10000 10000
73 546 10000 873 1105 1310 457 10000 10000 10000
74 417 10000 10000 10000 10000 10000 10000 10000 10000
75 451 10000 10000 10000 1069 10000 10000 10000 378
76 526 10000 10000 10000 10000 294 10000 10000 10000
77 310 10000 10000 496 10000 10000 260 10000 10000
78 626 10000 10000 10000 10000 10000 10000 10000 525
79 587 10000 10000 10000 10000 10000 10000 10000 10000
80 443 10000 10000 971 10000 10000 10000 10000 10000
81 424 10000 10000 10000 10000 10000 10000 237 10000
82 444 10000 10000 10000 10000 10000 10000 10000 10000
83 427 10000 10000 10000 10000 10000 10000 10000 10000
84 264 10000 10000 10000 633 10000 221 147 10000
85 565 10000 10000 10000 10000 10000 10000 10000 10000
86 425 10000 10000 10000 10000 10000 357 10000 10000
87 295 10000 10000 10000 10000 247 10000 10000 10000
88 528 10000 10000 10000 1267 10000 295 295 10000
89 553 10000 10000 10000 10000 10000 10000 10000 10000
90 682 10000 10000 10000 10000 10000 10000 10000 10000
91 585 10000 1037 10000 936 10000 10000 491 474
92 360 10000 10000 10000 10000 10000 10000 201 10000
93 330 10000 792 10000 10000 10000 10000 10000 10000
94 790 10000 10000 10000 10000 10000 662 10000 10000
95 429 10000 10000 1029 10000 10000 10000 10000 10000
96 490 942 10000 1176 10000 10000 274 10000 10000
97 611 10000 10000 10000 10000 10000 10000 10000 10000
98 574 10000 10000 10000 10000 338 10000 482 10000
99 537 1204 10000 10000 10000 451 300 300 10000
100 332 10000 10000 531 648 10000 10000 10000 10000
<precedence relations>
1,72
2,12
3,13
4,14
5,15
6,16
7,11
8,9
8,10
9,60
10,72
11,72
12,19
13,21
14,18
15,17
15,20
15,22
15,25
16,23
16,24
17,28
18,26
19,30
20,29
20,32
20,53
21,55
23,33
23,34
23,35
24,27
24,31
24,36
26,60
27,60
28,37
29,39
30,41
31,40
31,43
31,45
32,42
32,44
34,46
35,38
36,47
37,60
38,72
39,50
40,49
40,54
42,48
43,53
45,52
47,51
48,60
49,57
50,56
51,55
52,58
52,59
55,60
56,60
57,63
58,61
58,62
58,66
59,64
59,65
60,67
60,68
60,69
60,70
60,71
60,75
61,72
62,72
63,73
65,74
65,76
66,77
67,82
70,84
71,86
72,78
72,79
72,80
72,81
74,83
76,85
78,87
78,90
80,91
82,88
83,89
84,92
87,93
88,94
89,95
90,96
90,99
91,97
92,98
92,100
<end>