<number of tasks>
100
<number of stations>
50
<order strength>
0.200
<type of the robots>
4
<robot flexibility>
0.40
<collaboration flexibility>
0.40
<number of robots>
3
3
2
2
<task times>
1 260 10000 10000 624 416 10000 145 10000 218
2 340 630 10000 10000 10000 10000 10000 249 190
3 68 145 10000 10000 10000 10000 10000 38 10000
4 250 400 10000 468 469 140 210 10000 10000
5 109 261 261 10000 10000 10000 61 91 61
6 117 10000 10000 10000 280 10000 10000 10000 98
7 505 10000 10000 10000 10000 10000 424 282 282
8 29 46 10000 10000 10000 10000 24 10000 16
9 336 10000 671 10000 537 10000 188 10000 10000
10 84 193 201 134 171 70 10000 10000 70
11 471 1130 10000 10000 753 10000 10000 10000 395
12 235 10000 376 376 10000 197 197 10000 131
13 57 10000 10000 10000 10000 31 31 47 10000
14 29 10000 69 10000 46 10000 10000 10000 24
15 78 156 186 124 187 10000 10000 10000 10000
16 483 772 10000 1085 10000 270 399 10000 10000
17 163 10000 10000 391 10000 10000 10000 10000 10000
18 78 187 10000 187 173 10000 10000 45 10000
19 94 150 10000 10000 150 78 52 78 10000
20 289 10000 462 693 10000 10000 10000 10000 10000
21 250 400 10000 600 10000 140 10000 10000 10000
22 115 10000 10000 10000 237 10000 10000 64 96
23 107 10000 10000 10000 256 59 89 10000 59
24 23 55 36 44 10000 12 10000 10000 12
25 165 10000 363 10000 10000 10000 138 10000 10000
26 146 233 10000 10000 233 10000 81 10000 99
27 24 10000 40 45 41 10000 13 10000 13
28 121 10000 196 234 10000 101 101 101 10000
29 145 10000 10000 10000 340 10000 10000 10000 10000
30 455 10000 918 10000 10000 10000 277 254 10000
31 153 287 367 244 10000 10000 85 10000 128
32 253 607 10000 10000 10000 10000 10000 212 212
33 71 115 113 170 10000 10000 10000 10000 39
34 38 65 86 10000 10000 10000 31 10000 10000
35 141 10000 10000 225 10000 10000 78 78 118
36 219 10000 10000 10000 496 10000 183 183 10000
37 326 521 10000 10000 10000 209 10000 10000 10000
38 349 10000 558 837 558 10000 10000 10000 266
39 318 508 617 508 10000 10000 178 10000 10000
40 374 10000 10000 10000 10000 10000 10000 209 10000
41 95 10000 10000 166 10000 10000 10000 53 79
42 153 367 10000 10000 250 10000 85 10000 128
43 109 10000 10000 10000 174 91 10000 10000 10000
44 183 439 10000 295 10000 10000 119 10000 10000
45 148 10000 10000 355 10000 82 10000 82 10000
46 91 199 10000 10000 218 10000 76 10000 76
47 130 10000 10000 10000 208 10000 10000 72 72
48 344 10000 825 550 10000 10000 10000 10000 10000
49 126 10000 10000 212 207 105 10000 70 10000
50 421 1010 10000 673 10000 10000 10000 235 10000
51 47 112 10000 10000 112 10000 39 10000 10000
52 320 10000 10000 512 10000 10000 10000 10000 268
53 453 1087 730 1087 10000 380 10000 10000 10000
54 301 10000 624 513 10000 10000 168 252 252
55 44 10000 10000 10000 70 26 10000 10000 10000
56 87 10000 10000 10000 10000 48 48 73 73
57 150 10000 10000 307 10000 126 10000 10000 10000
58 152 10000 10000 10000 10000 10000 10000 85 10000
59 100 10000 10000 160 10000 10000 10000 10000 56
60 197 315 10000 316 10000 10000 10000 10000 110
61 139 10000 10000 10000 333 10000 77 10000 10000
62 187 10000 10000 10000 10000 10000 104 157 10000
63 269 10000 10000 10000 430 150 10000 10000 150
64 93 223 148 10000 148 78 10000 10000 78
65 113 10000 10000 10000 271 68 65 10000 94
66 532 10000 10000 10000 10000 446 10000 10000 297
67 221 530 10000 442 10000 185 10000 10000 126
68 63 151 151 118 10000 10000 10000 35 10000
69 509 10000 10000 10000 1207 427 285 285 427
70 122 10000 10000 195 10000 10000 102 68 10000
71 513 10000 820 10000 10000 10000 10000 10000 287
72 132 10000 10000 10000 10000 10000 10000 10000 92
73 191 305 305 458 10000 10000 160 10000 10000
74 173 415 276 10000 10000 96 96 96 10000
75 149 10000 10000 10000 10000 10000 10000 108 125
76 159 10000 10000 254 10000 10000 10000 10000 124
77 20 10000 10000 48 48 16 10000 10000 10000
78 42 67 10000 10000 10000 35 10000 23 10000
79 263 10000 10000 10000 420 10000 10000 147 10000
80 239 382 10000 452 573 10000 10000 133 10000
81 325 520 10000 10000 10000 10000 272 272 10000
82 535 10000 10000 1173 944 10000 10000 10000 10000
83 244 10000 585 10000 10000 136 10000 10000 10000
84 33 10000 10000 52 10000 10000 10000 18 10000
85 103 164 164 10000 247 86 10000 10000 10000
86 40 96 64 10000 10000 22 33 22 10000
87 270 10000 432 10000 432 10000 10000 207 226
88 220 415 10000 10000 10000 10000 149 10000 123
89 220 528 501 10000 10000 10000 123 184 10000
90 497 10000 10000 10000 1048 10000 10000 278 417
91 127 295 203 10000 203 10000 10000 10000 10000
92 234 10000 10000 10000 561 131 10000 196 131
93 222 355 10000 532 433 139 10000 10000 10000
94 209 499 10000 10000 334 10000 175 10000 117
95 145 10000 10000 10000 348 10000 81 10000 10000
96 118 10000 10000 188 10000 99 10000 99 10000
97 86 10000 10000 137 10000 72 10000 10000 72
98 253 575 540 607 607 10000 212 10000 141
99 90 10000 144 10000 10000 75 50 68 10000
100 481 10000 10000 10000 1154 10000 318 10000 10000
<precedence relations>
1,75
2,15
3,15
4,15
5,15
6,15
7,15
8,14
8,16
8,17
9,11
9,13
9,39
10,12
10,18
10,19
11,75
12,75
13,75
14,75
15,22
15,23
15,24
15,25
15,26
15,27
16,29
17,20
17,28
17,30
18,21
20,75
21,75
24,33
24,36
25,34
25,37
28,32
29,31
30,35
31,75
32,38
33,39
34,42
34,72
35,40
36,41
38,44
39,43
40,45
40,46
40,47
40,49
41,48
43,51
44,52
44,54
45,53
46,50
46,55
48,56
50,75
51,58
52,59
53,60
54,57
54,62
54,63
54,65
54,66
55,61
55,65
56,64
57,75
58,71
59,69
60,67
61,68
63,74
64,70
64,72
65,73
66,72
67,75
68,76
69,78
70,77
70,81
71,80
71,82
72,79
75,83
75,84
75,85
75,86
75,87
75,88
75,89
75,90
75,91
76,93
77,92
78,94
79,95
87,100
92,98
93,96
94,97
95,99
<end>