<number of tasks>
111
<number of stations>
25
<type of the robots>
4
<cost of the robots>
9.85
14.38
19.27
24.84
<task times>
1 1960 10000 3430 10000 10000 10000 1274 10000 1078
2 1715 3430 3002 2573 10000 1201 1115 1029 10000
3 735 10000 1287 10000 10000 10000 478 10000 10000
4 1715 10000 3002 10000 10000 10000 1115 10000 944
5 490 10000 10000 10000 10000 10000 10000 10000 10000
6 1225 10000 10000 10000 10000 10000 797 735 10000
7 169 10000 296 10000 10000 119 110 10000 93
8 2252 10000 10000 10000 2815 10000 10000 10000 1239
9 1225 10000 2144 10000 10000 10000 797 10000 674
10 2319 4638 10000 10000 10000 1624 10000 1392 1276
11 1715 3430 3002 10000 10000 1201 1115 10000 944
12 980 10000 10000 10000 10000 10000 10000 588 539
13 735 10000 10000 1103 919 10000 10000 441 405
14 2281 10000 3992 3422 10000 1597 1483 1369 10000
15 2750 5500 10000 10000 3438 1925 10000 1650 1513
16 77 154 10000 10000 10000 54 10000 47 10000
17 89 10000 10000 10000 10000 10000 10000 54 49
18 51 10000 10000 10000 10000 10000 10000 10000 10000
19 364 10000 10000 546 10000 10000 237 219 10000
20 405 10000 10000 10000 10000 284 10000 10000 223
21 3060 10000 10000 10000 10000 10000 10000 10000 10000
22 125 10000 10000 188 157 10000 10000 75 69
23 3429 10000 10000 10000 4287 10000 10000 2058 1886
24 43 10000 76 10000 10000 10000 28 10000 24
25 3430 10000 10000 10000 10000 10000 10000 10000 1887
26 1960 10000 10000 10000 10000 10000 10000 1176 1078
27 29 10000 10000 10000 10000 10000 10000 10000 16
28 27 10000 48 10000 10000 19 18 17 10000
29 15 10000 10000 10000 10000 10000 10000 9 9
30 121 10000 10000 10000 10000 10000 10000 10000 10000
31 1715 10000 10000 2573 10000 10000 10000 1029 944
32 2127 10000 10000 10000 10000 10000 10000 10000 10000
33 1470 10000 10000 10000 10000 1029 10000 882 10000
34 4037 10000 10000 10000 10000 10000 10000 2423 2221
35 68 10000 10000 102 10000 10000 10000 41 10000
36 62 10000 10000 10000 10000 10000 10000 10000 35
37 42 10000 10000 10000 10000 30 10000 10000 24
38 364 10000 10000 10000 455 10000 10000 10000 201
39 4998 10000 10000 10000 10000 10000 10000 10000 10000
40 1470 2940 10000 10000 10000 1029 10000 10000 10000
41 2963 10000 10000 10000 10000 10000 1926 10000 1630
42 5689 10000 9956 10000 7112 10000 3698 3414 3129
43 68 10000 10000 10000 10000 10000 45 10000 10000
44 18 10000 10000 10000 23 10000 12 10000 10
45 10 10000 18 10000 10000 10000 7 10000 10000
46 81 10000 10000 122 10000 57 10000 49 10000
47 5200 10400 9100 10000 10000 3640 3380 10000 2860
48 39 10000 69 10000 49 28 26 24 22
49 67 10000 10000 10000 10000 47 10000 10000 10000
50 27 54 10000 10000 34 19 10000 17 15
51 15 10000 10000 10000 10000 10000 10000 10000 10000
52 121 10000 10000 10000 10000 85 10000 10000 10000
53 58 10000 10000 10000 10000 10000 10000 35 32
54 1715 3430 10000 2573 2144 1201 10000 1029 944
55 125 10000 219 10000 10000 10000 82 10000 10000
56 4010 10000 10000 10000 10000 10000 2607 10000 2206
57 1470 10000 10000 10000 10000 1029 956 10000 10000
58 1470 10000 10000 10000 10000 10000 10000 10000 10000
59 2303 10000 10000 10000 10000 1613 1497 10000 10000
60 1960 10000 10000 10000 10000 10000 10000 10000 1078
61 2205 10000 3859 10000 2757 10000 1434 10000 1213
62 4018 10000 7032 10000 10000 2813 2612 10000 10000
63 2744 10000 10000 10000 10000 10000 10000 10000 1510
64 2999 10000 10000 10000 10000 2100 1950 10000 10000
65 735 1470 10000 10000 10000 515 478 441 405
66 735 1470 10000 10000 10000 515 478 441 405
67 735 10000 10000 1103 919 10000 10000 441 405
68 735 10000 10000 10000 10000 10000 478 10000 405
69 545 10000 954 10000 682 10000 355 10000 300
70 3386 10000 10000 5079 4233 10000 2201 2032 1863
71 3234 10000 5660 4851 4043 10000 2103 1941 1779
72 2205 10000 3859 10000 10000 10000 1434 10000 10000
73 2206 10000 10000 10000 10000 10000 10000 1324 1214
74 490 10000 10000 10000 10000 10000 10000 10000 10000
75 825 10000 10000 10000 10000 10000 537 10000 10000
76 3528 10000 10000 5292 10000 10000 2294 2117 1941
77 3568 10000 10000 10000 10000 10000 2320 10000 10000
78 1200 10000 2100 10000 10000 840 780 10000 660
79 618 10000 1082 10000 773 10000 402 10000 340
80 1470 10000 10000 10000 10000 1029 956 10000 809
81 1715 10000 10000 10000 10000 10000 1115 1029 10000
82 735 10000 10000 10000 919 10000 478 10000 405
83 1960 10000 10000 10000 2450 1372 10000 1176 1078
84 2889 10000 10000 10000 3612 10000 10000 1734 1589
85 618 10000 10000 10000 10000 10000 10000 10000 340
86 490 980 10000 735 10000 343 10000 294 10000
87 735 10000 10000 10000 10000 10000 10000 10000 10000
88 490 10000 10000 10000 10000 343 10000 10000 270
89 921 10000 10000 10000 10000 645 10000 553 507
90 326 10000 10000 10000 408 10000 10000 10000 180
91 5390 10780 10000 8085 10000 3773 10000 3234 2965
92 243 10000 10000 10000 10000 10000 158 10000 134
93 371 10000 10000 10000 10000 10000 242 10000 10000
94 58 116 10000 10000 10000 41 10000 35 10000
95 5059 10000 10000 10000 6324 10000 10000 10000 2783
96 1225 10000 10000 10000 10000 10000 10000 10000 10000
97 769 10000 10000 10000 10000 10000 10000 10000 423
98 768 10000 10000 10000 960 10000 10000 10000 423
99 1670 10000 2923 2505 2088 10000 1086 1002 919
100 1670 10000 10000 10000 10000 10000 10000 10000 919
101 490 10000 858 10000 10000 10000 319 294 10000
102 202 404 354 10000 10000 142 132 10000 10000
103 203 10000 10000 305 254 10000 10000 122 112
104 202 10000 10000 303 10000 142 10000 122 10000
105 2744 10000 10000 10000 10000 10000 10000 10000 1510
106 162 10000 10000 10000 10000 10000 10000 10000 10000
107 324 10000 10000 10000 10000 10000 211 10000 10000
108 162 10000 10000 10000 10000 10000 10000 98 10000
109 121 10000 212 10000 10000 85 79 73 10000
110 162 10000 10000 10000 203 10000 106 10000 90
111 91 182 10000 10000 10000 64 10000 10000 51
<precedence relations>
1,2
2,3
3,4
4,5
4,6
4,7
4,8
4,9
4,10
5,39
6,39
7,83
8,71
9,32
10,11
10,12
11,13
11,14
11,15
11,16
11,17
11,18
11,19
11,20
11,21
12,13
12,14
12,15
12,16
12,17
12,18
12,19
12,20
12,21
13,71
14,22
14,23
14,24
14,25
15,26
16,27
17,28
18,29
19,30
20,91
21,111
22,31
22,83
23,32
23,33
24,69
24,70
25,34
26,82
27,35
28,36
29,37
30,38
31,39
32,41
33,111
34,42
35,43
36,44
36,91
37,45
37,91
38,46
38,91
39,40
40,111
41,69
41,70
42,47
43,48
43,49
44,50
45,51
46,52
47,54
47,55
47,56
47,57
47,58
47,59
47,60
48,53
49,91
50,111
51,111
52,111
53,111
54,69
54,70
55,61
55,62
55,63
56,63
56,64
57,65
57,91
58,66
58,91
59,67
59,91
60,68
60,91
61,69
61,70
62,71
63,111
64,72
65,111
66,111
67,111
68,111
69,77
69,78
70,73
71,91
72,74
73,75
74,76
75,77
75,78
75,79
76,80
76,81
76,82
77,83
78,84
79,85
80,86
80,91
81,87
81,91
82,111
83,91
84,88
84,89
84,91
85,111
86,111
87,90
88,105
89,105
90,111
91,92
91,93
91,94
92,95
93,95
94,95
95,96
95,97
95,98
95,99
95,100
95,104
96,101
97,102
98,103
99,111
100,111
101,105
102,106
102,107
103,107
103,108
104,111
105,111
106,109
107,111
108,110
109,111
110,111
<end>