<number of tasks>
111
<number of stations>
24
<type of the robots>
4
<cost of the robots>
10.06
14.77
18.90
19.55
<task times>
1 1960 3920 10000 10000 10000 1372 10000 10000 10000
2 1715 10000 3002 10000 10000 1201 1115 10000 10000
3 735 1470 10000 10000 10000 515 478 10000 10000
4 1715 3430 10000 10000 2144 1201 10000 10000 944
5 490 980 10000 10000 613 343 10000 10000 270
6 1225 10000 10000 1838 10000 858 797 735 10000
7 169 10000 10000 254 212 10000 10000 102 93
8 2252 10000 10000 10000 2815 10000 10000 1352 1239
9 1225 10000 10000 10000 1532 858 10000 10000 674
10 2319 10000 10000 10000 10000 10000 10000 10000 10000
11 1715 10000 10000 10000 10000 10000 10000 1029 10000
12 980 10000 10000 10000 10000 10000 10000 588 539
13 735 10000 1287 10000 10000 10000 478 10000 10000
14 2281 10000 10000 10000 2852 1597 1483 1369 1255
15 2750 10000 4813 10000 3438 10000 1788 10000 1513
16 77 10000 10000 10000 10000 10000 10000 10000 10000
17 89 10000 10000 10000 10000 63 10000 10000 10000
18 51 10000 10000 10000 10000 36 10000 10000 10000
19 364 10000 10000 10000 455 10000 10000 10000 201
20 405 10000 10000 10000 10000 10000 10000 10000 10000
21 3060 10000 10000 10000 3825 10000 10000 1836 1683
22 125 10000 10000 10000 10000 10000 10000 75 69
23 3429 10000 10000 10000 10000 10000 10000 10000 1886
24 43 86 10000 10000 10000 31 10000 10000 24
25 3430 10000 6003 5145 10000 2401 2230 2058 10000
26 1960 10000 10000 10000 10000 10000 10000 10000 10000
27 29 58 10000 10000 10000 21 10000 10000 10000
28 27 10000 48 41 10000 10000 18 17 15
29 15 10000 10000 10000 19 10000 10000 10000 9
30 121 10000 10000 10000 152 10000 10000 10000 67
31 1715 10000 10000 10000 10000 10000 10000 10000 10000
32 2127 10000 10000 10000 2659 1489 1383 10000 1170
33 1470 2940 10000 10000 10000 1029 956 882 10000
34 4037 10000 10000 10000 10000 10000 2625 2423 10000
35 68 136 10000 10000 10000 48 10000 41 10000
36 62 10000 10000 10000 10000 10000 41 38 35
37 42 84 74 10000 10000 30 28 10000 10000
38 364 10000 637 10000 455 10000 237 219 201
39 4998 10000 10000 10000 10000 10000 10000 10000 2749
40 1470 10000 10000 10000 10000 10000 956 10000 10000
41 2963 10000 10000 4445 3704 10000 1926 1778 1630
42 5689 11378 9956 10000 10000 3983 3698 10000 10000
43 68 10000 10000 10000 10000 48 45 41 10000
44 18 36 10000 10000 10000 13 10000 11 10000
45 10 10000 10000 10000 10000 10000 10000 10000 6
46 81 10000 10000 122 10000 10000 10000 49 10000
47 5200 10400 10000 10000 10000 3640 10000 10000 2860
48 39 78 10000 10000 10000 28 10000 10000 10000
49 67 134 10000 101 10000 47 10000 41 10000
50 27 10000 48 10000 10000 19 18 10000 10000
51 15 10000 10000 10000 10000 10000 10000 10000 10000
52 121 10000 212 182 152 85 79 73 67
53 58 10000 10000 10000 10000 41 10000 10000 10000
54 1715 10000 10000 2573 10000 10000 10000 1029 944
55 125 10000 10000 10000 10000 10000 82 10000 69
56 4010 10000 10000 10000 10000 10000 10000 2406 2206
57 1470 10000 2573 10000 10000 10000 956 882 809
58 1470 10000 10000 10000 1838 1029 10000 10000 809
59 2303 4606 4031 10000 10000 1613 1497 10000 1267
60 1960 10000 10000 10000 10000 1372 1274 10000 10000
61 2205 10000 10000 10000 10000 1544 10000 10000 10000
62 4018 10000 10000 10000 5023 10000 10000 10000 2210
63 2744 10000 10000 4116 10000 10000 1784 1647 1510
64 2999 10000 10000 10000 10000 10000 1950 10000 10000
65 735 10000 10000 10000 10000 10000 478 441 10000
66 735 10000 10000 10000 919 10000 10000 441 405
67 735 10000 10000 1103 919 515 10000 441 405
68 735 10000 10000 1103 10000 10000 478 441 405
69 545 10000 10000 10000 10000 10000 10000 10000 10000
70 3386 10000 5926 10000 10000 10000 2201 10000 10000
71 3234 10000 10000 10000 10000 10000 10000 10000 10000
72 2205 10000 10000 10000 2757 1544 10000 1323 1213
73 2206 10000 10000 10000 10000 10000 10000 10000 10000
74 490 980 10000 10000 10000 343 319 10000 10000
75 825 10000 10000 10000 10000 578 10000 10000 454
76 3528 7056 10000 5292 4410 2470 10000 2117 1941
77 3568 10000 10000 10000 10000 10000 10000 2141 1963
78 1200 10000 2100 1800 1500 840 780 720 660
79 618 10000 10000 10000 10000 10000 10000 371 10000
80 1470 10000 10000 10000 10000 1029 10000 882 809
81 1715 10000 10000 10000 10000 1201 1115 10000 944
82 735 10000 10000 10000 10000 10000 10000 441 10000
83 1960 10000 3430 2940 10000 1372 1274 1176 1078
84 2889 5778 10000 10000 10000 2023 10000 10000 10000
85 618 10000 10000 10000 10000 433 402 10000 10000
86 490 10000 10000 10000 613 10000 10000 10000 270
87 735 10000 10000 10000 10000 515 478 10000 10000
88 490 10000 858 735 613 10000 319 294 270
89 921 10000 1612 10000 10000 10000 599 10000 507
90 326 10000 10000 10000 10000 229 10000 196 10000
91 5390 10000 10000 10000 6738 10000 10000 10000 2965
92 243 10000 10000 10000 10000 10000 158 10000 10000
93 371 10000 10000 10000 10000 10000 10000 223 205
94 58 116 10000 10000 73 41 10000 10000 32
95 5059 10000 8854 10000 10000 3542 3289 10000 10000
96 1225 10000 10000 10000 10000 10000 10000 10000 10000
97 769 1538 10000 10000 10000 539 500 462 423
98 768 10000 10000 10000 10000 10000 500 10000 10000
99 1670 10000 10000 2505 10000 1169 10000 1002 919
100 1670 3340 10000 2505 10000 1169 10000 1002 10000
101 490 980 10000 735 10000 343 10000 294 270
102 202 10000 354 10000 253 142 132 122 112
103 203 10000 356 305 10000 10000 132 122 112
104 202 10000 10000 10000 253 142 132 122 112
105 2744 10000 4802 10000 10000 10000 1784 10000 1510
106 162 10000 10000 10000 203 114 10000 98 90
107 324 648 10000 10000 10000 227 211 195 10000
108 162 10000 10000 10000 203 10000 106 10000 90
109 121 10000 10000 10000 152 10000 10000 10000 67
110 162 324 10000 10000 203 114 10000 10000 90
111 91 10000 10000 10000 10000 10000 10000 10000 51
<precedence relations>
1,2
2,3
3,4
4,5
4,6
4,7
4,8
4,9
4,10
5,39
6,39
7,83
8,71
9,32
10,11
10,12
11,13
11,14
11,15
11,16
11,17
11,18
11,19
11,20
11,21
12,13
12,14
12,15
12,16
12,17
12,18
12,19
12,20
12,21
13,71
14,22
14,23
14,24
14,25
15,26
16,27
17,28
18,29
19,30
20,91
21,111
22,31
22,83
23,32
23,33
24,69
24,70
25,34
26,82
27,35
28,36
29,37
30,38
31,39
32,41
33,111
34,42
35,43
36,44
36,91
37,45
37,91
38,46
38,91
39,40
40,111
41,69
41,70
42,47
43,48
43,49
44,50
45,51
46,52
47,54
47,55
47,56
47,57
47,58
47,59
47,60
48,53
49,91
50,111
51,111
52,111
53,111
54,69
54,70
55,61
55,62
55,63
56,63
56,64
57,65
57,91
58,66
58,91
59,67
59,91
60,68
60,91
61,69
61,70
62,71
63,111
64,72
65,111
66,111
67,111
68,111
69,77
69,78
70,73
71,91
72,74
73,75
74,76
75,77
75,78
75,79
76,80
76,81
76,82
77,83
78,84
79,85
80,86
80,91
81,87
81,91
82,111
83,91
84,88
84,89
84,91
85,111
86,111
87,90
88,105
89,105
90,111
91,92
91,93
91,94
92,95
93,95
94,95
95,96
95,97
95,98
95,99
95,100
95,104
96,101
97,102
98,103
99,111
100,111
101,105
102,106
102,107
103,107
103,108
104,111
105,111
106,109
107,111
108,110
109,111
110,111
<end>