<number of tasks>
148
<number of stations>
28
<type of the robots>
4
<cost of the robots>
10.02
14.02
19.43
20.22
<task times>
1 16 10000 10000 10000 10000 12 10000 10 10000
2 30 60 10000 45 10000 21 20 18 10000
3 7 10000 13 10000 10000 10000 5 10000 10000
4 47 10000 83 10000 10000 10000 31 29 10000
5 29 10000 10000 10000 37 21 19 10000 16
6 8 10000 10000 10000 10 10000 10000 5 5
7 39 10000 69 10000 10000 10000 26 10000 22
8 37 10000 10000 56 47 10000 10000 23 21
9 32 10000 10000 10000 10000 10000 10000 20 10000
10 29 10000 10000 10000 37 10000 10000 10000 16
11 17 10000 10000 10000 10000 10000 10000 10000 10000
12 11 22 20 17 14 8 8 7 7
13 32 10000 10000 10000 10000 23 10000 10000 18
14 15 10000 27 10000 10000 10000 10 10000 9
15 53 10000 10000 10000 67 10000 35 10000 30
16 53 10000 93 10000 67 10000 35 32 30
17 8 16 14 10000 10 6 6 10000 5
18 24 10000 10000 10000 30 10000 10000 15 14
19 24 10000 10000 10000 10000 10000 10000 15 14
20 8 10000 10000 10000 10000 6 10000 5 5
21 7 10000 10000 10000 10000 10000 5 10000 10000
22 8 10000 10000 12 10000 6 10000 5 10000
23 14 10000 10000 10000 10000 10000 10000 10000 10000
24 13 10000 10000 10000 10000 10000 9 10000 10000
25 10 10000 10000 15 10000 10000 10000 6 10000
26 25 10000 10000 10000 10000 18 10000 15 10000
27 11 10000 10000 17 14 10000 8 7 7
28 25 10000 10000 10000 10000 10000 10000 10000 14
29 11 10000 20 10000 10000 8 8 7 10000
30 29 10000 10000 44 10000 10000 10000 18 10000
31 25 10000 44 10000 10000 10000 17 10000 14
32 10 10000 18 10000 10000 10000 7 10000 10000
33 14 28 10000 10000 18 10 10000 10000 8
34 41 10000 10000 62 10000 10000 10000 25 10000
35 42 10000 10000 10000 10000 30 10000 10000 10000
36 47 10000 83 10000 59 33 31 10000 26
37 7 10000 10000 10000 10000 10000 10000 5 4
38 80 10000 10000 10000 10000 56 52 10000 10000
39 7 10000 10000 10000 9 10000 10000 10000 4
40 41 10000 10000 10000 10000 10000 10000 25 10000
41 47 10000 10000 10000 10000 10000 10000 10000 10000
42 16 10000 10000 10000 20 10000 10000 10000 9
43 32 10000 10000 10000 10000 10000 10000 20 18
44 66 10000 10000 99 83 47 10000 40 37
45 80 10000 10000 10000 10000 56 10000 10000 44
46 7 10000 13 10000 9 10000 5 10000 4
47 41 10000 72 10000 10000 10000 27 10000 23
48 13 10000 10000 10000 10000 10000 9 8 10000
49 47 10000 10000 10000 10000 10000 10000 29 10000
50 33 10000 10000 10000 10000 10000 10000 20 10000
51 34 68 10000 10000 10000 24 10000 21 19
52 11 10000 10000 10000 10000 10000 10000 10000 7
53 18 10000 32 27 10000 10000 12 11 10000
54 25 10000 10000 10000 10000 18 10000 15 14
55 7 14 10000 10000 10000 5 5 10000 10000
56 28 10000 10000 10000 10000 10000 10000 10000 10000
57 12 10000 21 10000 10000 10000 8 8 10000
58 52 104 10000 10000 10000 37 10000 10000 10000
59 14 10000 10000 10000 10000 10000 10 9 10000
60 3 10000 10000 10000 10000 10000 2 2 2
61 3 6 6 10000 4 3 2 10000 2
62 8 16 14 12 10000 6 6 5 5
63 16 10000 28 10000 10000 10000 11 10 10000
64 33 66 10000 10000 42 24 10000 20 19
65 8 10000 10000 10000 10000 10000 10000 10000 10000
66 18 10000 32 10000 10000 10000 12 10000 10
67 10 10000 10000 15 13 10000 7 6 6
68 14 10000 10000 10000 10000 10000 10 9 8
69 28 10000 10000 10000 10000 10000 10000 17 10000
70 11 10000 10000 17 10000 10000 10000 7 10000
71 18 10000 10000 10000 10000 10000 10000 11 10000
72 25 10000 10000 38 10000 18 10000 15 14
73 40 80 70 60 10000 28 26 24 22
74 40 10000 70 10000 10000 28 26 10000 10000
75 1 10000 10000 10000 10000 10000 10000 10000 10000
76 5 10 10000 8 10000 4 10000 3 3
77 28 10000 49 10000 10000 10000 19 10000 10000
78 8 10000 10000 10000 10 10000 6 5 5
79 81 162 10000 122 10000 57 53 49 45
80 7 10000 10000 10000 10000 5 10000 10000 4
81 26 52 10000 10000 10000 19 10000 16 15
82 10 20 10000 15 10000 7 7 6 6
83 21 42 10000 10000 10000 15 10000 13 10000
84 26 10000 10000 10000 33 10000 10000 10000 15
85 20 10000 10000 10000 10000 14 10000 10000 10000
86 21 10000 10000 10000 27 10000 10000 10000 12
87 47 10000 10000 71 10000 10000 31 29 10000
88 23 10000 41 10000 10000 10000 15 10000 13
89 13 10000 10000 10000 10000 10000 10000 10000 8
90 19 10000 10000 10000 10000 10000 10000 12 10000
91 15 10000 10000 10000 10000 10000 10000 9 9
92 35 10000 62 10000 10000 25 23 10000 10000
93 26 10000 10000 10000 10000 19 10000 16 15
94 46 10000 81 10000 10000 10000 30 10000 26
95 20 10000 10000 10000 25 10000 10000 12 11
96 31 10000 55 47 10000 22 21 19 10000
97 19 10000 34 10000 10000 10000 13 12 11
98 34 68 10000 10000 10000 24 23 10000 10000
99 51 10000 90 10000 64 10000 34 31 29
100 39 78 10000 59 10000 28 10000 24 22
101 30 10000 10000 10000 10000 10000 10000 10000 17
102 26 52 10000 10000 33 19 10000 16 15
103 13 26 10000 20 10000 10 10000 8 10000
104 45 10000 10000 10000 57 32 10000 10000 25
105 58 10000 10000 10000 10000 41 38 10000 10000
106 28 56 10000 10000 10000 20 10000 10000 16
107 8 10000 10000 12 10000 10000 10000 5 10000
108 83 10000 146 125 104 10000 54 50 46
109 40 10000 10000 10000 50 28 10000 10000 22
110 34 10000 10000 10000 10000 10000 10000 10000 10000
111 23 46 10000 10000 10000 17 10000 10000 10000
112 62 10000 109 10000 10000 10000 41 10000 35
113 11 10000 10000 10000 10000 8 10000 10000 7
114 19 10000 10000 10000 10000 14 10000 12 10000
115 14 28 25 21 10000 10 10 9 10000
116 31 62 10000 10000 39 22 10000 19 18
117 32 10000 10000 10000 10000 10000 21 10000 10000
118 26 10000 10000 10000 10000 10000 10000 10000 15
119 55 10000 10000 10000 69 10000 10000 10000 31
120 31 10000 10000 47 10000 22 10000 19 18
121 32 64 56 10000 10000 23 21 10000 10000
122 26 10000 46 10000 10000 10000 17 10000 15
123 19 10000 10000 29 10000 10000 10000 12 10000
124 14 10000 10000 10000 10000 10000 10 10000 10000
125 19 10000 10000 29 10000 10000 13 12 10000
126 48 10000 10000 10000 60 10000 32 10000 27
127 55 110 10000 10000 10000 39 36 10000 10000
128 8 10000 10000 10000 10000 10000 6 5 10000
129 11 10000 20 10000 10000 8 8 10000 10000
130 27 54 48 10000 34 19 18 17 15
131 18 10000 10000 10000 10000 13 10000 11 10000
132 36 10000 10000 10000 10000 26 24 22 10000
133 23 46 41 35 10000 17 15 14 13
134 20 10000 10000 30 10000 10000 10000 12 11
135 46 10000 10000 69 10000 10000 10000 28 26
136 64 10000 10000 10000 10000 45 10000 10000 10000
137 22 10000 39 10000 10000 10000 15 14 10000
138 15 10000 10000 23 10000 10000 10000 9 10000
139 34 10000 10000 10000 10000 24 23 10000 10000
140 22 10000 10000 33 10000 10000 10000 14 13
141 51 102 10000 77 64 36 10000 31 29
142 48 10000 84 10000 10000 10000 32 29 27
143 64 10000 10000 10000 10000 10000 10000 10000 36
144 70 10000 10000 10000 10000 10000 10000 10000 39
145 37 10000 65 10000 47 10000 25 10000 21
146 64 10000 10000 96 10000 10000 10000 39 10000
147 78 10000 10000 10000 98 10000 10000 47 43
148 78 10000 10000 10000 10000 10000 10000 47 43
<precedence relations>
1,5
1,6
1,7
1,8
2,3
3,4
3,5
3,6
3,7
4,8
5,14
6,9
7,14
8,10
9,14
10,14
11,12
12,13
14,15
14,16
15,17
16,17
17,18
17,19
18,20
19,20
20,21
20,22
20,23
20,24
21,25
21,26
21,27
21,28
22,25
22,26
22,27
22,28
23,25
23,26
23,27
23,28
24,25
24,26
24,27
24,28
25,29
26,29
27,29
28,29
29,31
31,36
32,34
33,35
34,36
35,36
36,37
37,38
37,45
38,39
39,40
40,41
40,48
40,54
42,43
43,44
45,46
46,47
47,48
47,49
47,54
50,51
51,53
51,69
52,53
54,55
54,72
54,76
54,89
54,90
55,133
56,73
57,82
58,86
58,88
59,75
59,89
61,62
62,63
63,67
64,65
64,71
64,72
65,66
65,99
66,67
67,68
68,95
68,98
69,79
70,71
72,134
73,86
73,88
73,89
73,90
73,96
74,75
75,90
75,97
76,77
77,78
78,82
79,80
79,85
79,143
79,146
80,81
81,82
82,83
83,84
84,106
86,87
90,111
91,105
92,135
95,101
96,104
98,101
99,100
100,101
101,102
101,103
102,127
103,127
105,119
106,107
107,108
108,109
109,110
111,112
112,113
113,114
113,116
113,120
113,123
113,128
114,115
115,125
116,117
117,118
118,126
120,121
121,122
122,126
123,124
124,125
128,129
129,130
130,131
130,137
132,135
133,135
134,135
135,136
138,139
139,140
141,142
142,143
142,146
142,147
142,148
144,145
145,147
145,148
<end>