<number of tasks>
32
<number of stations>
10
<type of the robots>
4
<cost of the robots>
10.57
15.22
18.41
21.02
<task times>
1 458 916 10000 687 573 321 298 275 252
2 276 10000 10000 10000 345 10000 10000 10000 152
3 520 10000 10000 780 650 10000 10000 312 286
4 1400 2800 10000 10000 10000 980 10000 10000 10000
5 352 10000 10000 10000 440 10000 10000 212 194
6 196 392 10000 10000 10000 138 10000 118 10000
7 214 10000 375 10000 268 10000 140 10000 118
8 456 912 10000 684 10000 320 10000 274 10000
9 646 10000 1131 10000 10000 10000 420 388 10000
10 512 10000 10000 768 10000 10000 10000 308 10000
11 408 10000 10000 10000 10000 10000 10000 245 225
12 262 10000 10000 10000 10000 10000 171 10000 10000
13 544 10000 10000 10000 10000 10000 10000 10000 10000
14 202 404 354 10000 10000 142 132 122 10000
15 458 10000 10000 10000 10000 10000 10000 10000 10000
16 694 10000 10000 10000 10000 10000 10000 417 382
17 616 10000 10000 10000 10000 10000 401 370 10000
18 678 10000 1187 10000 10000 10000 441 407 373
19 328 10000 10000 10000 10000 10000 10000 10000 181
20 324 10000 10000 10000 10000 10000 10000 10000 10000
21 100 200 10000 10000 125 70 10000 10000 55
22 352 704 616 10000 10000 247 229 10000 10000
23 544 10000 10000 10000 10000 10000 354 10000 10000
24 500 10000 10000 750 10000 10000 10000 300 275
25 382 764 669 10000 10000 268 249 230 211
26 858 10000 10000 10000 10000 10000 558 515 10000
27 388 776 10000 582 10000 272 10000 233 214
28 352 10000 10000 528 440 10000 229 212 194
29 428 856 749 10000 10000 300 279 10000 236
30 238 10000 10000 10000 10000 10000 155 10000 131
31 258 10000 10000 387 10000 10000 10000 155 142
32 196 10000 10000 10000 10000 10000 128 10000 108
<precedence relations>
1,5
2,6
3,9
4,15
5,6
6,7
6,8
6,9
7,21
8,21
9,10
9,11
10,16
11,12
12,13
13,14
13,15
14,16
14,17
15,17
16,18
17,19
18,21
19,20
20,21
21,22
21,23
21,24
22,25
23,32
24,32
25,26
26,27
27,28
28,29
29,30
30,31
31,32
<end>