<number of tasks>
58
<number of stations>
24
<type of the robots>
4
<cost of the robots>
10.03
12.96
17.33
20.54
<task times>
1 10 10000 10000 10000 13 10000 10000 10000 6
2 53 106 10000 10000 10000 38 10000 32 10000
3 41 10000 10000 62 10000 29 27 25 10000
4 36 10000 10000 54 10000 10000 10000 22 10000
5 35 10000 10000 10000 10000 10000 10000 10000 20
6 17 10000 30 10000 10000 12 12 10000 10000
7 34 10000 60 10000 10000 10000 23 10000 10000
8 23 10000 10000 10000 29 17 10000 14 13
9 14 10000 10000 21 10000 10000 10 9 10000
10 52 10000 91 10000 10000 10000 34 10000 10000
11 33 10000 10000 10000 10000 10000 10000 10000 19
12 34 68 10000 51 10000 24 10000 21 19
13 12 10000 10000 18 10000 10000 10000 8 7
14 52 10000 10000 78 10000 10000 34 32 29
15 12 10000 10000 10000 10000 10000 10000 8 10000
16 33 10000 58 10000 10000 10000 22 10000 19
17 44 88 10000 10000 10000 31 10000 10000 10000
18 7 10000 10000 10000 10000 10000 10000 10000 10000
19 15 10000 10000 10000 10000 10000 10000 10000 9
20 13 10000 10000 10000 10000 10000 10000 10000 10000
21 29 10000 10000 10000 10000 10000 10000 18 10000
22 37 10000 10000 10000 10000 10000 10000 23 10000
23 43 86 10000 65 54 31 10000 26 24
24 23 10000 10000 10000 29 10000 10000 10000 13
25 24 10000 10000 10000 30 10000 10000 15 14
26 9 10000 10000 10000 12 7 6 6 5
27 16 10000 10000 10000 10000 10000 10000 10 9
28 12 24 10000 18 15 9 8 8 7
29 26 10000 46 10000 33 19 17 16 15
30 22 10000 10000 10000 10000 16 15 14 10000
31 51 102 10000 10000 64 36 10000 10000 29
32 47 10000 10000 10000 10000 10000 31 29 10000
33 34 10000 10000 10000 10000 10000 10000 10000 19
34 23 10000 41 10000 10000 10000 15 10000 10000
35 12 10000 10000 10000 15 9 10000 8 7
36 52 10000 91 78 10000 10000 34 32 10000
37 12 10000 10000 10000 10000 10000 8 10000 7
38 33 10000 10000 50 10000 10000 10000 20 10000
39 44 10000 10000 10000 10000 10000 10000 10000 10000
40 7 10000 10000 11 10000 5 10000 5 10000
41 15 10000 10000 10000 10000 10000 10000 9 10000
42 13 10000 23 10000 17 10000 9 10000 8
43 29 10000 51 44 37 10000 19 18 16
44 37 10000 10000 10000 47 26 25 10000 21
45 43 86 10000 65 54 31 10000 26 24
46 23 10000 10000 10000 10000 17 10000 14 10000
47 24 10000 10000 36 10000 10000 16 15 14
48 9 10000 10000 10000 10000 10000 10000 10000 5
49 16 10000 28 10000 10000 10000 11 10000 10000
50 12 10000 21 10000 15 10000 8 8 7
51 26 10000 10000 10000 10000 10000 17 16 10000
52 12 10000 10000 18 10000 10000 10000 8 7
53 52 10000 91 10000 65 10000 34 32 29
54 12 10000 21 10000 10000 10000 8 10000 10000
55 33 10000 58 50 10000 10000 22 20 10000
56 44 10000 10000 10000 10000 10000 10000 27 10000
57 7 14 13 10000 10000 5 5 10000 10000
58 15 10000 27 10000 10000 10000 10 10000 9
<precedence relations>
1,9
2,25
3,21
3,22
4,10
5,36
6,23
6,24
7,43
8,44
9,11
11,13
11,14
11,15
12,17
13,17
14,17
15,17
16,18
17,20
18,19
19,23
20,21
20,25
21,26
21,44
22,27
23,31
24,31
25,38
26,29
27,30
28,32
28,33
29,31
30,34
31,36
32,45
33,35
34,36
35,43
36,37
36,38
37,39
37,40
37,41
38,52
39,43
40,43
41,42
42,43
43,45
44,45
45,46
45,48
45,49
46,47
46,50
47,51
48,55
49,58
50,58
51,52
52,53
53,54
54,55
54,56
55,57
56,57
57,58
<end>