<number of tasks>
8
<number of stations>
3
<type of the robots>
4
<cost of the robots>
9.21
13.54
15.78
20.71
<task times>
1 11 10000 10000 17 10000 10000 10000 7 10000
2 17 10000 10000 10000 10000 10000 10000 11 10000
3 9 10000 10000 10000 12 10000 6 10000 5
4 5 10 10000 8 10000 4 4 3 3
5 8 10000 10000 10000 10000 10000 6 5 5
6 12 10000 10000 10000 10000 10000 8 8 10000
7 10 10000 18 10000 10000 7 7 10000 10000
8 3 10000 10000 5 10000 10000 10000 2 2
<precedence relations>
1,2
2,3
2,4
3,5
3,6
4,6
5,7
6,8
<end>