<number of tasks>
94
<number of stations>
26
<type of the robots>
4
<cost of the robots>
9.24
12.54
19.59
24.16
<task times>
1 158 316 10000 10000 198 111 10000 95 87
2 42 10000 74 10000 10000 10000 28 10000 24
3 17 10000 10000 26 10000 12 12 11 10000
4 24 48 10000 10000 30 17 16 10000 14
5 71 142 10000 10000 10000 50 10000 10000 40
6 66 10000 10000 10000 10000 47 10000 40 37
7 50 10000 10000 75 63 10000 10000 30 28
8 55 110 97 83 10000 39 36 33 31
9 30 60 10000 10000 10000 21 10000 18 17
10 28 10000 49 42 10000 10000 19 17 10000
11 113 10000 10000 10000 10000 80 10000 10000 63
12 114 10000 10000 10000 10000 10000 10000 10000 63
13 57 10000 10000 10000 10000 10000 10000 10000 10000
14 65 130 114 10000 10000 46 43 10000 36
15 15 10000 10000 10000 10000 10000 10000 10000 10000
16 11 10000 20 10000 14 10000 8 7 7
17 10 10000 10000 10000 10000 7 10000 10000 10000
18 19 10000 34 10000 10000 14 13 10000 11
19 8 10000 10000 10000 10000 10000 10000 10000 5
20 17 34 10000 10000 10000 12 10000 11 10000
21 57 10000 10000 10000 10000 10000 10000 35 10000
22 40 10000 10000 60 50 10000 26 24 22
23 17 10000 10000 26 22 10000 10000 11 10
24 11 10000 10000 10000 10000 10000 8 7 10000
25 17 10000 10000 10000 10000 10000 10000 11 10
26 27 10000 10000 10000 34 10000 10000 17 15
27 17 10000 10000 10000 22 10000 10000 11 10
28 18 10000 10000 10000 10000 13 10000 10000 10000
29 16 10000 10000 24 20 10000 11 10 9
30 18 10000 32 10000 10000 10000 12 10000 10000
31 50 10000 88 10000 10000 10000 33 10000 28
32 18 36 10000 27 10000 13 10000 11 10
33 13 10000 10000 10000 10000 10000 10000 8 8
34 21 10000 10000 10000 10000 10000 10000 10000 12
35 63 10000 10000 95 79 45 10000 38 35
36 8 10000 10000 10000 10000 10000 6 10000 10000
37 63 126 10000 95 79 45 41 38 35
38 9 10000 10000 10000 12 10000 10000 10000 5
39 20 10000 10000 30 10000 10000 13 12 10000
40 72 10000 10000 10000 10000 10000 10000 10000 10000
41 30 60 10000 10000 10000 21 10000 10000 10000
42 69 10000 10000 104 87 49 10000 42 38
43 27 10000 10000 10000 34 10000 18 10000 15
44 9 18 10000 14 10000 7 6 6 10000
45 41 10000 10000 10000 52 10000 10000 25 23
46 38 76 67 57 10000 27 25 23 10000
47 76 152 133 114 10000 54 50 46 10000
48 31 10000 10000 47 10000 10000 10000 19 18
49 11 10000 10000 10000 10000 10000 10000 10000 10000
50 29 58 10000 10000 37 21 10000 18 16
51 48 10000 10000 10000 60 10000 32 10000 27
52 8 10000 10000 12 10 10000 6 5 5
53 171 342 300 10000 214 120 112 10000 95
54 48 10000 10000 10000 10000 10000 10000 10000 10000
55 43 86 10000 10000 10000 31 28 10000 10000
56 18 10000 10000 10000 10000 10000 10000 11 10000
57 94 188 10000 10000 118 66 62 10000 52
58 9 18 16 10000 10000 7 6 10000 10000
59 19 10000 10000 10000 10000 10000 10000 10000 10000
60 24 10000 10000 10000 10000 10000 10000 15 14
61 8 10000 14 10000 10000 10000 6 10000 5
62 34 10000 10000 10000 43 24 10000 21 19
63 62 10000 10000 10000 78 44 10000 38 35
64 12 10000 21 18 15 9 8 8 7
65 8 10000 10000 10000 10000 10000 10000 5 10000
66 47 10000 10000 10000 59 33 10000 29 26
67 27 10000 48 10000 10000 19 18 10000 10000
68 18 10000 32 27 23 10000 12 11 10
69 52 10000 10000 78 10000 10000 10000 32 10000
70 65 10000 10000 10000 82 10000 10000 39 36
71 72 10000 10000 10000 10000 10000 47 10000 10000
72 51 10000 90 10000 10000 36 34 10000 29
73 58 10000 102 10000 10000 41 38 35 32
74 53 10000 10000 10000 10000 38 10000 10000 10000
75 76 10000 133 10000 10000 10000 50 10000 42
76 93 186 10000 10000 10000 66 10000 10000 52
77 86 172 151 10000 10000 61 56 10000 48
78 76 152 133 10000 10000 54 50 10000 42
79 9 18 10000 10000 10000 7 10000 6 10000
80 14 10000 10000 21 10000 10000 10 9 10000
81 55 10000 10000 83 10000 10000 10000 33 10000
82 32 10000 10000 10000 40 23 21 20 18
83 22 10000 39 10000 10000 10000 15 10000 13
84 35 10000 62 10000 10000 25 23 21 10000
85 63 10000 111 10000 10000 10000 41 10000 10000
86 59 118 104 10000 10000 42 39 10000 10000
87 149 298 10000 10000 10000 105 10000 10000 10000
88 40 10000 10000 10000 50 10000 26 10000 22
89 24 10000 10000 10000 10000 10000 10000 15 14
90 123 10000 216 10000 154 10000 80 10000 68
91 25 10000 10000 10000 32 18 17 15 14
92 115 10000 10000 10000 10000 10000 10000 10000 10000
93 103 10000 181 10000 10000 10000 67 62 10000
94 54 108 10000 10000 10000 38 36 10000 10000
<precedence relations>
1,2
1,3
1,4
1,5
1,6
1,7
1,8
1,9
1,10
2,11
2,17
3,12
4,11
4,16
5,11
5,13
5,16
5,18
6,11
6,13
6,15
6,19
7,42
8,29
9,11
10,19
10,37
10,48
10,50
11,14
12,20
12,52
12,61
13,82
14,21
14,22
14,23
14,24
14,25
14,26
14,27
14,28
14,29
14,30
14,31
14,32
15,81
16,75
17,82
18,75
19,75
20,78
21,39
21,40
21,41
21,53
21,60
21,71
22,38
22,49
22,58
22,72
23,34
23,35
24,37
24,44
25,33
25,56
25,57
25,60
25,63
25,65
25,73
26,41
26,43
27,54
27,55
27,56
27,58
27,62
28,33
28,35
28,40
28,43
28,49
28,51
28,52
28,54
29,75
30,36
30,42
30,59
31,74
32,36
32,44
32,45
32,46
32,47
32,48
32,50
32,60
32,69
33,78
34,78
35,78
36,82
37,61
37,62
37,64
37,66
37,67
37,68
37,69
37,70
37,71
37,72
37,73
38,82
39,82
40,78
41,78
42,74
43,78
44,75
45,75
46,75
46,76
47,75
48,75
49,78
50,75
51,78
52,78
53,76
53,77
54,78
55,77
56,77
57,76
57,77
58,77
59,82
60,77
61,77
62,77
63,77
64,74
65,74
66,75
66,76
67,74
68,82
69,75
69,77
70,76
70,77
71,76
72,76
73,77
74,82
75,82
76,82
77,78
78,79
78,80
79,81
80,81
81,82
82,83
83,84
83,85
84,86
85,86
86,87
87,88
88,89
88,90
89,92
90,91
90,93
92,94
<end>