<number of tasks>
94
<number of stations>
22
<type of the robots>
4
<cost of the robots>
9.44
13.48
20.01
22.03
<task times>
1 158 10000 277 10000 198 10000 103 10000 87
2 42 10000 10000 10000 10000 10000 28 26 10000
3 17 10000 10000 10000 10000 10000 10000 10000 10000
4 24 10000 10000 10000 10000 10000 10000 10000 14
5 71 10000 125 10000 10000 50 47 10000 40
6 66 10000 10000 10000 83 47 10000 40 37
7 50 10000 10000 75 63 35 10000 30 28
8 55 110 10000 10000 69 39 10000 10000 31
9 30 10000 53 45 10000 10000 20 18 17
10 28 10000 10000 10000 10000 10000 10000 17 10000
11 113 10000 10000 10000 10000 10000 10000 10000 10000
12 114 228 10000 10000 10000 80 10000 10000 63
13 57 10000 10000 10000 10000 10000 10000 10000 32
14 65 10000 114 98 10000 10000 43 39 36
15 15 10000 10000 10000 10000 11 10 10000 10000
16 11 10000 10000 10000 10000 8 10000 7 10000
17 10 10000 10000 15 13 10000 7 6 6
18 19 10000 10000 10000 10000 10000 13 10000 11
19 8 10000 10000 12 10000 10000 10000 5 10000
20 17 10000 10000 10000 10000 10000 10000 10000 10000
21 57 10000 100 10000 10000 10000 38 10000 32
22 40 10000 10000 10000 10000 10000 26 10000 10000
23 17 10000 10000 10000 10000 12 10000 11 10000
24 11 10000 10000 10000 10000 10000 10000 10000 10000
25 17 34 10000 10000 10000 12 10000 10000 10000
26 27 10000 10000 10000 34 10000 10000 10000 15
27 17 10000 10000 10000 10000 10000 10000 11 10000
28 18 10000 32 10000 10000 13 12 10000 10
29 16 32 10000 10000 10000 12 10000 10000 9
30 18 10000 10000 10000 10000 10000 12 11 10000
31 50 10000 10000 10000 10000 10000 33 10000 10000
32 18 10000 32 27 23 13 12 11 10
33 13 10000 10000 20 10000 10000 9 8 8
34 21 10000 10000 10000 10000 10000 14 13 10000
35 63 10000 10000 10000 10000 45 10000 38 10000
36 8 10000 10000 12 10000 10000 6 5 10000
37 63 10000 10000 10000 10000 10000 41 10000 10000
38 9 18 10000 10000 12 7 6 10000 5
39 20 10000 10000 10000 25 10000 13 10000 11
40 72 144 10000 10000 10000 51 10000 10000 10000
41 30 10000 10000 10000 10000 21 10000 10000 10000
42 69 10000 10000 10000 10000 10000 10000 42 10000
43 27 54 10000 41 10000 19 10000 17 10000
44 9 18 16 10000 10000 7 6 10000 10000
45 41 82 10000 62 10000 29 27 25 10000
46 38 10000 10000 10000 48 10000 10000 10000 21
47 76 10000 10000 10000 10000 10000 10000 46 10000
48 31 10000 10000 47 39 10000 21 19 18
49 11 10000 10000 17 10000 10000 8 7 7
50 29 58 51 10000 10000 21 19 10000 10000
51 48 10000 84 10000 10000 34 32 10000 27
52 8 10000 10000 10000 10000 6 10000 10000 10000
53 171 10000 10000 257 10000 120 112 103 10000
54 48 10000 84 10000 10000 34 32 10000 27
55 43 10000 76 10000 10000 10000 28 10000 10000
56 18 36 10000 10000 23 13 10000 10000 10
57 94 10000 10000 10000 118 10000 10000 10000 52
58 9 10000 10000 14 12 7 10000 6 5
59 19 10000 10000 29 24 10000 13 12 11
60 24 10000 10000 36 10000 10000 10000 15 10000
61 8 10000 10000 12 10000 10000 6 5 5
62 34 10000 10000 10000 10000 10000 10000 10000 10000
63 62 10000 10000 93 10000 44 41 38 10000
64 12 24 10000 10000 10000 9 10000 8 7
65 8 10000 14 10000 10000 10000 6 10000 10000
66 47 94 10000 10000 10000 33 10000 10000 26
67 27 54 10000 10000 10000 19 10000 10000 10000
68 18 10000 32 10000 10000 10000 12 10000 10
69 52 10000 91 10000 10000 10000 34 10000 10000
70 65 10000 114 10000 10000 10000 43 10000 10000
71 72 10000 10000 108 10000 10000 10000 44 10000
72 51 102 10000 10000 10000 36 10000 10000 10000
73 58 10000 10000 10000 10000 10000 10000 35 10000
74 53 10000 10000 10000 67 38 10000 32 30
75 76 10000 10000 114 10000 10000 10000 46 10000
76 93 10000 10000 140 10000 10000 10000 56 10000
77 86 10000 151 10000 10000 10000 56 10000 10000
78 76 10000 10000 10000 10000 10000 10000 46 10000
79 9 10000 16 10000 12 7 6 10000 5
80 14 28 10000 10000 10000 10 10000 9 10000
81 55 10000 10000 10000 10000 39 10000 33 10000
82 32 10000 10000 10000 10000 10000 10000 10000 18
83 22 10000 39 33 10000 16 15 14 10000
84 35 10000 62 10000 10000 25 23 10000 10000
85 63 10000 10000 10000 79 10000 10000 10000 35
86 59 10000 10000 10000 10000 10000 10000 36 33
87 149 298 10000 10000 10000 105 10000 90 10000
88 40 10000 10000 60 50 10000 10000 24 22
89 24 48 42 36 10000 17 16 15 14
90 123 10000 10000 10000 10000 10000 10000 10000 68
91 25 10000 10000 38 10000 10000 10000 15 10000
92 115 10000 10000 173 10000 81 10000 69 10000
93 103 10000 10000 10000 10000 10000 67 10000 57
94 54 10000 95 10000 10000 10000 36 10000 30
<precedence relations>
1,2
1,3
1,4
1,5
1,6
1,7
1,8
1,9
1,10
2,11
2,17
3,12
4,11
4,16
5,11
5,13
5,16
5,18
6,11
6,13
6,15
6,19
7,42
8,29
9,11
10,19
10,37
10,48
10,50
11,14
12,20
12,52
12,61
13,82
14,21
14,22
14,23
14,24
14,25
14,26
14,27
14,28
14,29
14,30
14,31
14,32
15,81
16,75
17,82
18,75
19,75
20,78
21,39
21,40
21,41
21,53
21,60
21,71
22,38
22,49
22,58
22,72
23,34
23,35
24,37
24,44
25,33
25,56
25,57
25,60
25,63
25,65
25,73
26,41
26,43
27,54
27,55
27,56
27,58
27,62
28,33
28,35
28,40
28,43
28,49
28,51
28,52
28,54
29,75
30,36
30,42
30,59
31,74
32,36
32,44
32,45
32,46
32,47
32,48
32,50
32,60
32,69
33,78
34,78
35,78
36,82
37,61
37,62
37,64
37,66
37,67
37,68
37,69
37,70
37,71
37,72
37,73
38,82
39,82
40,78
41,78
42,74
43,78
44,75
45,75
46,75
46,76
47,75
48,75
49,78
50,75
51,78
52,78
53,76
53,77
54,78
55,77
56,77
57,76
57,77
58,77
59,82
60,77
61,77
62,77
63,77
64,74
65,74
66,75
66,76
67,74
68,82
69,75
69,77
70,76
70,77
71,76
72,76
73,77
74,82
75,82
76,82
77,78
78,79
78,80
79,81
80,81
81,82
82,83
83,84
83,85
84,86
85,86
86,87
87,88
88,89
88,90
89,92
90,91
90,93
92,94
<end>