<number of tasks>
9
<number of stations>
5
<type of the robots>
4
<cost of the robots>
9.68
13.03
17.61
19.53
<task times>
1 6 12 10000 10000 10000 5 10000 4 10000
2 4 10000 7 10000 10000 3 3 10000 3
3 1 10000 2 10000 10000 1 1 10000 1
4 5 10000 9 10000 10000 4 4 10000 10000
5 4 10000 10000 10000 10000 10000 3 10000 10000
6 5 10000 10000 10000 7 10000 4 3 3
7 4 10000 10000 6 5 10000 10000 3 3
8 3 10000 10000 10000 10000 10000 10000 2 2
9 5 10 10000 10000 10000 4 10000 10000 10000
<precedence relations>
1,2
1,3
1,4
2,5
3,6
4,6
5,6
6,7
6,8
7,9
8,9
<end>